* LIGAND DATABASE FILE (OPLS2005)
*
  A      33    35     60     95     170
    1     0 M   P2   _P__     1     1.61000   118.92001  -146.78102
    2     1 S   O2Z  _OP1     2     1.48013   109.56252   165.38845
    3     1 S   O2Z  _OP2     3     1.47968   109.61703    37.29171
    4     1 M   OS   _O5'     4     1.60052   101.35265   -78.69399
    5     4 M   CT   _C5'     5     1.43938   119.01873   -60.11800
    6     5 S   HC   _H5'    23     1.09000   109.50004   -65.10484
    7     5 S   HC   H5''    24     1.09000   109.49998    54.89521
    8     5 M   CT   _C4'     6     1.51534   110.01686   174.89516
    9     8 S   HC   _H4'    25     1.09000   109.50005   175.65765
   10     8 S   OS   _O4'     7     1.45670   108.86954   -67.74103
   11     8 M   CT   _C3'     8     1.52928   115.81910    48.86019
   12    11 M   OS   _O3'     9     1.42274   111.95982    83.18528
   13    11 S   HC   _H3'    26     1.09000   109.50001   -38.34961
   14    11 S   CT   _C2'    10     1.52701   102.08090  -155.27987
   15    14 S   HC   _H2'    27     1.09000   109.50000   170.29096
   16    14 S   OH   _O2'    11     1.40733   110.78870   -76.39986
   17    16 S   HO   HO2'    28     0.96000   109.49999  -180.00000
   18    10 S   CO   _C1'    12     1.41874   109.83450   144.73685
   19    18 S   HC   _H1'    29     1.09000   109.50002   126.25909
   20    18 S   N*   _N9_    13     1.48967   107.99123  -119.92415
   21    20 S   CRAB _C8_    14     1.37690   129.03036    13.44785
   22    21 S   HA   _H8_    30     1.08000   119.99999     0.02798
   23    21 S   NNA  _N7_    15     1.29753   113.93812  -180.00000
   24    23 S   C56B _C5_    16     1.38740   103.99946    -0.00000
   25    24 S   CA   _C6_    17     1.40411   132.44885  -179.92867
   26    25 S   NND  _N6_    18     1.34080   123.44222    -0.09065
   27    26 S   H    _H61    31     1.01000   120.00003  -180.00000
   28    26 S   H    _H62    32     1.01000   120.00002    -0.00000
   29    25 S   NB   _N1_    19     1.34535   117.42313   179.98022
   30    29 S   CQ   _C2_    20     1.31659   120.58669    -0.73355
   31    30 S   HA   _H2_    33     1.08000   120.00002  -178.54209
   32    30 S   NB   _N3_    21     1.35699   126.82491     1.45791
   33    20 S   C56A _C4_    22     1.37000   126.02062  -166.61082
   7   3   2   7  10   5   4  11   6  11   9   5   4   8   5   4
   1   8   3   8   6   3   6   8   8   5   2   1   4   3   2   1
   1
    2     3     4     5     8     6     7  
    3     4     5  
    4     5  
    5     8    10    11     6     7     9  
    8    10    11    12    14    18     6     7     9    13  
    7     9     8    10    11  
    9     8    10    11  
   10    11    12    14    16    18    20     9    13    15    19  
   13    10    11    12    14    18  
   11    12    14    16    18    20    21    33    13    15    19  
   12    14    16    18    20    13    15    17    19  
   14    16    18    13    15  
   15    14    16    18  
   16    18    20    21    33    15    17    19  
   17    19    16    18    20  
   18    20    17    19  
   18  
   20    21    23    24    32    33    19    22  
   20    21    33  
   21    23    24    25    30    32    33    22  
   23    24    25    32    33    22  
   23    24    33  
   24    25    26    29    32    33  
   25    26    29    30    32    33    27    28  
   26    29    30    32    33    27    28    31  
   29    30    33    27    28  
   28    29  
   29  
   30    32    33    31  
   32    33    31  
   32    33  
   33  
    0  
NBON
    1   3.7400   0.2000   1.760000   2.1070   1.8700   0.005000000   0.000000000
    2   2.9800   0.2000  -0.970000   1.6890   1.4900   0.001000000  -0.126889456
    3   2.9800   0.2000  -0.970000   1.6890   1.4900   0.001000000  -0.126889456
    4   2.8500   0.1400  -0.610000   1.7660   1.5600   0.020110767  -0.896042159
    5   3.5000   0.0660   0.080000   1.9750   1.7500   0.005000000  -0.741685710
    6   2.5000   0.0300   0.060000   1.4250   1.2500   0.008598240   0.268726247
    7   2.5000   0.0300   0.060000   1.4250   1.2500   0.008598240   0.268726247
    8   3.5000   0.0660   0.170000   1.9750   1.7500   0.005000000  -0.741685710
    9   2.5000   0.0300   0.030000   1.4250   1.2500   0.008598240   0.268726247
   10   2.9000   0.1400  -0.400000   1.7660   1.5600   0.020110767  -0.896042159
   11   3.5000   0.0660   0.140000   1.9750   1.7500   0.005000000  -0.741685710
   12   2.8500   0.1400  -0.610000   1.7660   1.5600   0.020110767  -0.896042159
   13   2.5000   0.0300   0.060000   1.4250   1.2500   0.008598240   0.268726247
   14   3.5000   0.0660   0.205000   1.9750   1.7500   0.005000000  -0.741685710
   15   2.5000   0.0300   0.060000   1.4250   1.2500   0.008598240   0.268726247
   16   3.1200   0.1700  -0.683000   1.7660   1.5600   0.021068034  -0.322181743
   17   0.5000   0.0300   0.418000   0.9960   0.8600   0.030040813  -0.651083722
   18   3.5000   0.0660   0.450000   1.9750   1.7500   0.005000000  -0.741685710
   19   2.5000   0.0500   0.100000   1.4250   1.2500   0.008598240   0.268726247
   20   3.2500   0.1700  -0.500000   1.8000   1.6000   0.001000000  -0.511443539
   21   3.5000   0.0800   0.200000   2.0020   1.7750   0.001000000  -0.843144165
   22   2.5000   0.0500   0.200000   1.3810   1.2100   0.030040813   0.268726247
   23   3.2500   0.1700  -0.490000   1.8000   1.6000   0.001000000  -0.511443539
   24   3.5000   0.0800   0.150000   2.5000   1.7750   0.001000000  -0.843144165
   25   3.5000   0.0800   0.440000   2.0020   1.7750   0.001000000  -0.843144165
   26   3.2500   0.1700  -0.810000   1.8650   1.6500   0.051222218  -2.220205820
   27   0.5000   0.0300   0.370000   0.9960   0.8600   0.030040813  -0.651083722
   28   0.5000   0.0300   0.370000   0.9960   0.8600   0.030040813  -0.651083722
   29   3.2500   0.1700  -0.530000   1.8000   1.6000   0.001000000  -0.511443539
   30   3.5000   0.0800   0.220000   2.0020   1.7750   0.001000000  -0.843144165
   31   2.5000   0.0500   0.200000   1.3810   1.2100   0.030040813   0.268726247
   32   3.2500   0.1700  -0.550000   1.8000   1.6000   0.001000000  -0.511443539
   33   3.5000   0.0800   0.380000   2.5000   1.7750   0.001000000  -0.843144165
BOND
    1     2   525.000  1.480
    1     3   525.000  1.480
    1     4   230.000  1.697
    4     5   320.000  1.410
    5     8   268.000  1.529
    5     6   340.000  1.090
    5     7   340.000  1.090
    8    10   320.000  1.410
    8    11   268.000  1.529
    8     9   340.000  1.090
   10    18   320.000  1.380
   11    12   320.000  1.410
   11    14   268.000  1.529
   11    13   340.000  1.090
   14    16   320.000  1.410
   14    18   250.000  1.527
   14    15   340.000  1.090
   16    17   553.000  0.945
   18    20   275.000  1.479
   18    19   340.000  1.090
   20    21   440.000  1.371
   20    33   436.000  1.374
   21    23   529.000  1.304
   21    22   367.000  1.080
   23    24   414.000  1.391
   24    25   469.000  1.404
   24    33   447.000  1.419
   25    26   481.000  1.340
   25    29   483.000  1.339
   26    27   434.000  1.010
   26    28   434.000  1.010
   29    30   502.000  1.324
   30    32   502.000  1.324
   30    31   367.000  1.080
   32    33   461.000  1.354
THET
    1     4     5   100.00000  120.50000
    3     1     2   140.00000  119.90000
    4     1     2   100.00000  108.23000
    4     1     3   100.00000  108.23000
    4     5     8    50.00000  109.50000
    4     5     6    35.00000  109.50000
    4     5     7    35.00000  109.50000
    5     8    10    50.00000  109.50000
    5     8    11    58.35000  112.70000
    5     8     9    37.50000  110.70000
    8    10    18    60.00000  109.50000
    8    11    12    50.00000  109.50000
    8    11    14    58.35000  112.70000
    8    11    13    37.50000  110.70000
   10    18    14    90.00000  108.56700
   10    18    20   105.00000  106.22000
   10    18    19    35.00000  109.50000
   11     8    10    50.00000  109.50000
   11    14    16    50.00000  109.50000
   11    14    18    75.00000  109.43000
   11    14    15    37.50000  110.70000
   14    11    12    50.00000  109.50000
   14    16    17    55.00000  108.50000
   14    18    20    75.00000  107.44000
   14    18    19    45.00000  112.01100
   18    14    16    90.00000  111.58700
   18    20    21    70.00000  128.80000
   18    20    33    70.00000  125.80000
   20    21    23    70.00000  113.90000
   20    21    22    35.00000  123.05000
   20    33    24    70.00000  106.20000
   20    33    32    70.00000  126.20000
   21    23    24    70.00000  103.80000
   23    24    25    70.00000  132.40000
   23    24    33    70.00000  110.40000
   24    25    26    70.00000  123.50000
   24    25    29    70.00000  117.30000
   24    33    32    70.00000  127.70000
   25    26    27    35.00000  120.00000
   25    26    28    35.00000  120.00000
   25    29    30    70.00000  118.60000
   29    25    26    70.00000  119.30000
   29    30    32    70.00000  129.10000
   29    30    31    35.00000  115.45000
   30    32    33    70.00000  111.00000
   33    20    21    70.00000  105.40000
   33    24    25    85.00000  116.20000
    6     5     8    37.50000  110.70000
    7     5     8    37.50000  110.70000
    7     5     6    33.00000  107.80000
    9     8    10    35.00000  109.50000
    9     8    11    37.50000  110.70000
   13    11    12    35.00000  109.50000
   13    11    14    37.50000  110.70000
   15    14    16    35.00000  109.50000
   15    14    18    45.00000  108.72000
   19    18    20    55.00000  103.44000
   22    21    23    35.00000  123.05000
   28    26    27    35.00000  120.00000
   31    30    32    35.00000  115.45000
PHI
    1     4     5     8  -2.65550  1.0 1.0
    1     4     5     8  -0.22350 -1.0 2.0
    1     4     5     8   0.24150  1.0 3.0
    1     4     5     6   0.03000  1.0 3.0
    1     4     5     7   0.03000  1.0 3.0
    2     1     4     5   0.00000  1.0 1.0
    3     1     4     5   0.00000  1.0 1.0
    4     5     8    10   1.11900  1.0 1.0
    4     5     8    10  -1.16350 -1.0 2.0
    4     5     8    10  -0.34150  1.0 3.0
    4     5     8    11   0.62750  1.0 1.0
    4     5     8    11  -0.30950 -1.0 2.0
    4     5     8    11   0.27300  1.0 3.0
    4     5     8     9   0.23400  1.0 3.0
    5     8    10    18   0.06250  1.0 1.0
    5     8    10    18  -0.01100 -1.0 2.0
    5     8    10    18   0.28050  1.0 3.0
    5     8    11    12   0.62750  1.0 1.0
    5     8    11    12  -0.30950 -1.0 2.0
    5     8    11    12   0.27300  1.0 3.0
    5     8    11    14   0.56750  1.0 1.0
    5     8    11    14  -0.07550 -1.0 2.0
    5     8    11    14   0.20000  1.0 3.0
    5     8    11    13   0.15000  1.0 3.0
    8    10   -18    14   0.06250  1.0 1.0
    8    10   -18    14  -0.01100 -1.0 2.0
    8    10   -18    14   0.28050  1.0 3.0
    8    10    18    20  -2.37750  1.0 1.0
    8    10    18    20  -0.08150 -1.0 2.0
    8    10    18    20   0.59000  1.0 3.0
    8    10    18    19   0.37050  1.0 3.0
    8    11    14    16   0.86500  1.0 1.0
    8    11    14    16  -0.17500 -1.0 2.0
    8    11    14    16   0.20800  1.0 3.0
    8    11   -14    18   3.97050  1.0 1.0
    8    11    14    15   0.15000  1.0 3.0
   10     8    11    12   1.11900  1.0 1.0
   10     8    11    12  -1.16350 -1.0 2.0
   10     8    11    12  -0.34150  1.0 3.0
   10     8   -11    14   0.62750  1.0 1.0
   10     8   -11    14  -0.30950 -1.0 2.0
   10     8   -11    14   0.27300  1.0 3.0
   10     8    11    13   0.23400  1.0 3.0
   10    18    20    21   0.10350  1.0 1.0
   10    18    20    21  -0.15350 -1.0 2.0
   10    18    20    33   0.10350  1.0 1.0
   10    18    20    33  -0.15350 -1.0 2.0
   11     8   -10    18   0.06250  1.0 1.0
   11     8   -10    18  -0.01100 -1.0 2.0
   11     8   -10    18   0.28050  1.0 3.0
   11    14    16    17  -0.11600  1.0 1.0
   11    14    16    17  -0.09450 -1.0 2.0
   11    14    16    17   0.21250  1.0 3.0
   11    14   -18    10   0.62750  1.0 1.0
   11    14   -18    10  -0.30950 -1.0 2.0
   11    14   -18    10   0.27300  1.0 3.0
   11    14    18    20  -0.64600  1.0 1.0
   11    14    18    20   0.58400 -1.0 2.0
   11    14    18    19   0.15000  1.0 3.0
   12    11    14    16   3.69350  1.0 1.0
   12    11    14    16  -1.82950 -1.0 2.0
   12    11    14    18   0.62750  1.0 1.0
   12    11    14    18  -0.30950 -1.0 2.0
   12    11    14    18   0.27300  1.0 3.0
   12    11    14    15   0.23400  1.0 3.0
   14    18    20    21   1.10250  1.0 1.0
   14    18    20    21   0.01650 -1.0 2.0
   14    18    20    21   0.39100  1.0 3.0
   14    18    20    33   1.10250  1.0 1.0
   14    18    20    33   0.01650 -1.0 2.0
   14    18    20    33   0.39100  1.0 3.0
   16    14    18    10   3.69350  1.0 1.0
   16    14    18    10  -1.82950 -1.0 2.0
   16    14    18    20   2.76900  1.0 1.0
   16    14    18    20  -0.24350 -1.0 2.0
   16    14    18    20  -0.78250  1.0 3.0
   16    14    18    19   0.23400  1.0 3.0
   18    14    16    17  -0.11600  1.0 1.0
   18    14    16    17  -0.09450 -1.0 2.0
   18    14    16    17   0.21250  1.0 3.0
   18    20    21    23   3.62500 -1.0 2.0
   18    20    21    22   3.62500 -1.0 2.0
   18    20    33    24   0.81400  1.0 1.0
   18    20    33    24   1.55550 -1.0 2.0
   18    20    33    32   3.62500 -1.0 2.0
   20    21   -23    24   3.62500 -1.0 2.0
   21    20   -33    24   0.70250  1.0 1.0
   21    20   -33    24   1.56150 -1.0 2.0
   21    20    33    32   3.62500 -1.0 2.0
   21    23    24    25   3.62500 -1.0 2.0
   21    23   -24    33   3.62500 -1.0 2.0
   23    24    25    26   3.62500 -1.0 2.0
   23    24    25    29   3.62500 -1.0 2.0
   23    24   -33    20   3.62500 -1.0 2.0
   23    24    33    32   3.62500 -1.0 2.0
   24    25    26    27   0.70000 -1.0 2.0
   24    25    26    28   0.70000 -1.0 2.0
   24    25   -29    30   3.62500 -1.0 2.0
   25    24    33    20   3.00000 -1.0 2.0
   25    24   -33    32   3.62500 -1.0 2.0
   25    29    30    32   3.62500 -1.0 2.0
   25    29    30    31   3.62500 -1.0 2.0
   26    25    29    30   3.62500 -1.0 2.0
   29    25    26    27   0.70000 -1.0 2.0
   29    25    26    28   0.70000 -1.0 2.0
   29    30    32    33   3.62500 -1.0 2.0
   30    32    33    20   3.62500 -1.0 2.0
   30    32    33    24   3.62500 -1.0 2.0
   33    20   -21    23   3.62500 -1.0 2.0
   33    20    21    22   3.62500 -1.0 2.0
   33    24    25    26   3.62500 -1.0 2.0
   33    24   -25    29   3.62500 -1.0 2.0
    6     5     8    10   0.23400  1.0 3.0
    6     5     8    11   0.15000  1.0 3.0
    6     5     8     9   0.15000  1.0 3.0
    7     5     8    10   0.23400  1.0 3.0
    7     5     8    11   0.15000  1.0 3.0
    7     5     8     9   0.15000  1.0 3.0
    9     8    10    18   0.37050  1.0 3.0
    9     8    11    12   0.23400  1.0 3.0
    9     8    11    14   0.15000  1.0 3.0
    9     8    11    13   0.15000  1.0 3.0
   13    11    14    16   0.23400  1.0 3.0
   13    11    14    18   0.15000  1.0 3.0
   13    11    14    15   0.15000  1.0 3.0
   15    14    16    17   0.19450  1.0 3.0
   15    14    18    10   0.23400  1.0 3.0
   15    14    18    20   0.15000  1.0 3.0
   15    14    18    19   0.15000  1.0 3.0
   19    18    20    21   0.00000  1.0 1.0
   19    18    20    33   0.00000  1.0 1.0
   22    21    23    24   3.62500 -1.0 2.0
   31    30    32    33   3.62500 -1.0 2.0
IPHI
   21    33    20    18   4.00000 -1.0 2.0
   23    22    21    20   1.10000 -1.0 2.0
   25    33    24    23   4.00000 -1.0 2.0
   26    29    25    24   4.00000 -1.0 2.0
   28    25    26    27   1.00000 -1.0 2.0
   32    31    30    29   1.10000 -1.0 2.0
   24    32    33    20   4.00000 -1.0 2.0
END
