* LIGAND DATABASE FILE (OPLS2005)
*
  AB     31    33     57     93     163
    1     0 M   OH   _O5'     1     8.02303   152.83723   147.25517
    2     1 S   HO   HO5'    31     0.96000   163.54611   -45.81605
    3     1 M   CT   _C5'     2     1.43938    79.30780    78.24193
    4     3 S   HC   _H5'    20     1.09000   109.50002   134.41476
    5     3 S   HC   H5''    21     1.09000   109.49999  -105.58529
    6     3 M   CT   _C4'     3     1.51534   110.01686    14.41470
    7     6 S   HC   _H4'    22     1.09000   109.50001   175.65769
    8     6 S   OS   _O4'     4     1.45670   108.86954   -67.74108
    9     6 M   CT   _C3'     5     1.52928   115.81916    48.86017
   10     9 M   OS   _O3'     6     1.42274   111.95981    83.18528
   11     9 S   HC   _H3'    23     1.09000   109.50001   -38.34955
   12     9 S   CT   _C2'     7     1.52701   102.08092  -155.27986
   13    12 S   HC   _H2'    24     1.09000   109.49998   170.29094
   14    12 S   OH   _O2'     8     1.40733   110.78872   -76.39987
   15    14 S   HO   HO2'    25     0.96000   109.49999   180.00000
   16     8 S   CO   _C1'     9     1.41874   109.83450   144.73686
   17    16 S   HC   _H1'    26     1.09000   109.49997   126.25911
   18    16 S   N*   _N9_    10     1.48967   107.99122  -119.92409
   19    18 S   CRAB _C8_    11     1.37690   129.03037    13.44781
   20    19 S   HA   _H8_    27     1.08000   119.99998     0.01978
   21    19 S   NNA  _N7_    12     1.29754   113.93814  -180.00000
   22    21 S   C56B _C5_    13     1.38739   103.99941    -0.00000
   23    22 S   CA   _C6_    14     1.40411   132.44882  -179.93147
   24    23 S   NND  _N6_    15     1.34080   123.44221    -0.08847
   25    24 S   H    _H61    28     1.01000   119.99995  -180.00000
   26    24 S   H    _H62    29     1.01000   119.99999    -0.00000
   27    23 S   NB   _N1_    16     1.34535   117.42313   180.00000
   28    27 S   CQ   _C2_    17     1.31659   120.58671    -0.73329
   29    28 S   HA   _H2_    30     1.08000   120.00002  -178.54209
   30    28 S   NB   _N3_    18     1.35699   126.82490     1.45804
   31    18 S   C56A _C4_    19     1.37000   126.02060  -166.61076
   8   4  10   5   4  11   6  11   9   5   4   8   5   4   1   8
   3   8   6   3   6   8   8   5   2   1   4   3   2   1   1
    3     6     8     9     4     5     7     2  
    3     4     5     6  
    6     8     9    10    12    16     4     5     7    11  
    5     7     6     8     9  
    7     6     8     9  
    8     9    10    12    14    16    18     7    11    13    17  
   11     8     9    10    12    16  
    9    10    12    14    16    18    19    31    11    13    17  
   10    12    14    16    18    11    13    15    17  
   12    14    16    11    13  
   13    12    14    16  
   14    16    18    19    31    13    15    17  
   15    17    14    16    18  
   16    18    15    17  
   16  
   18    19    21    22    30    31    17    20  
   18    19    31  
   19    21    22    23    28    30    31    20  
   21    22    23    30    31    20  
   21    22    31  
   22    23    24    27    30    31  
   23    24    27    28    30    31    25    26  
   24    27    28    30    31    25    26    29  
   27    28    31    25    26  
   26    27  
   27  
   28    30    31    29  
   30    31    29  
   30    31  
   31  
    0  
NBON
    1   3.1200   0.1700  -0.683000   1.7660   1.5600   0.021068034  -0.322181743
    2   0.5000   0.0300   0.418000   0.9960   0.8600   0.030040813  -0.651083722
    3   3.5000   0.0660   0.145000   1.9750   1.7500   0.005000000  -0.741685710
    4   2.5000   0.0300   0.060000   1.4250   1.2500   0.008598240   0.268726247
    5   2.5000   0.0300   0.060000   1.4250   1.2500   0.008598240   0.268726247
    6   3.5000   0.0660   0.170000   1.9750   1.7500   0.005000000  -0.741685710
    7   2.5000   0.0300   0.030000   1.4250   1.2500   0.008598240   0.268726247
    8   2.9000   0.1400  -0.400000   1.7660   1.5600   0.020110767  -0.896042159
    9   3.5000   0.0660   0.140000   1.9750   1.7500   0.005000000  -0.741685710
   10   2.8500   0.1400  -0.610000   1.7660   1.5600   0.020110767  -0.896042159
   11   2.5000   0.0300   0.060000   1.4250   1.2500   0.008598240   0.268726247
   12   3.5000   0.0660   0.205000   1.9750   1.7500   0.005000000  -0.741685710
   13   2.5000   0.0300   0.060000   1.4250   1.2500   0.008598240   0.268726247
   14   3.1200   0.1700  -0.683000   1.7660   1.5600   0.021068034  -0.322181743
   15   0.5000   0.0300   0.418000   0.9960   0.8600   0.030040813  -0.651083722
   16   3.5000   0.0660   0.450000   1.9750   1.7500   0.005000000  -0.741685710
   17   2.5000   0.0500   0.100000   1.4250   1.2500   0.008598240   0.268726247
   18   3.2500   0.1700  -0.500000   1.8000   1.6000   0.001000000  -0.511443539
   19   3.5000   0.0800   0.200000   2.0020   1.7750   0.001000000  -0.843144165
   20   2.5000   0.0500   0.200000   1.3810   1.2100   0.030040813   0.268726247
   21   3.2500   0.1700  -0.490000   1.8000   1.6000   0.001000000  -0.511443539
   22   3.5000   0.0800   0.150000   2.5000   1.7750   0.001000000  -0.843144165
   23   3.5000   0.0800   0.440000   2.0020   1.7750   0.001000000  -0.843144165
   24   3.2500   0.1700  -0.810000   1.8650   1.6500   0.051222218  -2.220205820
   25   0.5000   0.0300   0.370000   0.9960   0.8600   0.030040813  -0.651083722
   26   0.5000   0.0300   0.370000   0.9960   0.8600   0.030040813  -0.651083722
   27   3.2500   0.1700  -0.530000   1.8000   1.6000   0.001000000  -0.511443539
   28   3.5000   0.0800   0.220000   2.0020   1.7750   0.001000000  -0.843144165
   29   2.5000   0.0500   0.200000   1.3810   1.2100   0.030040813   0.268726247
   30   3.2500   0.1700  -0.550000   1.8000   1.6000   0.001000000  -0.511443539
   31   3.5000   0.0800   0.380000   2.5000   1.7750   0.001000000  -0.843144165
BOND
    1     3   320.000  1.410
    1     2   553.000  0.945
    3     6   268.000  1.529
    3     4   340.000  1.090
    3     5   340.000  1.090
    6     8   320.000  1.410
    6     9   268.000  1.529
    6     7   340.000  1.090
    8    16   320.000  1.380
    9    10   320.000  1.410
    9    12   268.000  1.529
    9    11   340.000  1.090
   12    14   320.000  1.410
   12    16   250.000  1.527
   12    13   340.000  1.090
   14    15   553.000  0.945
   16    18   275.000  1.479
   16    17   340.000  1.090
   18    19   440.000  1.371
   18    31   436.000  1.374
   19    21   529.000  1.304
   19    20   367.000  1.080
   21    22   414.000  1.391
   22    23   469.000  1.404
   22    31   447.000  1.419
   23    24   481.000  1.340
   23    27   483.000  1.339
   24    25   434.000  1.010
   24    26   434.000  1.010
   27    28   502.000  1.324
   28    30   502.000  1.324
   28    29   367.000  1.080
   30    31   461.000  1.354
THET
    1     3     6    50.00000  109.50000
    1     3     4    35.00000  109.50000
    1     3     5    35.00000  109.50000
    3     6     8    50.00000  109.50000
    3     6     9    58.35000  112.70000
    3     6     7    37.50000  110.70000
    6     8    16    60.00000  109.50000
    6     9    10    50.00000  109.50000
    6     9    12    58.35000  112.70000
    6     9    11    37.50000  110.70000
    8    16    12    90.00000  108.56700
    8    16    18   105.00000  106.22000
    8    16    17    35.00000  109.50000
    9     6     8    50.00000  109.50000
    9    12    14    50.00000  109.50000
    9    12    16    75.00000  109.43000
    9    12    13    37.50000  110.70000
   12     9    10    50.00000  109.50000
   12    14    15    55.00000  108.50000
   12    16    18    75.00000  107.44000
   12    16    17    45.00000  112.01100
   16    12    14    90.00000  111.58700
   16    18    19    70.00000  128.80000
   16    18    31    70.00000  125.80000
   18    19    21    70.00000  113.90000
   18    19    20    35.00000  123.05000
   18    31    22    70.00000  106.20000
   18    31    30    70.00000  126.20000
   19    21    22    70.00000  103.80000
   21    22    23    70.00000  132.40000
   21    22    31    70.00000  110.40000
   22    23    24    70.00000  123.50000
   22    23    27    70.00000  117.30000
   22    31    30    70.00000  127.70000
   23    24    25    35.00000  120.00000
   23    24    26    35.00000  120.00000
   23    27    28    70.00000  118.60000
   27    23    24    70.00000  119.30000
   27    28    30    70.00000  129.10000
   27    28    29    35.00000  115.45000
   28    30    31    70.00000  111.00000
   31    18    19    70.00000  105.40000
   31    22    23    85.00000  116.20000
    4     3     6    37.50000  110.70000
    5     3     6    37.50000  110.70000
    5     3     4    33.00000  107.80000
    7     6     8    35.00000  109.50000
    7     6     9    37.50000  110.70000
   11     9    10    35.00000  109.50000
   11     9    12    37.50000  110.70000
   13    12    14    35.00000  109.50000
   13    12    16    45.00000  108.72000
   17    16    18    55.00000  103.44000
   20    19    21    35.00000  123.05000
   26    24    25    35.00000  120.00000
   29    28    30    35.00000  115.45000
    2     1     3    55.00000  108.50000
PHI
    1     3     6     8   3.69350  1.0 1.0
    1     3     6     8  -1.82950 -1.0 2.0
    1     3     6     9   0.86500  1.0 1.0
    1     3     6     9  -0.17500 -1.0 2.0
    1     3     6     9   0.20800  1.0 3.0
    1     3     6     7   0.23400  1.0 3.0
    3     6     8    16   0.06250  1.0 1.0
    3     6     8    16  -0.01100 -1.0 2.0
    3     6     8    16   0.28050  1.0 3.0
    3     6     9    10   0.62750  1.0 1.0
    3     6     9    10  -0.30950 -1.0 2.0
    3     6     9    10   0.27300  1.0 3.0
    3     6     9    12   0.56750  1.0 1.0
    3     6     9    12  -0.07550 -1.0 2.0
    3     6     9    12   0.20000  1.0 3.0
    3     6     9    11   0.15000  1.0 3.0
    6     8   -16    12   0.06250  1.0 1.0
    6     8   -16    12  -0.01100 -1.0 2.0
    6     8   -16    12   0.28050  1.0 3.0
    6     8    16    18  -2.37750  1.0 1.0
    6     8    16    18  -0.08150 -1.0 2.0
    6     8    16    18   0.59000  1.0 3.0
    6     8    16    17   0.37050  1.0 3.0
    6     9    12    14   0.86500  1.0 1.0
    6     9    12    14  -0.17500 -1.0 2.0
    6     9    12    14   0.20800  1.0 3.0
    6     9   -12    16   3.97050  1.0 1.0
    6     9    12    13   0.15000  1.0 3.0
    8     6     9    10   1.11900  1.0 1.0
    8     6     9    10  -1.16350 -1.0 2.0
    8     6     9    10  -0.34150  1.0 3.0
    8     6    -9    12   0.62750  1.0 1.0
    8     6    -9    12  -0.30950 -1.0 2.0
    8     6    -9    12   0.27300  1.0 3.0
    8     6     9    11   0.23400  1.0 3.0
    8    16    18    19   0.10350  1.0 1.0
    8    16    18    19  -0.15350 -1.0 2.0
    8    16    18    31   0.10350  1.0 1.0
    8    16    18    31  -0.15350 -1.0 2.0
    9     6    -8    16   0.06250  1.0 1.0
    9     6    -8    16  -0.01100 -1.0 2.0
    9     6    -8    16   0.28050  1.0 3.0
    9    12    14    15  -0.11600  1.0 1.0
    9    12    14    15  -0.09450 -1.0 2.0
    9    12    14    15   0.21250  1.0 3.0
    9    12   -16     8   0.62750  1.0 1.0
    9    12   -16     8  -0.30950 -1.0 2.0
    9    12   -16     8   0.27300  1.0 3.0
    9    12    16    18  -0.64600  1.0 1.0
    9    12    16    18   0.58400 -1.0 2.0
    9    12    16    17   0.15000  1.0 3.0
   10     9    12    14   3.69350  1.0 1.0
   10     9    12    14  -1.82950 -1.0 2.0
   10     9    12    16   0.62750  1.0 1.0
   10     9    12    16  -0.30950 -1.0 2.0
   10     9    12    16   0.27300  1.0 3.0
   10     9    12    13   0.23400  1.0 3.0
   12    16    18    19   1.10250  1.0 1.0
   12    16    18    19   0.01650 -1.0 2.0
   12    16    18    19   0.39100  1.0 3.0
   12    16    18    31   1.10250  1.0 1.0
   12    16    18    31   0.01650 -1.0 2.0
   12    16    18    31   0.39100  1.0 3.0
   14    12    16     8   3.69350  1.0 1.0
   14    12    16     8  -1.82950 -1.0 2.0
   14    12    16    18   2.76900  1.0 1.0
   14    12    16    18  -0.24350 -1.0 2.0
   14    12    16    18  -0.78250  1.0 3.0
   14    12    16    17   0.23400  1.0 3.0
   16    12    14    15  -0.11600  1.0 1.0
   16    12    14    15  -0.09450 -1.0 2.0
   16    12    14    15   0.21250  1.0 3.0
   16    18    19    21   3.62500 -1.0 2.0
   16    18    19    20   3.62500 -1.0 2.0
   16    18    31    22   0.81400  1.0 1.0
   16    18    31    22   1.55550 -1.0 2.0
   16    18    31    30   3.62500 -1.0 2.0
   18    19   -21    22   3.62500 -1.0 2.0
   19    18   -31    22   0.70250  1.0 1.0
   19    18   -31    22   1.56150 -1.0 2.0
   19    18    31    30   3.62500 -1.0 2.0
   19    21    22    23   3.62500 -1.0 2.0
   19    21   -22    31   3.62500 -1.0 2.0
   21    22    23    24   3.62500 -1.0 2.0
   21    22    23    27   3.62500 -1.0 2.0
   21    22   -31    18   3.62500 -1.0 2.0
   21    22    31    30   3.62500 -1.0 2.0
   22    23    24    25   0.70000 -1.0 2.0
   22    23    24    26   0.70000 -1.0 2.0
   22    23   -27    28   3.62500 -1.0 2.0
   23    22    31    18   3.00000 -1.0 2.0
   23    22   -31    30   3.62500 -1.0 2.0
   23    27    28    30   3.62500 -1.0 2.0
   23    27    28    29   3.62500 -1.0 2.0
   24    23    27    28   3.62500 -1.0 2.0
   27    23    24    25   0.70000 -1.0 2.0
   27    23    24    26   0.70000 -1.0 2.0
   27    28    30    31   3.62500 -1.0 2.0
   28    30    31    18   3.62500 -1.0 2.0
   28    30    31    22   3.62500 -1.0 2.0
   31    18   -19    21   3.62500 -1.0 2.0
   31    18    19    20   3.62500 -1.0 2.0
   31    22    23    24   3.62500 -1.0 2.0
   31    22   -23    27   3.62500 -1.0 2.0
    4     3     6     8   0.23400  1.0 3.0
    4     3     6     9   0.15000  1.0 3.0
    4     3     6     7   0.15000  1.0 3.0
    5     3     6     8   0.23400  1.0 3.0
    5     3     6     9   0.15000  1.0 3.0
    5     3     6     7   0.15000  1.0 3.0
    7     6     8    16   0.37050  1.0 3.0
    7     6     9    10   0.23400  1.0 3.0
    7     6     9    12   0.15000  1.0 3.0
    7     6     9    11   0.15000  1.0 3.0
   11     9    12    14   0.23400  1.0 3.0
   11     9    12    16   0.15000  1.0 3.0
   11     9    12    13   0.15000  1.0 3.0
   13    12    14    15   0.19450  1.0 3.0
   13    12    16     8   0.23400  1.0 3.0
   13    12    16    18   0.15000  1.0 3.0
   13    12    16    17   0.15000  1.0 3.0
   17    16    18    19   0.00000  1.0 1.0
   17    16    18    31   0.00000  1.0 1.0
   20    19    21    22   3.62500 -1.0 2.0
   29    28    30    31   3.62500 -1.0 2.0
    2     1     3     6  -0.11600  1.0 1.0
    2     1     3     6  -0.09450 -1.0 2.0
    2     1     3     6   0.21250  1.0 3.0
    2     1     3     4   0.19450  1.0 3.0
    2     1     3     5   0.19450  1.0 3.0
IPHI
   19    31    18    16   4.00000 -1.0 2.0
   21    20    19    18   1.10000 -1.0 2.0
   23    31    22    21   4.00000 -1.0 2.0
   24    27    23    22   4.00000 -1.0 2.0
   26    23    24    25   1.00000 -1.0 2.0
   30    29    28    27   1.10000 -1.0 2.0
   22    30    31    18   4.00000 -1.0 2.0
END
