* LIGAND DATABASE FILE (OPLS2005)
*
  AE     34    36     61     98     175
    1     0 M   P2   _P__     1     1.61000   118.92001  -146.78102
    2     1 S   O2Z  _OP1     2     1.48013   109.56251   165.38845
    3     1 S   O2Z  _OP2     3     1.47968   109.61702    37.29164
    4     1 M   OS   _O5'     4     1.60052   101.35259   -78.69399
    5     4 M   CT   _C5'     5     1.43938   119.01874   -60.11804
    6     5 S   HC   _H5'    23     1.09000   109.50000   -65.10479
    7     5 S   HC   H5''    24     1.09000   109.49994    54.89523
    8     5 M   CT   _C4'     6     1.51534   110.01686   174.89523
    9     8 S   HC   _H4'    25     1.09000   109.50001   175.65769
   10     8 S   OS   _O4'     7     1.45670   108.86954   -67.74103
   11     8 M   CT   _C3'     8     1.52928   115.81911    48.86020
   12    11 S   HC   _H3'    26     1.09000   109.50004   -38.34959
   13    11 M   OH   _O3'     9     1.42274   111.95981    83.18529
   14    13 S   HO   HO3'    27     0.96000   109.49998   180.00000
   15    11 S   CT   _C2'    10     1.52701   102.08087  -155.27989
   16    15 S   HC   _H2'    28     1.09000   109.49994   170.29092
   17    15 S   OH   _O2'    11     1.40733   110.78875   -76.39988
   18    17 S   HO   HO2'    29     0.96000   109.50000   179.97202
   19    10 S   CO   _C1'    12     1.41874   109.83450   144.73687
   20    19 S   HC   _H1'    30     1.09000   109.50000   126.25910
   21    19 S   N*   _N9_    13     1.48968   107.99120  -119.92413
   22    21 S   CRAB _C8_    14     1.37690   129.03038    13.44785
   23    22 S   HA   _H8_    31     1.08000   120.00003     0.01978
   24    22 S   NNA  _N7_    15     1.29754   113.93817  -180.00000
   25    24 S   C56B _C5_    16     1.38740   103.99936    -0.00000
   26    25 S   CA   _C6_    17     1.40411   132.44876  -179.92867
   27    26 S   NND  _N6_    18     1.34080   123.44225    -0.08847
   28    27 S   H    _H61    32     1.01000   120.00000   180.00000
   29    27 S   H    _H62    33     1.01000   120.00000    -0.00000
   30    26 S   NB   _N1_    19     1.34535   117.42309   179.97202
   31    30 S   CQ   _C2_    20     1.31659   120.58673    -0.73329
   32    31 S   HA   _H2_    34     1.08000   120.00005  -178.54236
   33    31 S   NB   _N3_    21     1.35699   126.82489     1.45777
   34    21 S   C56A _C4_    22     1.37000   126.02061  -166.61075
   7   3   2   7  10   5   4  12   6  11  10   6   5   1   8   5
   4   1   8   3   8   6   3   6   8   8   5   2   1   4   3   2
   1   1
    2     3     4     5     8     6     7  
    3     4     5  
    4     5  
    5     8    10    11     6     7     9  
    8    10    11    13    15    19     6     7     9    12  
    7     9     8    10    11  
    9     8    10    11  
   10    11    13    15    17    19    21     9    12    14    16    20  
   12    10    11    13    15    19  
   11    13    15    17    19    21    22    34    12    16    20  
   13    15    17    19    21    12    14    16    18    20  
   14    16    13    15    17    19  
   15    17    19    14    16  
   15  
   17    19    21    22    34    16    18    20  
   18    20    17    19    21  
   19    21    18    20  
   19  
   21    22    24    25    33    34    20    23  
   21    22    34  
   22    24    25    26    31    33    34    23  
   24    25    26    33    34    23  
   24    25    34  
   25    26    27    30    33    34  
   26    27    30    31    33    34    28    29  
   27    30    31    33    34    28    29    32  
   30    31    34    28    29  
   29    30  
   30  
   31    33    34    32  
   33    34    32  
   33    34  
   34  
    0  
NBON
    1   3.7400   0.2000   1.760000   2.1070   1.8700   0.005000000   0.000000000
    2   2.9800   0.2000  -0.970000   1.6890   1.4900   0.001000000  -0.126889456
    3   2.9800   0.2000  -0.970000   1.6890   1.4900   0.001000000  -0.126889456
    4   2.8500   0.1400  -0.610000   1.7660   1.5600   0.020110767  -0.896042159
    5   3.5000   0.0660   0.080000   1.9750   1.7500   0.005000000  -0.741685710
    6   2.5000   0.0300   0.060000   1.4250   1.2500   0.008598240   0.268726247
    7   2.5000   0.0300   0.060000   1.4250   1.2500   0.008598240   0.268726247
    8   3.5000   0.0660   0.170000   1.9750   1.7500   0.005000000  -0.741685710
    9   2.5000   0.0300   0.030000   1.4250   1.2500   0.008598240   0.268726247
   10   2.9000   0.1400  -0.400000   1.7660   1.5600   0.020110767  -0.896042159
   11   3.5000   0.0660   0.205000   1.9750   1.7500   0.005000000  -0.741685710
   12   2.5000   0.0300   0.060000   1.4250   1.2500   0.008598240   0.268726247
   13   3.1200   0.1700  -0.683000   1.7660   1.5600   0.021068034  -0.322181743
   14   0.5000   0.0300   0.418000   0.9960   0.8600   0.030040813  -0.651083722
   15   3.5000   0.0660   0.205000   1.9750   1.7500   0.005000000  -0.741685710
   16   2.5000   0.0300   0.060000   1.4250   1.2500   0.008598240   0.268726247
   17   3.1200   0.1700  -0.683000   1.7660   1.5600   0.021068034  -0.322181743
   18   0.5000   0.0300   0.418000   0.9960   0.8600   0.030040813  -0.651083722
   19   3.5000   0.0660   0.450000   1.9750   1.7500   0.005000000  -0.741685710
   20   2.5000   0.0500   0.100000   1.4250   1.2500   0.008598240   0.268726247
   21   3.2500   0.1700  -0.500000   1.8000   1.6000   0.001000000  -0.511443539
   22   3.5000   0.0800   0.200000   2.0020   1.7750   0.001000000  -0.843144165
   23   2.5000   0.0500   0.200000   1.3810   1.2100   0.030040813   0.268726247
   24   3.2500   0.1700  -0.490000   1.8000   1.6000   0.001000000  -0.511443539
   25   3.5000   0.0800   0.150000   2.5000   1.7750   0.001000000  -0.843144165
   26   3.5000   0.0800   0.440000   2.0020   1.7750   0.001000000  -0.843144165
   27   3.2500   0.1700  -0.810000   1.8650   1.6500   0.051222218  -2.220205820
   28   0.5000   0.0300   0.370000   0.9960   0.8600   0.030040813  -0.651083722
   29   0.5000   0.0300   0.370000   0.9960   0.8600   0.030040813  -0.651083722
   30   3.2500   0.1700  -0.530000   1.8000   1.6000   0.001000000  -0.511443539
   31   3.5000   0.0800   0.220000   2.0020   1.7750   0.001000000  -0.843144165
   32   2.5000   0.0500   0.200000   1.3810   1.2100   0.030040813   0.268726247
   33   3.2500   0.1700  -0.550000   1.8000   1.6000   0.001000000  -0.511443539
   34   3.5000   0.0800   0.380000   2.5000   1.7750   0.001000000  -0.843144165
BOND
    1     2   525.000  1.480
    1     3   525.000  1.480
    1     4   230.000  1.697
    4     5   320.000  1.410
    5     8   268.000  1.529
    5     6   340.000  1.090
    5     7   340.000  1.090
    8    10   320.000  1.410
    8    11   268.000  1.529
    8     9   340.000  1.090
   10    19   320.000  1.380
   11    13   320.000  1.410
   11    15   268.000  1.529
   11    12   340.000  1.090
   13    14   553.000  0.945
   15    17   320.000  1.410
   15    19   250.000  1.527
   15    16   340.000  1.090
   17    18   553.000  0.945
   19    21   275.000  1.479
   19    20   340.000  1.090
   21    22   440.000  1.371
   21    34   436.000  1.374
   22    24   529.000  1.304
   22    23   367.000  1.080
   24    25   414.000  1.391
   25    26   469.000  1.404
   25    34   447.000  1.419
   26    27   481.000  1.340
   26    30   483.000  1.339
   27    28   434.000  1.010
   27    29   434.000  1.010
   30    31   502.000  1.324
   31    33   502.000  1.324
   31    32   367.000  1.080
   33    34   461.000  1.354
THET
    1     4     5   100.00000  120.50000
    3     1     2   140.00000  119.90000
    4     1     2   100.00000  108.23000
    4     1     3   100.00000  108.23000
    4     5     8    50.00000  109.50000
    4     5     6    35.00000  109.50000
    4     5     7    35.00000  109.50000
    5     8    10    50.00000  109.50000
    5     8    11    58.35000  112.70000
    5     8     9    37.50000  110.70000
    8    10    19    60.00000  109.50000
    8    11    13    50.00000  109.50000
    8    11    15    58.35000  112.70000
    8    11    12    37.50000  110.70000
   10    19    15    90.00000  108.56700
   10    19    21   105.00000  106.22000
   10    19    20    35.00000  109.50000
   11     8    10    50.00000  109.50000
   11    13    14    55.00000  108.50000
   11    15    17    50.00000  109.50000
   11    15    19    75.00000  109.43000
   11    15    16    37.50000  110.70000
   15    11    13    50.00000  109.50000
   15    17    18    55.00000  108.50000
   15    19    21    75.00000  107.44000
   15    19    20    45.00000  112.01100
   19    15    17    90.00000  111.58700
   19    21    22    70.00000  128.80000
   19    21    34    70.00000  125.80000
   21    22    24    70.00000  113.90000
   21    22    23    35.00000  123.05000
   21    34    25    70.00000  106.20000
   21    34    33    70.00000  126.20000
   22    24    25    70.00000  103.80000
   24    25    26    70.00000  132.40000
   24    25    34    70.00000  110.40000
   25    26    27    70.00000  123.50000
   25    26    30    70.00000  117.30000
   25    34    33    70.00000  127.70000
   26    27    28    35.00000  120.00000
   26    27    29    35.00000  120.00000
   26    30    31    70.00000  118.60000
   30    26    27    70.00000  119.30000
   30    31    33    70.00000  129.10000
   30    31    32    35.00000  115.45000
   31    33    34    70.00000  111.00000
   34    21    22    70.00000  105.40000
   34    25    26    85.00000  116.20000
    6     5     8    37.50000  110.70000
    7     5     8    37.50000  110.70000
    7     5     6    33.00000  107.80000
    9     8    10    35.00000  109.50000
    9     8    11    37.50000  110.70000
   12    11    13    35.00000  109.50000
   12    11    15    37.50000  110.70000
   16    15    17    35.00000  109.50000
   16    15    19    45.00000  108.72000
   20    19    21    55.00000  103.44000
   23    22    24    35.00000  123.05000
   29    27    28    35.00000  120.00000
   32    31    33    35.00000  115.45000
PHI
    1     4     5     8  -2.65550  1.0 1.0
    1     4     5     8  -0.22350 -1.0 2.0
    1     4     5     8   0.24150  1.0 3.0
    1     4     5     6   0.03000  1.0 3.0
    1     4     5     7   0.03000  1.0 3.0
    2     1     4     5   0.00000  1.0 1.0
    3     1     4     5   0.00000  1.0 1.0
    4     5     8    10   1.11900  1.0 1.0
    4     5     8    10  -1.16350 -1.0 2.0
    4     5     8    10  -0.34150  1.0 3.0
    4     5     8    11   0.62750  1.0 1.0
    4     5     8    11  -0.30950 -1.0 2.0
    4     5     8    11   0.27300  1.0 3.0
    4     5     8     9   0.23400  1.0 3.0
    5     8    10    19   0.06250  1.0 1.0
    5     8    10    19  -0.01100 -1.0 2.0
    5     8    10    19   0.28050  1.0 3.0
    5     8    11    13   0.86500  1.0 1.0
    5     8    11    13  -0.17500 -1.0 2.0
    5     8    11    13   0.20800  1.0 3.0
    5     8    11    15   0.56750  1.0 1.0
    5     8    11    15  -0.07550 -1.0 2.0
    5     8    11    15   0.20000  1.0 3.0
    5     8    11    12   0.15000  1.0 3.0
    8    10   -19    15   0.06250  1.0 1.0
    8    10   -19    15  -0.01100 -1.0 2.0
    8    10   -19    15   0.28050  1.0 3.0
    8    10    19    21  -2.37750  1.0 1.0
    8    10    19    21  -0.08150 -1.0 2.0
    8    10    19    21   0.59000  1.0 3.0
    8    10    19    20   0.37050  1.0 3.0
    8    11    13    14  -0.11600  1.0 1.0
    8    11    13    14  -0.09450 -1.0 2.0
    8    11    13    14   0.21250  1.0 3.0
    8    11    15    17   0.86500  1.0 1.0
    8    11    15    17  -0.17500 -1.0 2.0
    8    11    15    17   0.20800  1.0 3.0
    8    11   -15    19   3.97050  1.0 1.0
    8    11    15    16   0.15000  1.0 3.0
   10     8    11    13   3.69350  1.0 1.0
   10     8    11    13  -1.82950 -1.0 2.0
   10     8   -11    15   0.62750  1.0 1.0
   10     8   -11    15  -0.30950 -1.0 2.0
   10     8   -11    15   0.27300  1.0 3.0
   10     8    11    12   0.23400  1.0 3.0
   10    19    21    22   0.10350  1.0 1.0
   10    19    21    22  -0.15350 -1.0 2.0
   10    19    21    34   0.10350  1.0 1.0
   10    19    21    34  -0.15350 -1.0 2.0
   11     8   -10    19   0.06250  1.0 1.0
   11     8   -10    19  -0.01100 -1.0 2.0
   11     8   -10    19   0.28050  1.0 3.0
   11    15    17    18  -0.11600  1.0 1.0
   11    15    17    18  -0.09450 -1.0 2.0
   11    15    17    18   0.21250  1.0 3.0
   11    15   -19    10   0.62750  1.0 1.0
   11    15   -19    10  -0.30950 -1.0 2.0
   11    15   -19    10   0.27300  1.0 3.0
   11    15    19    21  -0.64600  1.0 1.0
   11    15    19    21   0.58400 -1.0 2.0
   11    15    19    20   0.15000  1.0 3.0
   13    11    15    17   3.75450  1.0 1.0
   13    11    15    19   0.86500  1.0 1.0
   13    11    15    19  -0.17500 -1.0 2.0
   13    11    15    19   0.20800  1.0 3.0
   13    11    15    16   0.23400  1.0 3.0
   15    11    13    14  -0.11600  1.0 1.0
   15    11    13    14  -0.09450 -1.0 2.0
   15    11    13    14   0.21250  1.0 3.0
   15    19    21    22   1.10250  1.0 1.0
   15    19    21    22   0.01650 -1.0 2.0
   15    19    21    22   0.39100  1.0 3.0
   15    19    21    34   1.10250  1.0 1.0
   15    19    21    34   0.01650 -1.0 2.0
   15    19    21    34   0.39100  1.0 3.0
   17    15    19    10   3.69350  1.0 1.0
   17    15    19    10  -1.82950 -1.0 2.0
   17    15    19    21   2.76900  1.0 1.0
   17    15    19    21  -0.24350 -1.0 2.0
   17    15    19    21  -0.78250  1.0 3.0
   17    15    19    20   0.23400  1.0 3.0
   19    15    17    18  -0.11600  1.0 1.0
   19    15    17    18  -0.09450 -1.0 2.0
   19    15    17    18   0.21250  1.0 3.0
   19    21    22    24   3.62500 -1.0 2.0
   19    21    22    23   3.62500 -1.0 2.0
   19    21    34    25   0.81400  1.0 1.0
   19    21    34    25   1.55550 -1.0 2.0
   19    21    34    33   3.62500 -1.0 2.0
   21    22   -24    25   3.62500 -1.0 2.0
   22    21   -34    25   0.70250  1.0 1.0
   22    21   -34    25   1.56150 -1.0 2.0
   22    21    34    33   3.62500 -1.0 2.0
   22    24    25    26   3.62500 -1.0 2.0
   22    24   -25    34   3.62500 -1.0 2.0
   24    25    26    27   3.62500 -1.0 2.0
   24    25    26    30   3.62500 -1.0 2.0
   24    25   -34    21   3.62500 -1.0 2.0
   24    25    34    33   3.62500 -1.0 2.0
   25    26    27    28   0.70000 -1.0 2.0
   25    26    27    29   0.70000 -1.0 2.0
   25    26   -30    31   3.62500 -1.0 2.0
   26    25    34    21   3.00000 -1.0 2.0
   26    25   -34    33   3.62500 -1.0 2.0
   26    30    31    33   3.62500 -1.0 2.0
   26    30    31    32   3.62500 -1.0 2.0
   27    26    30    31   3.62500 -1.0 2.0
   30    26    27    28   0.70000 -1.0 2.0
   30    26    27    29   0.70000 -1.0 2.0
   30    31    33    34   3.62500 -1.0 2.0
   31    33    34    21   3.62500 -1.0 2.0
   31    33    34    25   3.62500 -1.0 2.0
   34    21   -22    24   3.62500 -1.0 2.0
   34    21    22    23   3.62500 -1.0 2.0
   34    25    26    27   3.62500 -1.0 2.0
   34    25   -26    30   3.62500 -1.0 2.0
    6     5     8    10   0.23400  1.0 3.0
    6     5     8    11   0.15000  1.0 3.0
    6     5     8     9   0.15000  1.0 3.0
    7     5     8    10   0.23400  1.0 3.0
    7     5     8    11   0.15000  1.0 3.0
    7     5     8     9   0.15000  1.0 3.0
    9     8    10    19   0.37050  1.0 3.0
    9     8    11    13   0.23400  1.0 3.0
    9     8    11    15   0.15000  1.0 3.0
    9     8    11    12   0.15000  1.0 3.0
   12    11    13    14   0.19450  1.0 3.0
   12    11    15    17   0.23400  1.0 3.0
   12    11    15    19   0.15000  1.0 3.0
   12    11    15    16   0.15000  1.0 3.0
   16    15    17    18   0.19450  1.0 3.0
   16    15    19    10   0.23400  1.0 3.0
   16    15    19    21   0.15000  1.0 3.0
   16    15    19    20   0.15000  1.0 3.0
   20    19    21    22   0.00000  1.0 1.0
   20    19    21    34   0.00000  1.0 1.0
   23    22    24    25   3.62500 -1.0 2.0
   32    31    33    34   3.62500 -1.0 2.0
IPHI
   22    34    21    19   4.00000 -1.0 2.0
   24    23    22    21   1.10000 -1.0 2.0
   26    34    25    24   4.00000 -1.0 2.0
   27    30    26    25   4.00000 -1.0 2.0
   29    26    27    28   1.00000 -1.0 2.0
   33    32    31    30   1.10000 -1.0 2.0
   25    33    34    21   4.00000 -1.0 2.0
END
