* LIGAND DATABASE FILE (OPLS2005)
*
  GE     35    37     63    103     182
    1     0 M   P2   _P__     1     1.61000   118.91996  -146.78105
    2     1 S   O2Z  _OP1     2     1.48009   109.56217   165.38231
    3     1 S   O2Z  _OP2     3     1.47969   109.61386    37.28576
    4     1 M   OS   _O5'     4     1.60054   101.35382   -78.69393
    5     4 M   CT   _C5'     5     1.43935   119.01446   -60.11809
    6     5 S   HC   _H5'    24     1.09000   109.49997   -65.10000
    7     5 S   HC   H5''    25     1.09000   109.50004    54.89996
    8     5 M   CT   _C4'     6     1.51531   110.01862   174.90011
    9     8 S   HC   _H4'    26     1.09000   109.49998   175.65972
   10     8 S   OS   _O4'     7     1.45673   108.86982   -67.74146
   11     8 M   CT   _C3'     8     1.52927   115.81954    48.85738
   12    11 S   HC   _H3'    27     1.09000   109.50004   -38.34161
   13    11 M   OH   _O3'     9     1.42268   111.95988    83.19234
   14    13 S   HO   HO3'    28     0.96000   109.50004   180.00000
   15    11 S   CT   _C2'    10     1.52697   102.08370  -155.27376
   16    15 S   HC   _H2'    29     1.09000   109.49991   170.30089
   17    15 S   OH   _O2'    11     1.40745   110.78867   -76.39765
   18    17 S   HO   HO2'    30     0.96000   109.50012  -179.97202
   19    10 S   CO   _C1'    12     1.41869   109.83714   144.73460
   20    19 S   HC   _H1'    31     1.09000   109.50009   126.24974
   21    19 S   N*   _N9_    13     1.48970   107.98860  -119.92136
   22    21 S   CRAB _C8_    14     1.37795   129.18187    13.44910
   23    22 S   HA   _H8_    32     1.08000   120.00006    -0.01978
   24    22 S   NNA  _N7_    15     1.31177   113.98207   179.98022
   25    24 S   CB   _C5_    16     1.39472   103.76103    -0.00000
   26    25 S   C    _C6_    17     1.41813   130.09397  -180.00000
   27    26 S   O    _O6_    18     1.22850   128.83595    -0.02798
   28    26 S   NNB  _N1_    19     1.40136   111.41303  -180.00000
   29    28 S   H    _H1_    33     1.01000   119.99995   179.96574
   30    28 S   CDX  _C2_    20     1.38136   125.25183    -0.03426
   31    30 S   NND  _N2_    21     1.33452   116.10373  -179.97202
   32    31 S   H    _H21    34     1.01000   120.00000   180.00000
   33    31 S   H    _H22    35     1.01000   119.99998    -0.00000
   34    30 S   NNC  _N3_    22     1.33106   123.27996     0.01978
   35    21 S   CN   _C4_    23     1.37835   125.60219  -166.57493
   7   3   2   7  10   5   4  12   6  11  10   6   5   1   8   5
   4   1   8   3   8   6   3   6   7   7   4   7   3   5   4   2
   1   1   1
    2     3     4     5     8     6     7  
    3     4     5  
    4     5  
    5     8    10    11     6     7     9  
    8    10    11    13    15    19     6     7     9    12  
    7     9     8    10    11  
    9     8    10    11  
   10    11    13    15    17    19    21     9    12    14    16    20  
   12    10    11    13    15    19  
   11    13    15    17    19    21    22    35    12    16    20  
   13    15    17    19    21    12    14    16    18    20  
   14    16    13    15    17    19  
   15    17    19    14    16  
   15  
   17    19    21    22    35    16    18    20  
   18    20    17    19    21  
   19    21    18    20  
   19  
   21    22    24    25    34    35    20    23  
   21    22    35  
   22    24    25    26    30    34    35    23  
   24    25    26    34    35    23  
   24    25    35  
   25    26    27    28    34    35  
   26    27    28    30    34    35    29  
   27    28    30    31    34    35    29  
   28    30    35    29  
   30    31    34    35    29    32    33  
   30    31    34  
   31    34    35    32    33  
   34    35    32    33  
   33    34  
   34  
   35  
    0  
NBON
    1   3.7400   0.2000   1.760000   2.1070   1.8700   0.005000000   0.000000000
    2   2.9800   0.2000  -0.970000   1.6890   1.4900   0.001000000  -0.126889456
    3   2.9800   0.2000  -0.970000   1.6890   1.4900   0.001000000  -0.126889456
    4   2.8500   0.1400  -0.610000   1.7660   1.5600   0.020110767  -0.896042159
    5   3.5000   0.0660   0.080000   1.9750   1.7500   0.005000000  -0.741685710
    6   2.5000   0.0300   0.060000   1.4250   1.2500   0.008598240   0.268726247
    7   2.5000   0.0300   0.060000   1.4250   1.2500   0.008598240   0.268726247
    8   3.5000   0.0660   0.170000   1.9750   1.7500   0.005000000  -0.741685710
    9   2.5000   0.0300   0.030000   1.4250   1.2500   0.008598240   0.268726247
   10   2.9000   0.1400  -0.400000   1.7660   1.5600   0.020110767  -0.896042159
   11   3.5000   0.0660   0.205000   1.9750   1.7500   0.005000000  -0.741685710
   12   2.5000   0.0300   0.060000   1.4250   1.2500   0.008598240   0.268726247
   13   3.1200   0.1700  -0.683000   1.7660   1.5600   0.021068034  -0.322181743
   14   0.5000   0.0300   0.418000   0.9960   0.8600   0.030040813  -0.651083722
   15   3.5000   0.0660   0.205000   1.9750   1.7500   0.005000000  -0.741685710
   16   2.5000   0.0300   0.060000   1.4250   1.2500   0.008598240   0.268726247
   17   3.1200   0.1700  -0.683000   1.7660   1.5600   0.021068034  -0.322181743
   18   0.5000   0.0300   0.418000   0.9960   0.8600   0.030040813  -0.651083722
   19   3.5000   0.0660   0.450000   1.9750   1.7500   0.005000000  -0.741685710
   20   2.5000   0.0500   0.100000   1.4250   1.2500   0.008598240   0.268726247
   21   3.2500   0.1700  -0.500000   1.8000   1.6000   0.001000000  -0.511443539
   22   3.5000   0.0800   0.200000   2.0020   1.7750   0.001000000  -0.843144165
   23   2.5000   0.0500   0.200000   1.3810   1.2100   0.030040813   0.268726247
   24   3.2500   0.1700  -0.490000   1.8000   1.6000   0.001000000  -0.511443539
   25   3.5000   0.0800   0.120000   2.5000   1.7750   0.001000000  -0.843144165
   26   3.7500   0.1050   0.520000   1.9250   1.7000   0.001000000  -0.126889456
   27   2.9600   0.2100  -0.510000   1.5250   1.4250   0.001000000  -1.480495490
   28   3.2500   0.1700  -0.560000   2.1120   1.8750   0.051222218  -2.220205820
   29   0.0000   0.0000   0.380000   1.5900   1.4000   0.030040813  -0.651083722
   30   3.5000   0.0800   0.460000   2.1120   1.8750   0.001000000  -0.126889456
   31   3.2500   0.1700  -0.800000   2.1120   1.8750   0.051222218  -2.220205820
   32   0.5000   0.0300   0.400000   0.9960   0.8600   0.030040813  -0.651083722
   33   0.5000   0.0300   0.400000   0.9960   0.8600   0.030040813  -0.651083722
   34   3.2500   0.1700  -0.510000   1.9250   1.7000   0.054801302  -2.445846770
   35   3.5000   0.0800   0.340000   2.5000   1.7750   0.001000000  -0.843144165
BOND
    1     2   525.000  1.480
    1     3   525.000  1.480
    1     4   230.000  1.697
    4     5   320.000  1.410
    5     8   268.000  1.529
    5     6   340.000  1.090
    5     7   340.000  1.090
    8    10   320.000  1.410
    8    11   268.000  1.529
    8     9   340.000  1.090
   10    19   320.000  1.380
   11    13   320.000  1.410
   11    15   268.000  1.529
   11    12   340.000  1.090
   13    14   553.000  0.945
   15    17   320.000  1.410
   15    19   250.000  1.527
   15    16   340.000  1.090
   17    18   553.000  0.945
   19    21   275.000  1.479
   19    20   340.000  1.090
   21    22   440.000  1.371
   21    35   436.000  1.374
   22    24   529.000  1.304
   22    23   367.000  1.080
   24    25   414.000  1.391
   25    26   447.000  1.419
   25    35   520.000  1.370
   26    27   570.000  1.229
   26    28   418.000  1.388
   28    30   427.000  1.381
   28    29   434.000  1.010
   30    31   481.000  1.340
   30    34   585.000  1.311
   31    32   434.000  1.010
   31    33   434.000  1.010
   34    35   461.000  1.354
THET
    1     4     5   100.00000  120.50000
    3     1     2   140.00000  119.90000
    4     1     2   100.00000  108.23000
    4     1     3   100.00000  108.23000
    4     5     8    50.00000  109.50000
    4     5     6    35.00000  109.50000
    4     5     7    35.00000  109.50000
    5     8    10    50.00000  109.50000
    5     8    11    58.35000  112.70000
    5     8     9    37.50000  110.70000
    8    10    19    60.00000  109.50000
    8    11    13    50.00000  109.50000
    8    11    15    58.35000  112.70000
    8    11    12    37.50000  110.70000
   10    19    15    90.00000  108.56700
   10    19    21   105.00000  106.22000
   10    19    20    35.00000  109.50000
   11     8    10    50.00000  109.50000
   11    13    14    55.00000  108.50000
   11    15    17    50.00000  109.50000
   11    15    19    75.00000  109.43000
   11    15    16    37.50000  110.70000
   15    11    13    50.00000  109.50000
   15    17    18    55.00000  108.50000
   15    19    21    75.00000  107.44000
   15    19    20    45.00000  112.01100
   19    15    17    90.00000  111.58700
   19    21    22    70.00000  128.80000
   19    21    35    70.00000  125.80000
   21    22    24    70.00000  113.90000
   21    22    23    35.00000  123.05000
   21    35    25    70.00000  106.20000
   21    35    34    70.00000  126.20000
   22    24    25    70.00000  103.80000
   24    25    26    70.00000  130.00000
   24    25    35    70.00000  110.40000
   25    26    27    80.00000  128.80000
   25    26    28    70.00000  111.30000
   25    35    34    70.00000  127.70000
   26    28    30    70.00000  125.20000
   26    28    29    35.00000  116.80000
   28    26    27    80.00000  120.60000
   28    30    31    70.00000  116.00000
   28    30    34    70.00000  123.30000
   30    31    32    35.00000  120.00000
   30    31    33    35.00000  120.00000
   30    34    35    70.00000  112.20000
   34    30    31    70.00000  119.30000
   35    21    22    70.00000  105.40000
   35    25    26    85.00000  119.20000
    6     5     8    37.50000  110.70000
    7     5     8    37.50000  110.70000
    7     5     6    33.00000  107.80000
    9     8    10    35.00000  109.50000
    9     8    11    37.50000  110.70000
   12    11    13    35.00000  109.50000
   12    11    15    37.50000  110.70000
   16    15    17    35.00000  109.50000
   16    15    19    45.00000  108.72000
   20    19    21    55.00000  103.44000
   23    22    24    35.00000  123.05000
   29    28    30    35.00000  118.00000
   33    31    32    35.00000  120.00000
PHI
    1     4     5     8  -2.65550  1.0 1.0
    1     4     5     8  -0.22350 -1.0 2.0
    1     4     5     8   0.24150  1.0 3.0
    1     4     5     6   0.03000  1.0 3.0
    1     4     5     7   0.03000  1.0 3.0
    2     1     4     5   0.00000  1.0 1.0
    3     1     4     5   0.00000  1.0 1.0
    4     5     8    10   1.11900  1.0 1.0
    4     5     8    10  -1.16350 -1.0 2.0
    4     5     8    10  -0.34150  1.0 3.0
    4     5     8    11   0.62750  1.0 1.0
    4     5     8    11  -0.30950 -1.0 2.0
    4     5     8    11   0.27300  1.0 3.0
    4     5     8     9   0.23400  1.0 3.0
    5     8    10    19   0.06250  1.0 1.0
    5     8    10    19  -0.01100 -1.0 2.0
    5     8    10    19   0.28050  1.0 3.0
    5     8    11    13   0.86500  1.0 1.0
    5     8    11    13  -0.17500 -1.0 2.0
    5     8    11    13   0.20800  1.0 3.0
    5     8    11    15   0.56750  1.0 1.0
    5     8    11    15  -0.07550 -1.0 2.0
    5     8    11    15   0.20000  1.0 3.0
    5     8    11    12   0.15000  1.0 3.0
    8    10   -19    15   0.06250  1.0 1.0
    8    10   -19    15  -0.01100 -1.0 2.0
    8    10   -19    15   0.28050  1.0 3.0
    8    10    19    21  -2.37750  1.0 1.0
    8    10    19    21  -0.08150 -1.0 2.0
    8    10    19    21   0.59000  1.0 3.0
    8    10    19    20   0.37050  1.0 3.0
    8    11    13    14  -0.11600  1.0 1.0
    8    11    13    14  -0.09450 -1.0 2.0
    8    11    13    14   0.21250  1.0 3.0
    8    11    15    17   0.86500  1.0 1.0
    8    11    15    17  -0.17500 -1.0 2.0
    8    11    15    17   0.20800  1.0 3.0
    8    11   -15    19   3.97050  1.0 1.0
    8    11    15    16   0.15000  1.0 3.0
   10     8    11    13   3.69350  1.0 1.0
   10     8    11    13  -1.82950 -1.0 2.0
   10     8   -11    15   0.62750  1.0 1.0
   10     8   -11    15  -0.30950 -1.0 2.0
   10     8   -11    15   0.27300  1.0 3.0
   10     8    11    12   0.23400  1.0 3.0
   10    19    21    22   0.10350  1.0 1.0
   10    19    21    22  -0.15350 -1.0 2.0
   10    19    21    35   0.10350  1.0 1.0
   10    19    21    35  -0.15350 -1.0 2.0
   11     8   -10    19   0.06250  1.0 1.0
   11     8   -10    19  -0.01100 -1.0 2.0
   11     8   -10    19   0.28050  1.0 3.0
   11    15    17    18  -0.11600  1.0 1.0
   11    15    17    18  -0.09450 -1.0 2.0
   11    15    17    18   0.21250  1.0 3.0
   11    15   -19    10   0.62750  1.0 1.0
   11    15   -19    10  -0.30950 -1.0 2.0
   11    15   -19    10   0.27300  1.0 3.0
   11    15    19    21  -0.64600  1.0 1.0
   11    15    19    21   0.58400 -1.0 2.0
   11    15    19    20   0.15000  1.0 3.0
   13    11    15    17   3.75450  1.0 1.0
   13    11    15    19   0.86500  1.0 1.0
   13    11    15    19  -0.17500 -1.0 2.0
   13    11    15    19   0.20800  1.0 3.0
   13    11    15    16   0.23400  1.0 3.0
   15    11    13    14  -0.11600  1.0 1.0
   15    11    13    14  -0.09450 -1.0 2.0
   15    11    13    14   0.21250  1.0 3.0
   15    19    21    22   1.10250  1.0 1.0
   15    19    21    22   0.01650 -1.0 2.0
   15    19    21    22   0.39100  1.0 3.0
   15    19    21    35   1.10250  1.0 1.0
   15    19    21    35   0.01650 -1.0 2.0
   15    19    21    35   0.39100  1.0 3.0
   17    15    19    10   3.69350  1.0 1.0
   17    15    19    10  -1.82950 -1.0 2.0
   17    15    19    21   2.76900  1.0 1.0
   17    15    19    21  -0.24350 -1.0 2.0
   17    15    19    21  -0.78250  1.0 3.0
   17    15    19    20   0.23400  1.0 3.0
   19    15    17    18  -0.11600  1.0 1.0
   19    15    17    18  -0.09450 -1.0 2.0
   19    15    17    18   0.21250  1.0 3.0
   19    21    22    24   3.62500 -1.0 2.0
   19    21    22    23   3.62500 -1.0 2.0
   19    21    35    25   0.81400  1.0 1.0
   19    21    35    25   1.55550 -1.0 2.0
   19    21    35    34   3.62500 -1.0 2.0
   21    22   -24    25   3.62500 -1.0 2.0
   22    21   -35    25   0.70250  1.0 1.0
   22    21   -35    25   1.56150 -1.0 2.0
   22    21    35    34   3.62500 -1.0 2.0
   22    24    25    26   3.62500 -1.0 2.0
   22    24   -25    35   3.62500 -1.0 2.0
   24    25    26    27   0.41000 -1.0 2.0
   24    25    26    28   5.37500 -1.0 2.0
   24    25   -35    21   3.62500 -1.0 2.0
   24    25    35    34   3.62500 -1.0 2.0
   25    26   -28    30   1.52500 -1.0 2.0
   25    26    28    29   1.52500 -1.0 2.0
   26    25    35    21   3.62500 -1.0 2.0
   26    25   -35    34   3.62500 -1.0 2.0
   26    28    30    31   3.62500 -1.0 2.0
   26    28    30    34   3.62500 -1.0 2.0
   27    26    28    30   3.04450 -1.0 2.0
   27    26    28    29   2.45000 -1.0 2.0
   28    30    31    32   1.01500 -1.0 2.0
   28    30    31    33   1.01500 -1.0 2.0
   28    30    34    35   3.62500 -1.0 2.0
   30    34    35    21   1.25000 -1.0 2.0
   30    34    35    25   3.62500 -1.0 2.0
   31    30    34    35   3.62500 -1.0 2.0
   34    30    31    32   0.70000 -1.0 2.0
   34    30    31    33   0.70000 -1.0 2.0
   35    21   -22    24   3.62500 -1.0 2.0
   35    21    22    23   3.62500 -1.0 2.0
   35    25    26    27   1.05000 -1.0 2.0
   35    25   -26    28   1.50000 -1.0 2.0
    6     5     8    10   0.23400  1.0 3.0
    6     5     8    11   0.15000  1.0 3.0
    6     5     8     9   0.15000  1.0 3.0
    7     5     8    10   0.23400  1.0 3.0
    7     5     8    11   0.15000  1.0 3.0
    7     5     8     9   0.15000  1.0 3.0
    9     8    10    19   0.37050  1.0 3.0
    9     8    11    13   0.23400  1.0 3.0
    9     8    11    15   0.15000  1.0 3.0
    9     8    11    12   0.15000  1.0 3.0
   12    11    13    14   0.19450  1.0 3.0
   12    11    15    17   0.23400  1.0 3.0
   12    11    15    19   0.15000  1.0 3.0
   12    11    15    16   0.15000  1.0 3.0
   16    15    17    18   0.19450  1.0 3.0
   16    15    19    10   0.23400  1.0 3.0
   16    15    19    21   0.15000  1.0 3.0
   16    15    19    20   0.15000  1.0 3.0
   20    19    21    22   0.00000  1.0 1.0
   20    19    21    35   0.00000  1.0 1.0
   23    22    24    25   3.62500 -1.0 2.0
   29    28    30    31   3.62500 -1.0 2.0
   29    28    30    34   3.62500 -1.0 2.0
IPHI
   22    35    21    19   4.00000 -1.0 2.0
   24    23    22    21   1.10000 -1.0 2.0
   26    35    25    24   4.00000 -1.0 2.0
   25    28    26    27  10.50000 -1.0 2.0
   29    26    28    30   1.00000 -1.0 2.0
   28    31    30    34  10.50000 -1.0 2.0
   33    30    31    32   1.00000 -1.0 2.0
   25    34    35    21   4.00000 -1.0 2.0
END
