* LIGAND DATABASE FILE (OPLS2005)
*
  UB     28    29     51     84     150
    1     0 M   OH   _O5'     1    45.17129   115.45307   -59.41682
    2     1 S   HO   HO5'    28     0.96000   148.62889  -138.93427
    3     1 M   CT   _C5'     2     1.43931    86.12346   -16.82366
    4     3 S   HC   _H5'    18     1.09000   109.50002   147.88993
    5     3 S   HC   H5''    19     1.09000   109.50003   -92.11005
    6     3 M   CT   _C4'     3     1.51526   110.01873    27.88993
    7     6 S   HC   _H4'    20     1.09000   109.50006   175.65395
    8     6 S   OS   _O4'     4     1.45673   108.87870   -67.73907
    9     6 M   CT   _C3'     5     1.52931   115.81903    48.86780
   10     9 M   OS   _O3'     6     1.42271   111.96579    83.18107
   11     9 S   HC   _H3'    21     1.09000   109.49999   -38.35708
   12     9 S   CT   _C2'     7     1.52697   102.08130  -155.28066
   13    12 S   HC   _H2'    22     1.09000   109.49998   170.27826
   14    12 S   OH   _O2'     8     1.40740   110.78754   -76.40955
   15    14 S   HO   HO2'    23     0.96000   109.49992   180.00000
   16     8 S   CO   _C1'     9     1.41862   109.83714   144.73250
   17    16 S   HC   _H1'    24     1.09000   109.49992   126.26472
   18    16 S   N*   _N1_    10     1.48964   107.99391  -119.92162
   19    18 S   C    _C2_    11     1.37404   117.10086  -166.57666
   20    19 S   O    _O2_    12     1.21964   122.91302    -0.00000
   21    19 S   NNB  _N3_    13     1.38061   115.44653   179.98022
   22    21 S   H    _H3_    25     1.01000   120.00003  -179.95577
   23    21 S   C    _C4_    14     1.37997   126.43414     0.04846
   24    23 S   O    _O4_    15     1.23299   120.58561   179.97202
   25    23 S   CM   _C5_    16     1.44373   114.06824    -0.02798
   26    25 S   HC   _H5_    26     1.08000   119.99995  -180.00000
   27    18 S   CM   _C6_    17     1.36984   120.87279    13.46056
   28    27 S   HC   _H6_    27     1.08000   120.00000     0.00000
   8   4  10   5   4  11   6  11   9   5   4   8   5   4   1   8
   3   9   8   4   6   3   5   3   3   2   1   1
    3     6     8     9     4     5     7     2  
    3     4     5     6  
    6     8     9    10    12    16     4     5     7    11  
    5     7     6     8     9  
    7     6     8     9  
    8     9    10    12    14    16    18     7    11    13    17  
   11     8     9    10    12    16  
    9    10    12    14    16    18    19    27    11    13    17  
   10    12    14    16    18    11    13    15    17  
   12    14    16    11    13  
   13    12    14    16  
   14    16    18    19    27    13    15    17  
   15    17    14    16    18  
   16    18    15    17  
   16  
   18    19    20    21    25    27    17    28  
   18    19    27  
   19    20    21    23    25    27    22    26    28  
   20    21    23    24    25    27    22    28  
   21    23    27    22  
   23    24    25    27    22    26  
   23    24    25  
   24    25    27    26    28  
   25    27    26  
   27    26    28  
   28    27  
   28  
    0  
NBON
    1   3.1200   0.1700  -0.683000   1.7660   1.5600   0.021068034  -0.322181743
    2   0.5000   0.0300   0.418000   0.9960   0.8600   0.030040813  -0.651083722
    3   3.5000   0.0660   0.145000   1.9750   1.7500   0.005000000  -0.741685710
    4   2.5000   0.0300   0.060000   1.4250   1.2500   0.008598240   0.268726247
    5   2.5000   0.0300   0.060000   1.4250   1.2500   0.008598240   0.268726247
    6   3.5000   0.0660   0.170000   1.9750   1.7500   0.005000000  -0.741685710
    7   2.5000   0.0300   0.030000   1.4250   1.2500   0.008598240   0.268726247
    8   2.9000   0.1400  -0.400000   1.7660   1.5600   0.020110767  -0.896042159
    9   3.5000   0.0660   0.140000   1.9750   1.7500   0.005000000  -0.741685710
   10   2.8500   0.1400  -0.610000   1.7660   1.5600   0.020110767  -0.896042159
   11   2.5000   0.0300   0.060000   1.4250   1.2500   0.008598240   0.268726247
   12   3.5000   0.0660   0.205000   1.9750   1.7500   0.005000000  -0.741685710
   13   2.5000   0.0300   0.060000   1.4250   1.2500   0.008598240   0.268726247
   14   3.1200   0.1700  -0.683000   1.7660   1.5600   0.021068034  -0.322181743
   15   0.5000   0.0300   0.418000   0.9960   0.8600   0.030040813  -0.651083722
   16   3.5000   0.0660   0.510000   1.9750   1.7500   0.005000000  -0.741685710
   17   2.5000   0.0500   0.100000   1.3810   1.2100   0.008598240   0.268726247
   18   3.2500   0.1700  -0.600000   1.8100   1.6000   0.054801302  -1.445846770
   19   3.7500   0.1050   0.500000   1.9250   1.7000   0.001000000  -0.126889456
   20   2.9600   0.2100  -0.400000   1.5250   1.4250   0.001000000  -1.480495490
   21   3.2500   0.1700  -0.510000   1.8100   1.6000   0.054801302  -1.445846770
   22   0.5000   0.0300   0.360000   1.5900   1.4000   0.030040813  -0.651083722
   23   3.7500   0.1050   0.450000   1.9250   1.7000   0.001000000  -0.126889456
   24   2.9600   0.2100  -0.420000   1.5250   1.4250   0.001000000  -1.480495490
   25   3.5000   0.0800  -0.070000   2.0020   1.7750   0.023028004  -0.852763146
   26   2.5000   0.0500   0.100000   1.4250   1.2500   0.008598240   0.268726247
   27   3.5000   0.0800   0.080000   2.0020   1.7750   0.023028004  -0.852763146
   28   2.5000   0.0500   0.100000   1.4250   1.2500   0.008598240   0.268726247
BOND
    1     3   320.000  1.410
    1     2   553.000  0.945
    3     6   268.000  1.529
    3     4   340.000  1.090
    3     5   340.000  1.090
    6     8   320.000  1.410
    6     9   268.000  1.529
    6     7   340.000  1.090
    8    16   320.000  1.380
    9    10   320.000  1.410
    9    12   268.000  1.529
    9    11   340.000  1.090
   12    14   320.000  1.410
   12    16   250.000  1.527
   12    13   340.000  1.090
   14    15   553.000  0.945
   16    18   275.000  1.479
   16    17   340.000  1.090
   18    19   418.000  1.388
   18    27   448.000  1.365
   19    20   570.000  1.229
   19    21   418.000  1.388
   21    23   418.000  1.388
   21    22   434.000  1.010
   23    24   570.000  1.229
   23    25   410.000  1.444
   25    27   549.000  1.340
   25    26   340.000  1.080
   27    28   340.000  1.080
THET
    1     3     6    50.00000  109.50000
    1     3     4    35.00000  109.50000
    1     3     5    35.00000  109.50000
    3     6     8    50.00000  109.50000
    3     6     9    58.35000  112.70000
    3     6     7    37.50000  110.70000
    6     8    16    60.00000  109.50000
    6     9    10    50.00000  109.50000
    6     9    12    58.35000  112.70000
    6     9    11    37.50000  110.70000
    8    16    12    90.00000  108.56700
    8    16    18   105.00000  106.22000
    8    16    17    35.00000  109.50000
    9     6     8    50.00000  109.50000
    9    12    14    50.00000  109.50000
    9    12    16    75.00000  109.43000
    9    12    13    37.50000  110.70000
   12     9    10    50.00000  109.50000
   12    14    15    55.00000  108.50000
   12    16    18    75.00000  107.44000
   12    16    17    45.00000  112.01100
   16    12    14    90.00000  111.58700
   16    18    19    70.00000  117.60000
   16    18    27    70.00000  121.20000
   18    19    20    80.00000  120.60000
   18    19    21    70.00000  118.60000
   18    27    25    70.00000  121.20000
   18    27    28    35.00000  119.10000
   19    21    23    70.00000  126.40000
   19    21    22    35.00000  116.80000
   21    19    20    80.00000  120.60000
   21    23    24    80.00000  120.60000
   21    23    25    70.00000  114.10000
   23    25    27    70.00000  118.70000
   23    25    26    35.00000  119.70000
   25    23    24    80.00000  125.30000
   25    27    28    35.00000  120.00000
   27    18    19    70.00000  121.60000
    4     3     6    37.50000  110.70000
    5     3     6    37.50000  110.70000
    5     3     4    33.00000  107.80000
    7     6     8    35.00000  109.50000
    7     6     9    37.50000  110.70000
   11     9    10    35.00000  109.50000
   11     9    12    37.50000  110.70000
   13    12    14    35.00000  109.50000
   13    12    16    45.00000  108.72000
   17    16    18    55.00000  103.44000
   22    21    23    35.00000  116.80000
   26    25    27    35.00000  120.00000
    2     1     3    55.00000  108.50000
PHI
    1     3     6     8   3.69350  1.0 1.0
    1     3     6     8  -1.82950 -1.0 2.0
    1     3     6     9   0.86500  1.0 1.0
    1     3     6     9  -0.17500 -1.0 2.0
    1     3     6     9   0.20800  1.0 3.0
    1     3     6     7   0.23400  1.0 3.0
    3     6     8    16   0.06250  1.0 1.0
    3     6     8    16  -0.01100 -1.0 2.0
    3     6     8    16   0.28050  1.0 3.0
    3     6     9    10   0.62750  1.0 1.0
    3     6     9    10  -0.30950 -1.0 2.0
    3     6     9    10   0.27300  1.0 3.0
    3     6     9    12   0.56750  1.0 1.0
    3     6     9    12  -0.07550 -1.0 2.0
    3     6     9    12   0.20000  1.0 3.0
    3     6     9    11   0.15000  1.0 3.0
    6     8   -16    12   0.06250  1.0 1.0
    6     8   -16    12  -0.01100 -1.0 2.0
    6     8   -16    12   0.28050  1.0 3.0
    6     8    16    18  -2.37750  1.0 1.0
    6     8    16    18  -0.08150 -1.0 2.0
    6     8    16    18   0.59000  1.0 3.0
    6     8    16    17   0.37050  1.0 3.0
    6     9    12    14   0.86500  1.0 1.0
    6     9    12    14  -0.17500 -1.0 2.0
    6     9    12    14   0.20800  1.0 3.0
    6     9   -12    16   3.97050  1.0 1.0
    6     9    12    13   0.15000  1.0 3.0
    8     6     9    10   1.11900  1.0 1.0
    8     6     9    10  -1.16350 -1.0 2.0
    8     6     9    10  -0.34150  1.0 3.0
    8     6    -9    12   0.62750  1.0 1.0
    8     6    -9    12  -0.30950 -1.0 2.0
    8     6    -9    12   0.27300  1.0 3.0
    8     6     9    11   0.23400  1.0 3.0
    8    16    18    19  -2.75650  1.0 1.0
    8    16    18    19  -1.18150 -1.0 2.0
    8    16    18    19   0.81900  1.0 3.0
    8    16    18    27  -0.28000  1.0 1.0
    8    16    18    27  -1.16550 -1.0 2.0
    9     6    -8    16   0.06250  1.0 1.0
    9     6    -8    16  -0.01100 -1.0 2.0
    9     6    -8    16   0.28050  1.0 3.0
    9    12    14    15  -0.11600  1.0 1.0
    9    12    14    15  -0.09450 -1.0 2.0
    9    12    14    15   0.21250  1.0 3.0
    9    12   -16     8   0.62750  1.0 1.0
    9    12   -16     8  -0.30950 -1.0 2.0
    9    12   -16     8   0.27300  1.0 3.0
    9    12    16    18  -0.27100  1.0 1.0
    9    12    16    18  -0.01700 -1.0 2.0
    9    12    16    18  -0.48600  1.0 3.0
    9    12    16    17   0.15000  1.0 3.0
   10     9    12    14   3.69350  1.0 1.0
   10     9    12    14  -1.82950 -1.0 2.0
   10     9    12    16   0.62750  1.0 1.0
   10     9    12    16  -0.30950 -1.0 2.0
   10     9    12    16   0.27300  1.0 3.0
   10     9    12    13   0.23400  1.0 3.0
   12    16    18    19  -0.43950  1.0 1.0
   12    16    18    19  -0.08100 -1.0 2.0
   12    16    18    19   0.03350  1.0 3.0
   12    16    18    27   2.08450  1.0 1.0
   12    16    18    27  -0.39300 -1.0 2.0
   12    16    18    27   0.23400  1.0 3.0
   14    12    16     8   3.69350  1.0 1.0
   14    12    16     8  -1.82950 -1.0 2.0
   14    12    16    18   2.76900  1.0 1.0
   14    12    16    18  -0.24350 -1.0 2.0
   14    12    16    18  -0.78250  1.0 3.0
   14    12    16    17   0.23400  1.0 3.0
   16    12    14    15  -0.11600  1.0 1.0
   16    12    14    15  -0.09450 -1.0 2.0
   16    12    14    15   0.21250  1.0 3.0
   16    18    19    20   3.04450 -1.0 2.0
   16    18    19    21   3.62500 -1.0 2.0
   16    18    27    25  -0.88150  1.0 1.0
   16    18    27    25   2.95600 -1.0 2.0
   16    18    27    28   1.88100 -1.0 2.0
   18    19   -21    23   3.62500 -1.0 2.0
   18    19    21    22   2.56700 -1.0 2.0
   19    18   -27    25  -0.18900  1.0 1.0
   19    18   -27    25   1.70900 -1.0 2.0
   19    18    27    28   1.44600  1.0 1.0
   19    21    23    24   3.04450 -1.0 2.0
   19    21    23    25   7.00000 -1.0 2.0
   20    19    21    23   3.04450 -1.0 2.0
   20    19    21    22   2.45000 -1.0 2.0
   21    23    25    27   1.50000 -1.0 2.0
   21    23    25    26   7.00000 -1.0 2.0
   23    25    27    18   7.00000 -1.0 2.0
   23    25    27    28   7.00000 -1.0 2.0
   24    23    25    27   1.00000 -1.0 2.0
   24    23    25    26   0.00000  1.0 1.0
   27    18    19    20   2.67200 -1.0 2.0
   27    18   -19    21   3.62500 -1.0 2.0
    4     3     6     8   0.23400  1.0 3.0
    4     3     6     9   0.15000  1.0 3.0
    4     3     6     7   0.15000  1.0 3.0
    5     3     6     8   0.23400  1.0 3.0
    5     3     6     9   0.15000  1.0 3.0
    5     3     6     7   0.15000  1.0 3.0
    7     6     8    16   0.37050  1.0 3.0
    7     6     9    10   0.23400  1.0 3.0
    7     6     9    12   0.15000  1.0 3.0
    7     6     9    11   0.15000  1.0 3.0
   11     9    12    14   0.23400  1.0 3.0
   11     9    12    16   0.15000  1.0 3.0
   11     9    12    13   0.15000  1.0 3.0
   13    12    14    15   0.19450  1.0 3.0
   13    12    16     8   0.23400  1.0 3.0
   13    12    16    18   0.15000  1.0 3.0
   13    12    16    17   0.15000  1.0 3.0
   17    16    18    19   0.00000  1.0 1.0
   17    16    18    27   0.00000  1.0 1.0
   22    21    23    24   2.45000 -1.0 2.0
   22    21    23    25   1.52500 -1.0 2.0
   26    25    27    18   7.00000 -1.0 2.0
   26    25    27    28   7.00000 -1.0 2.0
    2     1     3     6  -0.11600  1.0 1.0
    2     1     3     6  -0.09450 -1.0 2.0
    2     1     3     6   0.21250  1.0 3.0
    2     1     3     4   0.19450  1.0 3.0
    2     1     3     5   0.19450  1.0 3.0
IPHI
   27    19    18    16   1.00000 -1.0 2.0
   18    21    19    20  10.50000 -1.0 2.0
   22    19    21    23   1.00000 -1.0 2.0
   21    25    23    24  10.50000 -1.0 2.0
   23    26    25    27   1.10000 -1.0 2.0
   18    28    27    25   1.10000 -1.0 2.0
END
