* LIGAND DATABASE FILE (OPLS2005)
*
  UE     31    32     55     89     162
    1     0 M   P2   _P__     1     1.61000   118.92005  -146.78104
    2     1 S   O2Z  _OP1     2     1.48008   109.56495   165.38546
    3     1 S   O2Z  _OP2     3     1.47974   109.61558    37.28701
    4     1 M   OS   _O5'     4     1.60053   101.35214   -78.69391
    5     4 M   CT   _C5'     5     1.43931   119.01839   -60.11804
    6     5 S   HC   _H5'    21     1.09000   109.49999   -65.10954
    7     5 S   HC   H5''    22     1.09000   109.50001    54.89046
    8     5 M   CT   _C4'     6     1.51526   110.01877   174.89040
    9     8 S   HC   _H4'    23     1.09000   109.50002   175.65413
   10     8 S   OS   _O4'     7     1.45673   108.87871   -67.73911
   11     8 M   CT   _C3'     8     1.52931   115.81901    48.86785
   12    11 S   HC   _H3'    24     1.09000   109.50005   -38.35709
   13    11 M   OH   _O3'     9     1.42270   111.96568    83.18121
   14    13 S   HO   HO3'    25     0.96000   109.49994  -180.00000
   15    11 S   CT   _C2'    10     1.52697   102.08130  -155.28068
   16    15 S   HC   _H2'    26     1.09000   109.50012   170.27834
   17    15 S   OH   _O2'    11     1.40741   110.78759   -76.40942
   18    17 S   HO   HO2'    27     0.96000   109.50002   180.00000
   19    10 S   CO   _C1'    12     1.41863   109.83712   144.73255
   20    19 S   HC   _H1'    28     1.09000   109.49993   126.26473
   21    19 S   N*   _N1_    13     1.48964   107.99391  -119.92156
   22    21 S   C    _C2_    14     1.37404   117.10085  -166.57662
   23    22 S   O    _O2_    15     1.21964   122.91307    -0.01978
   24    22 S   NNB  _N3_    16     1.38061   115.44647   180.00000
   25    24 S   H    _H3_    29     1.01000   119.99996  -179.96044
   26    24 S   C    _C4_    17     1.37997   126.43417     0.03956
   27    26 S   O    _O4_    18     1.23299   120.58567   180.00000
   28    26 S   CM   _C5_    19     1.44373   114.06826    -0.01978
   29    28 S   HC   _H5_    30     1.08000   120.00002  -179.98022
   30    21 S   CM   _C6_    20     1.36984   120.87274    13.46056
   31    30 S   HC   _H6_    31     1.08000   120.00002     0.01978
   7   3   2   7  10   5   4  12   6  11  10   6   5   1   8   5
   4   1   8   3   9   8   4   6   3   5   3   3   2   1   1
    2     3     4     5     8     6     7  
    3     4     5  
    4     5  
    5     8    10    11     6     7     9  
    8    10    11    13    15    19     6     7     9    12  
    7     9     8    10    11  
    9     8    10    11  
   10    11    13    15    17    19    21     9    12    14    16    20  
   12    10    11    13    15    19  
   11    13    15    17    19    21    22    30    12    16    20  
   13    15    17    19    21    12    14    16    18    20  
   14    16    13    15    17    19  
   15    17    19    14    16  
   15  
   17    19    21    22    30    16    18    20  
   18    20    17    19    21  
   19    21    18    20  
   19  
   21    22    23    24    28    30    20    31  
   21    22    30  
   22    23    24    26    28    30    25    29    31  
   23    24    26    27    28    30    25    31  
   24    26    30    25  
   26    27    28    30    25    29  
   26    27    28  
   27    28    30    29    31  
   28    30    29  
   30    29    31  
   31    30  
   31  
    0  
NBON
    1   3.7400   0.2000   1.760000   2.1070   1.8700   0.005000000   0.000000000
    2   2.9800   0.2000  -0.970000   1.6890   1.4900   0.001000000  -0.126889456
    3   2.9800   0.2000  -0.970000   1.6890   1.4900   0.001000000  -0.126889456
    4   2.8500   0.1400  -0.610000   1.7660   1.5600   0.020110767  -0.896042159
    5   3.5000   0.0660   0.080000   1.9750   1.7500   0.005000000  -0.741685710
    6   2.5000   0.0300   0.060000   1.4250   1.2500   0.008598240   0.268726247
    7   2.5000   0.0300   0.060000   1.4250   1.2500   0.008598240   0.268726247
    8   3.5000   0.0660   0.170000   1.9750   1.7500   0.005000000  -0.741685710
    9   2.5000   0.0300   0.030000   1.4250   1.2500   0.008598240   0.268726247
   10   2.9000   0.1400  -0.400000   1.7660   1.5600   0.020110767  -0.896042159
   11   3.5000   0.0660   0.205000   1.9750   1.7500   0.005000000  -0.741685710
   12   2.5000   0.0300   0.060000   1.4250   1.2500   0.008598240   0.268726247
   13   3.1200   0.1700  -0.683000   1.7660   1.5600   0.021068034  -0.322181743
   14   0.5000   0.0300   0.418000   0.9960   0.8600   0.030040813  -0.651083722
   15   3.5000   0.0660   0.205000   1.9750   1.7500   0.005000000  -0.741685710
   16   2.5000   0.0300   0.060000   1.4250   1.2500   0.008598240   0.268726247
   17   3.1200   0.1700  -0.683000   1.7660   1.5600   0.021068034  -0.322181743
   18   0.5000   0.0300   0.418000   0.9960   0.8600   0.030040813  -0.651083722
   19   3.5000   0.0660   0.510000   1.9750   1.7500   0.005000000  -0.741685710
   20   2.5000   0.0500   0.100000   1.3810   1.2100   0.008598240   0.268726247
   21   3.2500   0.1700  -0.600000   1.8100   1.6000   0.054801302  -1.445846770
   22   3.7500   0.1050   0.500000   1.9250   1.7000   0.001000000  -0.126889456
   23   2.9600   0.2100  -0.400000   1.5250   1.4250   0.001000000  -1.480495490
   24   3.2500   0.1700  -0.510000   1.8100   1.6000   0.054801302  -1.445846770
   25   0.5000   0.0300   0.360000   1.5900   1.4000   0.030040813  -0.651083722
   26   3.7500   0.1050   0.450000   1.9250   1.7000   0.001000000  -0.126889456
   27   2.9600   0.2100  -0.420000   1.5250   1.4250   0.001000000  -1.480495490
   28   3.5000   0.0800  -0.070000   2.0020   1.7750   0.023028004  -0.852763146
   29   2.5000   0.0500   0.100000   1.4250   1.2500   0.008598240   0.268726247
   30   3.5000   0.0800   0.080000   2.0020   1.7750   0.023028004  -0.852763146
   31   2.5000   0.0500   0.100000   1.4250   1.2500   0.008598240   0.268726247
BOND
    1     2   525.000  1.480
    1     3   525.000  1.480
    1     4   230.000  1.697
    4     5   320.000  1.410
    5     8   268.000  1.529
    5     6   340.000  1.090
    5     7   340.000  1.090
    8    10   320.000  1.410
    8    11   268.000  1.529
    8     9   340.000  1.090
   10    19   320.000  1.380
   11    13   320.000  1.410
   11    15   268.000  1.529
   11    12   340.000  1.090
   13    14   553.000  0.945
   15    17   320.000  1.410
   15    19   250.000  1.527
   15    16   340.000  1.090
   17    18   553.000  0.945
   19    21   275.000  1.479
   19    20   340.000  1.090
   21    22   418.000  1.388
   21    30   448.000  1.365
   22    23   570.000  1.229
   22    24   418.000  1.388
   24    26   418.000  1.388
   24    25   434.000  1.010
   26    27   570.000  1.229
   26    28   410.000  1.444
   28    30   549.000  1.340
   28    29   340.000  1.080
   30    31   340.000  1.080
THET
    1     4     5   100.00000  120.50000
    3     1     2   140.00000  119.90000
    4     1     2   100.00000  108.23000
    4     1     3   100.00000  108.23000
    4     5     8    50.00000  109.50000
    4     5     6    35.00000  109.50000
    4     5     7    35.00000  109.50000
    5     8    10    50.00000  109.50000
    5     8    11    58.35000  112.70000
    5     8     9    37.50000  110.70000
    8    10    19    60.00000  109.50000
    8    11    13    50.00000  109.50000
    8    11    15    58.35000  112.70000
    8    11    12    37.50000  110.70000
   10    19    15    90.00000  108.56700
   10    19    21   105.00000  106.22000
   10    19    20    35.00000  109.50000
   11     8    10    50.00000  109.50000
   11    13    14    55.00000  108.50000
   11    15    17    50.00000  109.50000
   11    15    19    75.00000  109.43000
   11    15    16    37.50000  110.70000
   15    11    13    50.00000  109.50000
   15    17    18    55.00000  108.50000
   15    19    21    75.00000  107.44000
   15    19    20    45.00000  112.01100
   19    15    17    90.00000  111.58700
   19    21    22    70.00000  117.60000
   19    21    30    70.00000  121.20000
   21    22    23    80.00000  120.60000
   21    22    24    70.00000  118.60000
   21    30    28    70.00000  121.20000
   21    30    31    35.00000  119.10000
   22    24    26    70.00000  126.40000
   22    24    25    35.00000  116.80000
   24    22    23    80.00000  120.60000
   24    26    27    80.00000  120.60000
   24    26    28    70.00000  114.10000
   26    28    30    70.00000  118.70000
   26    28    29    35.00000  119.70000
   28    26    27    80.00000  125.30000
   28    30    31    35.00000  120.00000
   30    21    22    70.00000  121.60000
    6     5     8    37.50000  110.70000
    7     5     8    37.50000  110.70000
    7     5     6    33.00000  107.80000
    9     8    10    35.00000  109.50000
    9     8    11    37.50000  110.70000
   12    11    13    35.00000  109.50000
   12    11    15    37.50000  110.70000
   16    15    17    35.00000  109.50000
   16    15    19    45.00000  108.72000
   20    19    21    55.00000  103.44000
   25    24    26    35.00000  116.80000
   29    28    30    35.00000  120.00000
PHI
    1     4     5     8  -2.65550  1.0 1.0
    1     4     5     8  -0.22350 -1.0 2.0
    1     4     5     8   0.24150  1.0 3.0
    1     4     5     6   0.03000  1.0 3.0
    1     4     5     7   0.03000  1.0 3.0
    2     1     4     5   0.00000  1.0 1.0
    3     1     4     5   0.00000  1.0 1.0
    4     5     8    10   1.11900  1.0 1.0
    4     5     8    10  -1.16350 -1.0 2.0
    4     5     8    10  -0.34150  1.0 3.0
    4     5     8    11   0.62750  1.0 1.0
    4     5     8    11  -0.30950 -1.0 2.0
    4     5     8    11   0.27300  1.0 3.0
    4     5     8     9   0.23400  1.0 3.0
    5     8    10    19   0.06250  1.0 1.0
    5     8    10    19  -0.01100 -1.0 2.0
    5     8    10    19   0.28050  1.0 3.0
    5     8    11    13   0.86500  1.0 1.0
    5     8    11    13  -0.17500 -1.0 2.0
    5     8    11    13   0.20800  1.0 3.0
    5     8    11    15   0.56750  1.0 1.0
    5     8    11    15  -0.07550 -1.0 2.0
    5     8    11    15   0.20000  1.0 3.0
    5     8    11    12   0.15000  1.0 3.0
    8    10   -19    15   0.06250  1.0 1.0
    8    10   -19    15  -0.01100 -1.0 2.0
    8    10   -19    15   0.28050  1.0 3.0
    8    10    19    21  -2.37750  1.0 1.0
    8    10    19    21  -0.08150 -1.0 2.0
    8    10    19    21   0.59000  1.0 3.0
    8    10    19    20   0.37050  1.0 3.0
    8    11    13    14  -0.11600  1.0 1.0
    8    11    13    14  -0.09450 -1.0 2.0
    8    11    13    14   0.21250  1.0 3.0
    8    11    15    17   0.86500  1.0 1.0
    8    11    15    17  -0.17500 -1.0 2.0
    8    11    15    17   0.20800  1.0 3.0
    8    11   -15    19   3.97050  1.0 1.0
    8    11    15    16   0.15000  1.0 3.0
   10     8    11    13   3.69350  1.0 1.0
   10     8    11    13  -1.82950 -1.0 2.0
   10     8   -11    15   0.62750  1.0 1.0
   10     8   -11    15  -0.30950 -1.0 2.0
   10     8   -11    15   0.27300  1.0 3.0
   10     8    11    12   0.23400  1.0 3.0
   10    19    21    22  -2.75650  1.0 1.0
   10    19    21    22  -1.18150 -1.0 2.0
   10    19    21    22   0.81900  1.0 3.0
   10    19    21    30  -0.28000  1.0 1.0
   10    19    21    30  -1.16550 -1.0 2.0
   11     8   -10    19   0.06250  1.0 1.0
   11     8   -10    19  -0.01100 -1.0 2.0
   11     8   -10    19   0.28050  1.0 3.0
   11    15    17    18  -0.11600  1.0 1.0
   11    15    17    18  -0.09450 -1.0 2.0
   11    15    17    18   0.21250  1.0 3.0
   11    15   -19    10   0.62750  1.0 1.0
   11    15   -19    10  -0.30950 -1.0 2.0
   11    15   -19    10   0.27300  1.0 3.0
   11    15    19    21  -0.27100  1.0 1.0
   11    15    19    21  -0.01700 -1.0 2.0
   11    15    19    21  -0.48600  1.0 3.0
   11    15    19    20   0.15000  1.0 3.0
   13    11    15    17   3.75450  1.0 1.0
   13    11    15    19   0.86500  1.0 1.0
   13    11    15    19  -0.17500 -1.0 2.0
   13    11    15    19   0.20800  1.0 3.0
   13    11    15    16   0.23400  1.0 3.0
   15    11    13    14  -0.11600  1.0 1.0
   15    11    13    14  -0.09450 -1.0 2.0
   15    11    13    14   0.21250  1.0 3.0
   15    19    21    22  -0.43950  1.0 1.0
   15    19    21    22  -0.08100 -1.0 2.0
   15    19    21    22   0.03350  1.0 3.0
   15    19    21    30   2.08450  1.0 1.0
   15    19    21    30  -0.39300 -1.0 2.0
   15    19    21    30   0.23400  1.0 3.0
   17    15    19    10   3.69350  1.0 1.0
   17    15    19    10  -1.82950 -1.0 2.0
   17    15    19    21   2.76900  1.0 1.0
   17    15    19    21  -0.24350 -1.0 2.0
   17    15    19    21  -0.78250  1.0 3.0
   17    15    19    20   0.23400  1.0 3.0
   19    15    17    18  -0.11600  1.0 1.0
   19    15    17    18  -0.09450 -1.0 2.0
   19    15    17    18   0.21250  1.0 3.0
   19    21    22    23   3.04450 -1.0 2.0
   19    21    22    24   3.62500 -1.0 2.0
   19    21    30    28  -0.88150  1.0 1.0
   19    21    30    28   2.95600 -1.0 2.0
   19    21    30    31   1.88100 -1.0 2.0
   21    22   -24    26   3.62500 -1.0 2.0
   21    22    24    25   2.56700 -1.0 2.0
   22    21   -30    28  -0.18900  1.0 1.0
   22    21   -30    28   1.70900 -1.0 2.0
   22    21    30    31   1.44600  1.0 1.0
   22    24    26    27   3.04450 -1.0 2.0
   22    24    26    28   7.00000 -1.0 2.0
   23    22    24    26   3.04450 -1.0 2.0
   23    22    24    25   2.45000 -1.0 2.0
   24    26    28    30   1.50000 -1.0 2.0
   24    26    28    29   7.00000 -1.0 2.0
   26    28    30    21   7.00000 -1.0 2.0
   26    28    30    31   7.00000 -1.0 2.0
   27    26    28    30   1.00000 -1.0 2.0
   27    26    28    29   0.00000  1.0 1.0
   30    21    22    23   2.67200 -1.0 2.0
   30    21   -22    24   3.62500 -1.0 2.0
    6     5     8    10   0.23400  1.0 3.0
    6     5     8    11   0.15000  1.0 3.0
    6     5     8     9   0.15000  1.0 3.0
    7     5     8    10   0.23400  1.0 3.0
    7     5     8    11   0.15000  1.0 3.0
    7     5     8     9   0.15000  1.0 3.0
    9     8    10    19   0.37050  1.0 3.0
    9     8    11    13   0.23400  1.0 3.0
    9     8    11    15   0.15000  1.0 3.0
    9     8    11    12   0.15000  1.0 3.0
   12    11    13    14   0.19450  1.0 3.0
   12    11    15    17   0.23400  1.0 3.0
   12    11    15    19   0.15000  1.0 3.0
   12    11    15    16   0.15000  1.0 3.0
   16    15    17    18   0.19450  1.0 3.0
   16    15    19    10   0.23400  1.0 3.0
   16    15    19    21   0.15000  1.0 3.0
   16    15    19    20   0.15000  1.0 3.0
   20    19    21    22   0.00000  1.0 1.0
   20    19    21    30   0.00000  1.0 1.0
   25    24    26    27   2.45000 -1.0 2.0
   25    24    26    28   1.52500 -1.0 2.0
   29    28    30    21   7.00000 -1.0 2.0
   29    28    30    31   7.00000 -1.0 2.0
IPHI
   30    22    21    19   1.00000 -1.0 2.0
   21    24    22    23  10.50000 -1.0 2.0
   25    22    24    26   1.00000 -1.0 2.0
   24    28    26    27  10.50000 -1.0 2.0
   26    29    28    30   1.10000 -1.0 2.0
   21    31    30    28   1.10000 -1.0 2.0
END
