* LIGAND DATABASE FILE (AMBER99)
*
ASP    12    11     17     13      41
    1     0 M   N    _N__     1     1.33000   115.30072  -179.98022
    2     1 S   H    _H__     9     1.01000   120.00010     0.00000
    3     1 M   CT1  _CA_     2     1.45400   124.76844   179.98022
    4     3 S   HC   _HA_    10     1.09000   109.50002   -54.68615
    5     3 M   C    _C__     3     1.53618   109.47457   180.00000
    6     5 S   O    _O__     4     1.23127   121.86548    -0.00000
    7     3 S   CT   _CB_     5     1.54081   108.80349    54.68609
    8     7 S   HC   _HB2    11     1.09000   109.49997   -59.98314
    9     7 S   HC   _HB3    12     1.09000   109.50003    60.01675
   10     7 S   CO3  _CG_     6     1.53082   116.07897  -180.00000
   11    10 S   O2   _OD1     7     1.25262   117.15634    89.98078
   12    10 S   O2   _OD2     8     1.24847   116.97836   -87.88336
   9   4   9   6   5   1   5   4   3   2   1   1
    3     5     6     7    10     2     4     8     9  
    4     3     5     7  
    5     6     7    10    11    12     4     8     9  
    8     9     5     6     7    10  
    6     7    10     8     9  
    7  
   10    11    12     8     9  
    9    10    11    12  
   10    11    12  
   11    12  
   12  
    0  
NBON
    1   1.8240   0.1700  -0.5163   1.9200   1.7000   0.168599800  -5.228863800
    2   0.6000   0.0157   0.2936   0.9960   0.8600   0.079817800  -1.129220000
    3   1.9080   0.1094   0.0381   1.9750   1.7500   0.000085900  -0.754493700
    4   1.3870   0.0157   0.0880   1.4250   1.2500   0.008394800   0.285390400
    5   1.9080   0.0860   0.5366   2.1120   1.8750  -0.026933700  -0.722204000
    6   1.6612   0.2100  -0.5819   1.6780   1.4800   0.010478200   0.635855300
    7   1.9080   0.1094  -0.0303   1.9750   1.7500   0.000085900  -0.754493700
    8   1.4870   0.0157  -0.0122   1.4250   1.2500   0.008394800   0.285390400
    9   1.4870   0.0157  -0.0122   1.4250   1.2500   0.008394800   0.285390400
   10   1.9080   0.0860   0.7994   2.1120   1.8750  -0.026933700  -0.722204000
   11   1.6612   0.2100  -0.8014   1.6780   1.4800  -0.350477400  15.005156000
   12   1.6612   0.2100  -0.8014   1.6780   1.4800  -0.350477400  15.005156000
BOND
    1     3   337.000  1.449
    1     2   434.000  1.010
    3     5   317.000  1.522
    3     4   340.000  1.090
    3     7   310.000  1.526
    5     6   570.000  1.229
    7    10   317.000  1.522
    7     8   340.000  1.090
    7     9   340.000  1.090
   10    11   656.000  1.250
   10    12   656.000  1.250
THET
    3     1     2    50.00000  118.04000
    1     3     5    63.00000  110.10000
    1     3     4    50.00000  109.50000
    1     3     7    80.00000  109.70000
    5     3     4    50.00000  109.50000
    5     3     7    63.00000  111.10000
    4     3     7    50.00000  109.50000
    3     5     6    80.00000  120.40000
    3     7    10    63.00000  111.10000
    3     7     8    50.00000  109.50000
    3     7     9    50.00000  109.50000
   10     7     8    50.00000  109.50000
   10     7     9    50.00000  109.50000
    8     7     9    35.00000  109.50000
    7    10    11    70.00000  117.00000
    7    10    12    70.00000  117.00000
   11    10    12    80.00000  126.00000
PHI
    4     3     5     6   0.80000  1.0 1.0
    4     3     5     6   0.08000 -1.0 3.0
    1     3     7    10   0.15600  1.0 3.0
    1     3     7     8   0.15600  1.0 3.0
    1     3     7     9   0.15600  1.0 3.0
    5     3     7    10   0.15600  1.0 3.0
    5     3     7     8   0.15600  1.0 3.0
    5     3     7     9   0.15600  1.0 3.0
    4     3     7    10   0.15600  1.0 3.0
    4     3     7     8   0.15600  1.0 3.0
    4     3     7     9   0.15600  1.0 3.0
IPHI
    7    11    10    12   5.25000 -1.0 2.0
    7    12    10    11   5.25000 -1.0 2.0
END
