* LIGAND DATABASE FILE (AMBER99)
*
TRP    24    25     41     60     126
    1     0 M   N    _N__     1     1.33000   116.08075   180.00000
    2     1 S   H    _H__    15     1.01000   119.99998     0.02798
    3     1 M   CT1  _CA_     2     1.45704   123.05364  -180.00000
    4     3 S   HC   _HA_    16     1.09000   109.49998   -55.35505
    5     3 M   C    _C__     3     1.53724   109.74720  -180.00000
    6     5 S   O    _O__     4     1.23148   121.09321     0.00000
    7     3 S   CT   _CB_     5     1.53691   108.86793    55.35504
    8     7 S   HC   _HB2    17     1.09000   109.50005   -60.02129
    9     7 S   HC   _HB3    18     1.09000   109.50000    59.97868
   10     7 S   C*   _CG_     6     1.49793   117.18643   179.97202
   11    10 S   CW   _CD1     7     1.35252   125.28123    90.02160
   12    11 S   HA   _HD1    19     1.08000   120.00002     0.26541
   13    10 S   CB   _CD2     8     1.45987   128.45384   -90.02419
   14    11 S   NA   _NE1     9     1.38162   109.15500  -179.73533
   15    14 S   H    _HE1    20     1.01000   119.99996   179.89532
   16    13 S   CA   _CE3    11     1.40883   134.74760    -0.62620
   17    16 S   HA   _HE3    21     1.08000   119.99995    -0.26467
   18    13 S   CN   _CE2    10     1.42388   108.27690   179.64612
   19    16 S   CA   _CZ3    13     1.40690   121.29493   179.73533
   20    19 S   HA   _HZ3    23     1.08000   120.00000  -179.69804
   21    18 S   CA   _CZ2    12     1.40313   122.37292  -179.77100
   22    21 S   HA   _HZ2    22     1.08000   120.00005   179.92338
   23    21 S   CA   _CH2    14     1.40446   119.16957    -0.07402
   24    23 S   HA   _HH2    24     1.08000   119.99999   179.79923
   9   4   9   6   5   1   9   4   3  10   7   4  10   6   2   7
   4   5   5   3   3   2   1   1
    3     5     6     7    10     2     4     8     9  
    4     3     5     7  
    5     6     7    10    11    13     4     8     9  
    8     9     5     6     7    10  
    6     7    10     8     9  
    7  
   10    11    13    14    18    16     8     9    12  
    9    10    11    13  
   10    11    13  
   11    13    14    18    16    21    19    12    15    17  
   13    14    18    16    21    12    15  
   15    13    14    18  
   14    18    16    21    19    23    15    17    22    20  
   18    16    21    23    15    22  
   18    21  
   21    19    23    17    20    24    18  
   20    18    19    23  
   21    19    23    22    24  
   23    22    20    24    21  
   24    21    23  
   23    22    24  
   24    23  
   24  
    0  
NBON
    1   1.8240   0.1700  -0.4157   1.9200   1.7000   0.168599800  -5.228863800
    2   0.6000   0.0157   0.2719   0.9960   0.8600   0.079817800  -1.129220000
    3   1.9080   0.1094  -0.0275   1.9750   1.7500   0.000085900  -0.754493700
    4   1.3870   0.0157   0.1123   1.4250   1.2500   0.008394800   0.285390400
    5   1.9080   0.0860   0.5973   2.1120   1.8750  -0.026933700  -0.722204000
    6   1.6612   0.2100  -0.5679   1.6780   1.4800   0.010478200   0.635855300
    7   1.9080   0.1094  -0.0050   1.9750   1.7500   0.000085900  -0.754493700
    8   1.4870   0.0157   0.0339   1.4250   1.2500   0.008394800   0.285390400
    9   1.4870   0.0157   0.0339   1.4250   1.2500   0.008394800   0.285390400
   10   1.9080   0.0860  -0.1415   2.0020   1.7750  -0.026970600   0.118943300
   11   1.9080   0.0860  -0.1638   2.0020   1.7750  -0.026970600   0.118943300
   12   1.4090   0.0150   0.2062   1.3810   1.2100   0.048476300  -0.590796200
   13   1.9080   0.0860   0.1243   2.0020   1.7750  -0.026970600   0.118943300
   14   1.8240   0.1700  -0.3418   1.8380   1.6250  -0.098957700   1.177961700
   15   0.6000   0.0157   0.3412   0.9960   0.8600   0.079817800  -1.129220000
   16   1.9080   0.0860  -0.2387   2.0020   1.7750  -0.026970600   0.118943300
   17   1.4590   0.0150   0.1700   1.3810   1.2100   0.048476300  -0.590796200
   18   1.9080   0.0860   0.1380   2.0020   1.7750  -0.026970600   0.118943300
   19   1.9080   0.0860  -0.1972   2.0020   1.7750  -0.026970600   0.118943300
   20   1.4590   0.0150   0.1447   1.3810   1.2100   0.048476300  -0.590796200
   21   1.9080   0.0860  -0.2601   2.0020   1.7750  -0.026970600   0.118943300
   22   1.4590   0.0150   0.1572   1.3810   1.2100   0.048476300  -0.590796200
   23   1.9080   0.0860  -0.1134   2.0020   1.7750  -0.026970600   0.118943300
   24   1.4590   0.0150   0.1417   1.3810   1.2100   0.048476300  -0.590796200
BOND
    1     3   337.000  1.449
    1     2   434.000  1.010
    3     5   317.000  1.522
    3     4   340.000  1.090
    3     7   310.000  1.526
    5     6   570.000  1.229
    7    10   317.000  1.495
    7     8   340.000  1.090
    7     9   340.000  1.090
   10    11   546.000  1.352
   10    13   388.000  1.459
   11    14   427.000  1.381
   11    12   367.000  1.080
   13    18   447.000  1.419
   13    16   469.000  1.404
   14    18   428.000  1.380
   14    15   434.000  1.010
   18    21   469.000  1.400
   16    19   469.000  1.400
   16    17   367.000  1.080
   21    23   469.000  1.400
   21    22   367.000  1.080
   19    23   469.000  1.400
   19    20   367.000  1.080
   23    24   367.000  1.080
THET
    3     1     2    50.00000  118.04000
    1     3     5    63.00000  110.10000
    1     3     4    50.00000  109.50000
    1     3     7    80.00000  109.70000
    5     3     4    50.00000  109.50000
    5     3     7    63.00000  111.10000
    4     3     7    50.00000  109.50000
    3     5     6    80.00000  120.40000
    3     7    10    63.00000  115.60000
    3     7     8    50.00000  109.50000
    3     7     9    50.00000  109.50000
   10     7     8    50.00000  109.50000
   10     7     9    50.00000  109.50000
    8     7     9    35.00000  109.50000
    7    10    11    70.00000  125.00000
    7    10    13    70.00000  128.60000
   11    10    13    63.00000  106.40000
   10    11    14    70.00000  108.70000
   10    11    12    50.00000  120.00000
   14    11    12    50.00000  120.00000
   10    13    18    63.00000  108.80000
   10    13    16    63.00000  134.90000
   18    13    16    63.00000  116.20000
   11    14    18    70.00000  111.60000
   11    14    15    50.00000  120.00000
   18    14    15    50.00000  123.10000
   13    18    14    70.00000  104.40000
   13    18    21    63.00000  122.70000
   14    18    21    70.00000  132.80000
   13    16    19    63.00000  120.00000
   13    16    17    50.00000  120.00000
   19    16    17    50.00000  120.00000
   18    21    23    63.00000  120.00000
   18    21    22    50.00000  120.00000
   23    21    22    50.00000  120.00000
   16    19    23    63.00000  120.00000
   16    19    20    50.00000  120.00000
   23    19    20    50.00000  120.00000
   21    23    19    63.00000  120.00000
   21    23    24    50.00000  120.00000
   19    23    24    50.00000  120.00000
PHI
    4     3     5     6   0.80000  1.0 1.0
    4     3     5     6   0.08000 -1.0 3.0
    1     3     7    10   0.15600  1.0 3.0
    1     3     7     8   0.15600  1.0 3.0
    1     3     7     9   0.15600  1.0 3.0
    5     3     7    10   0.15600  1.0 3.0
    5     3     7     8   0.15600  1.0 3.0
    5     3     7     9   0.15600  1.0 3.0
    4     3     7    10   0.15600  1.0 3.0
    4     3     7     8   0.15600  1.0 3.0
    4     3     7     9   0.15600  1.0 3.0
    7    10    11    14   6.52500 -1.0 2.0
    7    10    11    12   6.52500 -1.0 2.0
   13    10    11    14   6.52500 -1.0 2.0
   13    10    11    12   6.52500 -1.0 2.0
    7    10    13    18   1.67500 -1.0 2.0
    7    10    13    16   1.67500 -1.0 2.0
   11    10    13    18   1.67500 -1.0 2.0
   11    10    13    16   1.67500 -1.0 2.0
   10    11    14    18   1.50000 -1.0 2.0
   10    11    14    15   1.50000 -1.0 2.0
   12    11    14    18   1.50000 -1.0 2.0
   12    11    14    15   1.50000 -1.0 2.0
   10    13    18    14   3.00000 -1.0 2.0
   10    13    18    21   3.00000 -1.0 2.0
   16    13    18    14   3.00000 -1.0 2.0
   16    13    18    21   3.00000 -1.0 2.0
   10    13    16    19   3.50000 -1.0 2.0
   10    13    16    17   3.50000 -1.0 2.0
   18    13    16    19   3.50000 -1.0 2.0
   18    13    16    17   3.50000 -1.0 2.0
   11    14    18    13   1.52500 -1.0 2.0
   11    14    18    21   1.52500 -1.0 2.0
   15    14    18    13   1.52500 -1.0 2.0
   15    14    18    21   1.52500 -1.0 2.0
   13    18    21    23   3.62500 -1.0 2.0
   13    18    21    22   3.62500 -1.0 2.0
   14    18    21    23   3.62500 -1.0 2.0
   14    18    21    22   3.62500 -1.0 2.0
   13    16   -19    23   3.62500 -1.0 2.0
   13    16    19    20   3.62500 -1.0 2.0
   17    16    19    23   3.62500 -1.0 2.0
   17    16    19    20   3.62500 -1.0 2.0
   18    21   -23    19   3.62500 -1.0 2.0
   18    21    23    24   3.62500 -1.0 2.0
   22    21    23    19   3.62500 -1.0 2.0
   22    21    23    24   3.62500 -1.0 2.0
   16    19   -23    21   3.62500 -1.0 2.0
   16    19    23    24   3.62500 -1.0 2.0
   20    19    23    21   3.62500 -1.0 2.0
   20    19    23    24   3.62500 -1.0 2.0
IPHI
   11    13    10     7   1.10000 -1.0 2.0
   10    14    11    12   1.10000 -1.0 2.0
   11    18    14    15   1.00000 -1.0 2.0
   19    13    16    17   1.10000 -1.0 2.0
   18    23    21    22   1.10000 -1.0 2.0
   16    23    19    20   0.55000 -1.0 2.0
   23    16    19    20   0.55000 -1.0 2.0
   21    19    23    24   0.55000 -1.0 2.0
   19    21    23    24   0.55000 -1.0 2.0
END
