* LIGAND DATABASE FILE (AMBER99sb)
*
  G    34    36     62    108     206
    1     0 M   P2   _P__     1     1.61000   118.91999  -146.78100
    2     1 S   O2Z  _OP1     2     1.48009   109.56211   165.38222
    3     1 S   O2Z  _OP2     3     1.47969   109.61398    37.28580
    4     1 M   OS   _O5'     4     1.60054   101.35397   -78.69399
    5     4 M   CT   _C5'     5     1.43935   119.01438   -60.11785
    6     5 S   HC   _H5'    24     1.09000   109.49988   -65.10033
    7     5 S   HC   H5''    25     1.09000   109.50016    54.89973
    8     5 M   CT   _C4'     6     1.51531   110.01859   174.89984
    9     8 S   HC   _H4'    26     1.09000   109.49998   175.65950
   10     8 S   OS   _O4'     7     1.45673   108.86995   -67.74151
   11     8 M   CT   _C3'     8     1.52927   115.81951    48.85744
   12    11 M   OS   _O3'     9     1.42268   111.95991    83.19227
   13    11 S   HC   _H3'    27     1.09000   109.49996   -38.34172
   14    11 S   CT   _C2'    10     1.52697   102.08357  -155.27378
   15    14 S   HC   _H2'    28     1.09000   109.49987   170.30079
   16    14 S   OH   _O2'    11     1.40745   110.78859   -76.39792
   17    16 S   HO   HO2'    29     0.96000   109.49996  -180.00000
   18    10 S   CO   _C1'    12     1.41869   109.83721   144.73459
   19    18 S   HC   _H1'    30     1.09000   109.50005   126.24988
   20    18 S   N*   _N9_    13     1.48970   107.98858  -119.92131
   21    20 S   CRAB _C8_    14     1.37795   129.18193    13.44894
   22    21 S   HA   _H8_    31     1.08000   120.00003    -0.01978
   23    21 S   NNA  _N7_    15     1.31177   113.98206   179.98022
   24    23 S   CB   _C5_    16     1.39472   103.76105    -0.01978
   25    24 S   C    _C6_    17     1.41813   130.09387  -180.00000
   26    25 S   O    _O6_    18     1.22850   128.83604    -0.02798
   27    25 S   NNB  _N1_    19     1.40136   111.41300  -180.00000
   28    27 S   H    _H1_    32     1.01000   120.00008   179.96574
   29    27 S   CDX  _C2_    20     1.38136   125.25181    -0.03956
   30    29 S   NND  _N2_    21     1.33451   116.10372  -179.96574
   31    30 S   H    _H21    33     1.01000   119.99999  -180.00000
   32    30 S   H    _H22    34     1.01000   119.99999     0.00000
   33    29 S   NNC  _N3_    22     1.33106   123.27993     0.01978
   34    20 S   CN   _C4_    23     1.37835   125.60216  -166.57500
   7   3   2   7  10   5   4  11   6  11   9   5   4   8   5   4
   1   8   3   8   6   3   6   7   7   4   7   3   5   4   2   1
   1   1
    2     3     4     5     8     6     7  
    3     4     5  
    4     5  
    5     8    10    11     6     7     9  
    8    10    11    12    14    18     6     7     9    13  
    7     9     8    10    11  
    9     8    10    11  
   10    11    12    14    16    18    20     9    13    15    19  
   13    10    11    12    14    18  
   11    12    14    16    18    20    21    34    13    15    19  
   12    14    16    18    20    13    15    17    19  
   14    16    18    13    15  
   15    14    16    18  
   16    18    20    21    34    15    17    19  
   17    19    16    18    20  
   18    20    17    19  
   18  
   20    21    23    24    33    34    19    22  
   20    21    34  
   21    23    24    25    29    33    34    22  
   23    24    25    33    34    22  
   23    24    34  
   24    25    26    27    33    34  
   25    26    27    29    33    34    28  
   26    27    29    30    33    34    28  
   27    29    34    28  
   29    30    33    34    28    31    32  
   29    30    33  
   30    33    34    31    32  
   33    34    31    32  
   32    33  
   33  
   34  
    0  
NBON
    1   2.1000   0.2000   1.1662   2.1070   1.8700   0.005000000   0.000000000
    2   1.6612   0.2100  -0.7760   1.6890   1.4900   0.001000000  -0.126889456
    3   1.6612   0.2100  -0.7760   1.6890   1.4900   0.001000000  -0.126889456
    4   1.6837   0.1700  -0.4989   1.7660   1.5600   0.020110767  -0.896042159
    5   1.9080   0.1094   0.0558   1.9750   1.7500   0.005000000  -0.741685710
    6   1.3870   0.0157   0.0679   1.4250   1.2500   0.008598240   0.268726247
    7   1.3870   0.0157   0.0679   1.4250   1.2500   0.008598240   0.268726247
    8   1.9080   0.1094   0.1065   1.9750   1.7500   0.005000000  -0.741685710
    9   1.3870   0.0157   0.1174   1.4250   1.2500   0.008598240   0.268726247
   10   1.6837   0.1700  -0.3548   1.7660   1.5600   0.020110767  -0.896042159
   11   1.9080   0.1094   0.2022   1.9750   1.7500   0.005000000  -0.741685710
   12   1.6837   0.1700  -0.5246   1.7660   1.5600   0.020110767  -0.896042159
   13   1.3870   0.0157   0.0615   1.4250   1.2500   0.008598240   0.268726247
   14   1.9080   0.1094   0.0670   1.9750   1.7500   0.005000000  -0.741685710
   15   1.3870   0.0157   0.0972   1.4250   1.2500   0.008598240   0.268726247
   16   1.7210   0.2104  -0.6139   1.7660   1.5600   0.021068034  -0.322181743
   17   0.0000   0.0000   0.4186   0.9960   0.8600   0.030040813  -0.651083722
   18   1.9080   0.1094   0.0191   1.9750   1.7500   0.005000000  -0.741685710
   19   1.2870   0.0157   0.2006   1.4250   1.2500   0.008598240   0.268726247
   20   1.8240   0.1700   0.0492   1.8000   1.6000   0.001000000  -0.511443539
   21   1.9080   0.0860   0.1374   2.0020   1.7750   0.001000000  -0.843144165
   22   1.3590   0.0150   0.1640   1.3810   1.2100   0.030040813   0.268726247
   23   1.8240   0.1700  -0.5709   1.8000   1.6000   0.001000000  -0.511443539
   24   1.9080   0.0860   0.1744   2.5000   1.7750   0.001000000  -0.843144165
   25   1.9080   0.0860   0.4770   1.9250   1.7000   0.001000000  -0.126889456
   26   1.6612   0.2100  -0.5597   1.5250   1.4250   0.001000000  -1.480495490
   27   1.8240   0.1700  -0.4787   2.1120   1.8750   0.051222218  -2.220205820
   28   0.6000   0.0157   0.3424   1.5900   1.4000   0.030040813  -0.651083722
   29   1.9080   0.0860   0.7657   2.1120   1.8750   0.001000000  -0.126889456
   30   1.8240   0.1700  -0.9672   2.1120   1.8750   0.051222218  -2.220205820
   31   0.6000   0.0157   0.4364   0.9960   0.8600   0.030040813  -0.651083722
   32   0.6000   0.0157   0.4364   0.9960   0.8600   0.030040813  -0.651083722
   33   1.8240   0.1700  -0.6323   1.9250   1.7000   0.054801302  -2.445846770
   34   1.9080   0.0860   0.1222   2.5000   1.7750   0.001000000  -0.843144165
BOND
    1     2   525.000  1.480
    1     3   525.000  1.480
    1     4   230.000  1.610
    4     5   320.000  1.410
    5     8   310.000  1.526
    5     6   340.000  1.090
    5     7   340.000  1.090
    8    10   320.000  1.410
    8    11   310.000  1.526
    8     9   340.000  1.090
   10    18   320.000  1.410
   18    14   310.000  1.526
   18    19   340.000  1.090
   18    20   337.000  1.475
   11    14   310.000  1.526
   11    12   320.000  1.410
   11    13   340.000  1.090
   14    16   320.000  1.410
   14    15   340.000  1.090
   16    17   553.000  0.960
   20    21   440.000  1.371
   20    34   436.000  1.374
   21    23   529.000  1.304
   21    22   367.000  1.080
   23    24   414.000  1.391
   24    25   447.000  1.419
   24    34   520.000  1.370
   25    26   570.000  1.229
   25    27   418.000  1.388
   27    29   427.000  1.381
   27    28   434.000  1.010
   29    30   481.000  1.340
   29    33   483.000  1.339
   30    31   434.000  1.010
   30    32   434.000  1.010
   33    34   461.000  1.354
THET
    2     1     3   140.00000  119.90000
    2     1     4   100.00000  108.23000
    3     1     4   100.00000  108.23000
    1     4     5   100.00000  120.50000
    4     5     8    50.00000  109.50000
    4     5     6    50.00000  109.50000
    4     5     7    50.00000  109.50000
    8     5     6    50.00000  109.50000
    8     5     7    50.00000  109.50000
    6     5     7    35.00000  109.50000
    5     8    10    50.00000  109.50000
    5     8    11    40.00000  109.50000
    5     8     9    50.00000  109.50000
   10     8    11    50.00000  109.50000
   10     8     9    50.00000  109.50000
   11     8     9    50.00000  109.50000
    8    10    18    60.00000  109.50000
   10    18    14    50.00000  109.50000
   10    18    19    50.00000  109.50000
   10    18    20    50.00000  109.50000
   14    18    19    50.00000  109.50000
   14    18    20    50.00000  109.50000
   19    18    20    50.00000  109.50000
    8    11    14    40.00000  109.50000
    8    11    12    50.00000  109.50000
    8    11    13    50.00000  109.50000
   14    11    12    50.00000  109.50000
   14    11    13    50.00000  109.50000
   12    11    13    50.00000  109.50000
   18    14    11    40.00000  109.50000
   18    14    16    50.00000  109.50000
   18    14    15    50.00000  109.50000
   11    14    16    50.00000  109.50000
   11    14    15    50.00000  109.50000
   16    14    15    50.00000  109.50000
   14    16    17    55.00000  108.50000
   18    20    21    70.00000  128.80000
   18    20    34    70.00000  125.80000
   21    20    34    70.00000  105.40000
   20    21    23    70.00000  113.90000
   20    21    22    50.00000  123.05000
   23    21    22    50.00000  123.05000
   21    23    24    70.00000  103.80000
   23    24    25    70.00000  130.00000
   23    24    34    70.00000  110.40000
   25    24    34    63.00000  119.20000
   24    25    26    80.00000  128.80000
   24    25    27    70.00000  111.30000
   26    25    27    80.00000  120.60000
   25    27    29    70.00000  125.20000
   25    27    28    50.00000  116.80000
   29    27    28    50.00000  118.00000
   27    29    30    70.00000  116.00000
   27    29    33    70.00000  123.30000
   30    29    33    70.00000  119.30000
   29    30    31    50.00000  120.00000
   29    30    32    50.00000  120.00000
   31    30    32    35.00000  120.00000
   29    33    34    70.00000  112.20000
   20    34    24    70.00000  106.20000
   20    34    33    70.00000  126.20000
   24    34    33    70.00000  127.70000
PHI
    2     1     4     5   0.185181  0.928978   1.0
    2     1     4     5   1.256531  0.994881   2.0
    2     1     4     5   0.354858  0.626234   3.0
    3     1     4     5   0.185181  0.928978   1.0
    3     1     4     5   1.256531  0.994881   2.0
    3     1     4     5   0.354858  0.626234   3.0
    1     4     5     8   0.383000  1.000000   3.0
    1     4     5     6   0.383000  1.000000   3.0
    1     4     5     7   0.383000  1.000000   3.0
    4     5     8    10   0.156000  1.000000   3.0
    4     5     8    11   1.178040  -0.789611   1.0
    4     5     8    11   0.092102  0.948262   2.0
    4     5     8    11   0.962830  -0.813044   3.0
    4     5     8     9   0.250000  1.000000   1.0
    6     5     8    10   0.250000  1.000000   1.0
    6     5     8    11   0.156000  1.000000   3.0
    6     5     8     9   0.156000  1.000000   3.0
    7     5     8    10   0.250000  1.000000   1.0
    7     5     8    11   0.156000  1.000000   3.0
    7     5     8     9   0.156000  1.000000   3.0
    5     8    10    18   0.100000  -0.598460   2.0
    5     8    10    18   0.383000  1.000000   3.0
   11     8   -10    18   0.10000 -1.0 2.0
   11     8   -10    18   0.38300  1.0 3.0
    9     8    10    18   0.38300  1.0 3.0
    5     8    11    14   0.200000  -0.598460   1.0
    5     8    11    14   0.250000  -0.598460   2.0
    5     8    11    14   0.180000  1.000000   3.0
    5     8    11    12   0.156000  1.000000   3.0
    5     8    11    13   0.156000  1.000000   3.0
   10     8   -11    14   0.15600  1.0 3.0
   10     8    11    12   1.17500  1.0 2.0
   10     8    11    12   0.14400  1.0 3.0
   10     8    11    13   0.15600  1.0 3.0
    9     8    11    14   0.15600  1.0 3.0
    9     8    11    12   0.15600  1.0 3.0
    9     8    11    13   0.15600  1.0 3.0
    8    10   -18    14   0.10000 -1.0 2.0
    8    10   -18    14   0.38300  1.0 3.0
    8    10    18    19   0.38300  1.0 3.0
    8    10    18    20   0.65000  1.0 2.0
    8    10    18    20   0.38300  1.0 3.0
   10    18   -14    11   0.15600  1.0 3.0
   10    18    14    16   1.17500  1.0 2.0
   10    18    14    16   0.14400  1.0 3.0
   10    18    14    15   0.15600  1.0 3.0
   19    18    14    11   0.15600  1.0 3.0
   19    18    14    16   0.15600  1.0 3.0
   19    18    14    15   0.15600  1.0 3.0
   20    18    14    11   0.15600  1.0 3.0
   20    18    14    16   0.15600  1.0 3.0
   20    18    14    15   0.15600  1.0 3.0
   10    18    20    21   2.50000  1.0 1.0
    8    11   -14    18   0.20000 -1.0 1.0
    8    11   -14    18   0.25000 -1.0 2.0
    8    11   -14    18   0.18000  1.0 3.0
    8    11    14    16   0.15600  1.0 3.0
    8    11    14    15   0.15600  1.0 3.0
   12    11    14    18   0.15600  1.0 3.0
   12    11    14    16   1.17500  1.0 2.0
   12    11    14    16   0.14400  1.0 3.0
   12    11    14    15   0.15600  1.0 3.0
   13    11    14    18   0.15600  1.0 3.0
   13    11    14    16   0.15600  1.0 3.0
   13    11    14    15   0.15600  1.0 3.0
   18    14    16    17   0.02500  1.0 1.0
   18    14    16    17   0.16000  1.0 3.0
   11    14    16    17   0.02500  1.0 1.0
   11    14    16    17   0.16000  1.0 3.0
   15    14    16    17   0.16700  1.0 3.0
   18    20    21    23   1.70000 -1.0 2.0
   18    20    21    22   1.70000 -1.0 2.0
   34    20   -21    23   1.70000 -1.0 2.0
   34    20    21    22   1.70000 -1.0 2.0
   18    20    34    24   1.65000 -1.0 2.0
   18    20    34    33   1.65000 -1.0 2.0
   21    20   -34    24   1.65000 -1.0 2.0
   21    20    34    33   1.65000 -1.0 2.0
   20    21   -23    24  10.00000 -1.0 2.0
   22    21    23    24  10.00000 -1.0 2.0
   21    23    24    25   2.55000 -1.0 2.0
   21    23   -24    34   2.55000 -1.0 2.0
   23    24    25    26   3.00000 -1.0 2.0
   23    24    25    27   3.00000 -1.0 2.0
   34    24    25    26   3.00000 -1.0 2.0
   34    24    25    27   3.00000 -1.0 2.0
   23    24   -34    20   5.45000 -1.0 2.0
   23    24    34    33   5.45000 -1.0 2.0
   25    24    34    20   5.45000 -1.0 2.0
   25    24    34    33   5.45000 -1.0 2.0
   24    25    27    29   1.35000 -1.0 2.0
   24    25    27    28   1.35000 -1.0 2.0
   26    25    27    29   1.35000 -1.0 2.0
   26    25    27    28   1.35000 -1.0 2.0
   25    27    29    30   1.50000 -1.0 2.0
   25    27   -29    33   1.50000 -1.0 2.0
   28    27    29    30   1.50000 -1.0 2.0
   28    27    29    33   1.50000 -1.0 2.0
   27    29    30    31   2.40000 -1.0 2.0
   27    29    30    32   2.40000 -1.0 2.0
   33    29    30    31   2.40000 -1.0 2.0
   33    29    30    32   2.40000 -1.0 2.0
   27    29   -33    34   4.80000 -1.0 2.0
   30    29    33    34   4.80000 -1.0 2.0
   29    33    34    20   4.15000 -1.0 2.0
   29    33   -34    24   4.15000 -1.0 2.0
IPHI
   21    34    20    18   1.00000 -1.0 2.0
   23    20    21    22   1.10000 -1.0 2.0
   24    27    25    26  10.50000 -1.0 2.0
   25    29    27    28   1.00000 -1.0 2.0
   27    33    29    30   1.10000 -1.0 2.0
   29    31    30    32   0.50000 -1.0 2.0
   29    32    30    31   0.50000 -1.0 2.0
END
