* LIGAND DATABASE FILE (AMBER99sb)
*
  UB   28    29     51     96     176
    1     0 M   OH   _O5'     1    45.17129   115.45307   -59.41682
    2     1 S   HO   HO5'    28     0.96000   148.62889  -138.93427
    3     1 M   CT   _C5'     2     1.43931    86.12346   -16.82366
    4     3 S   HC   _H5'    18     1.09000   109.50002   147.88993
    5     3 S   HC   H5''    19     1.09000   109.50003   -92.11005
    6     3 M   CT   _C4'     3     1.51526   110.01873    27.88993
    7     6 S   HC   _H4'    20     1.09000   109.50006   175.65395
    8     6 S   OS   _O4'     4     1.45673   108.87870   -67.73907
    9     6 M   CT   _C3'     5     1.52931   115.81903    48.86780
   10     9 M   OS   _O3'     6     1.42271   111.96579    83.18107
   11     9 S   HC   _H3'    21     1.09000   109.49999   -38.35708
   12     9 S   CT   _C2'     7     1.52697   102.08130  -155.28066
   13    12 S   HC   _H2'    22     1.09000   109.49998   170.27826
   14    12 S   OH   _O2'     8     1.40740   110.78754   -76.40955
   15    14 S   HO   HO2'    23     0.96000   109.49992   180.00000
   16     8 S   CO   _C1'     9     1.41862   109.83714   144.73250
   17    16 S   HC   _H1'    24     1.09000   109.49992   126.26472
   18    16 S   N*   _N1_    10     1.48964   107.99391  -119.92162
   19    18 S   C    _C2_    11     1.37404   117.10086  -166.57666
   20    19 S   O    _O2_    12     1.21964   122.91302    -0.00000
   21    19 S   NNB  _N3_    13     1.38061   115.44653   179.98022
   22    21 S   H    _H3_    25     1.01000   120.00003  -179.95577
   23    21 S   C    _C4_    14     1.37997   126.43414     0.04846
   24    23 S   O    _O4_    15     1.23299   120.58561   179.97202
   25    23 S   CM   _C5_    16     1.44373   114.06824    -0.02798
   26    25 S   HC   _H5_    26     1.08000   119.99995  -180.00000
   27    18 S   CM   _C6_    17     1.36984   120.87279    13.46056
   28    27 S   HC   _H6_    27     1.08000   120.00000     0.00000
   8   4  10   5   4  11   6  11   9   5   4   8   5   4   1   8
   3   9   8   4   6   3   5   3   3   2   1   1
    3     6     8     9     4     5     7     2  
    3     4     5     6  
    6     8     9    10    12    16     4     5     7    11  
    5     7     6     8     9  
    7     6     8     9  
    8     9    10    12    14    16    18     7    11    13    17  
   11     8     9    10    12    16  
    9    10    12    14    16    18    19    27    11    13    17  
   10    12    14    16    18    11    13    15    17  
   12    14    16    11    13  
   13    12    14    16  
   14    16    18    19    27    13    15    17  
   15    17    14    16    18  
   16    18    15    17  
   16  
   18    19    20    21    25    27    17    28  
   18    19    27  
   19    20    21    23    25    27    22    26    28  
   20    21    23    24    25    27    22    28  
   21    23    27    22  
   23    24    25    27    22    26  
   23    24    25  
   24    25    27    26    28  
   25    27    26  
   27    26    28  
   28    27  
   28  
    0  
NBON
    1   1.7210   0.2104  -0.6223   1.7660   1.5600   0.021068034  -0.322181743
    2   0.0000   0.0000   0.4295   0.9960   0.8600   0.030040813  -0.651083722
    3   1.9080   0.1094   0.0558   1.9750   1.7500   0.005000000  -0.741685710
    4   1.3870   0.0157   0.0679   1.4250   1.2500   0.008598240   0.268726247
    5   1.3870   0.0157   0.0679   1.4250   1.2500   0.008598240   0.268726247
    6   1.9080   0.1094   0.1065   1.9750   1.7500   0.005000000  -0.741685710
    7   1.3870   0.0157   0.1174   1.4250   1.2500   0.008598240   0.268726247
    8   1.6837   0.1700  -0.3548   1.7660   1.5600   0.020110767  -0.896042159
    9   1.9080   0.1094   0.2022   1.9750   1.7500   0.005000000  -0.741685710
   10   1.6837   0.1700  -0.5246   1.7660   1.5600   0.020110767  -0.896042159
   11   1.3870   0.0157   0.0615   1.4250   1.2500   0.008598240   0.268726247
   12   1.9080   0.1094   0.0670   1.9750   1.7500   0.005000000  -0.741685710
   13   1.3870   0.0157   0.0972   1.4250   1.2500   0.008598240   0.268726247
   14   1.7210   0.2104  -0.6139   1.7660   1.5600   0.021068034  -0.322181743
   15   0.0000   0.0000   0.4186   0.9960   0.8600   0.030040813  -0.651083722
   16   1.9080   0.1094   0.0674   1.9750   1.7500   0.005000000  -0.741685710
   17   1.2870   0.0157   0.1824   1.3810   1.2100   0.008598240   0.268726247
   18   1.8240   0.1700   0.0418   1.8100   1.6000   0.054801302  -1.445846770
   19   1.9080   0.0860   0.4687   1.9250   1.7000   0.001000000  -0.126889456
   20   1.6612   0.2100  -0.5477   1.5250   1.4250   0.001000000  -1.480495490
   21   1.8240   0.1700  -0.3549   1.8100   1.6000   0.054801302  -1.445846770
   22   0.6000   0.0157   0.3154   1.5900   1.4000   0.030040813  -0.651083722
   23   1.9080   0.0860   0.5952   1.9250   1.7000   0.001000000  -0.126889456
   24   1.6612   0.2100  -0.5761   1.5250   1.4250   0.001000000  -1.480495490
   25   1.9080   0.0860  -0.3635   2.0020   1.7750   0.023028004  -0.852763146
   26   1.4590   0.0150   0.1811   1.4250   1.2500   0.008598240   0.268726247
   27   1.9080   0.0860  -0.1126   2.0020   1.7750   0.023028004  -0.852763146
   28   1.4090   0.0150   0.2188   1.4250   1.2500   0.008598240   0.268726247
BOND
    1     3   320.000  1.410
    1     2   553.000  0.960
    3     6   310.000  1.526
    3     4   340.000  1.090
    3     5   340.000  1.090
    6     8   320.000  1.410
    6     9   310.000  1.526
    6     7   340.000  1.090
    8    16   320.000  1.410
   16    12   310.000  1.526
   16    17   340.000  1.090
   16    18   337.000  1.475
    9    12   310.000  1.526
    9    10   320.000  1.410
    9    11   340.000  1.090
   12    14   320.000  1.410
   12    13   340.000  1.090
   14    15   553.000  0.960
   18    19   424.000  1.383
   18    27   448.000  1.365
   19    20   570.000  1.229
   19    21   418.000  1.388
   21    23   418.000  1.388
   21    22   434.000  1.010
   23    24   570.000  1.229
   23    25   410.000  1.444
   25    27   549.000  1.350
   25    26   367.000  1.080
   27    28   367.000  1.080
THET
    3     1     2    55.00000  108.50000
    1     3     6    50.00000  109.50000
    1     3     4    50.00000  109.50000
    1     3     5    50.00000  109.50000
    6     3     4    50.00000  109.50000
    6     3     5    50.00000  109.50000
    4     3     5    35.00000  109.50000
    3     6     8    50.00000  109.50000
    3     6     9    40.00000  109.50000
    3     6     7    50.00000  109.50000
    8     6     9    50.00000  109.50000
    8     6     7    50.00000  109.50000
    9     6     7    50.00000  109.50000
    6     8    16    60.00000  109.50000
    8    16    12    50.00000  109.50000
    8    16    17    50.00000  109.50000
    8    16    18    50.00000  109.50000
   12    16    17    50.00000  109.50000
   12    16    18    50.00000  109.50000
   17    16    18    50.00000  109.50000
    6     9    12    40.00000  109.50000
    6     9    10    50.00000  109.50000
    6     9    11    50.00000  109.50000
   12     9    10    50.00000  109.50000
   12     9    11    50.00000  109.50000
   10     9    11    50.00000  109.50000
   16    12     9    40.00000  109.50000
   16    12    14    50.00000  109.50000
   16    12    13    50.00000  109.50000
    9    12    14    50.00000  109.50000
    9    12    13    50.00000  109.50000
   14    12    13    50.00000  109.50000
   12    14    15    55.00000  108.50000
   16    18    19    70.00000  117.60000
   16    18    27    70.00000  121.20000
   19    18    27    70.00000  121.60000
   18    19    20    80.00000  120.90000
   18    19    21    70.00000  115.40000
   20    19    21    80.00000  120.60000
   19    21    23    70.00000  126.40000
   19    21    22    50.00000  116.80000
   23    21    22    50.00000  116.80000
   21    23    24    80.00000  120.60000
   21    23    25    70.00000  114.10000
   24    23    25    80.00000  125.30000
   23    25    27    63.00000  120.70000
   23    25    26    50.00000  119.70000
   27    25    26    50.00000  119.70000
   18    27    25    70.00000  121.20000
   18    27    28    50.00000  119.10000
   25    27    28    50.00000  119.70000
PHI
    2     1     3     6   0.02500  1.0 1.0
    2     1     3     6   0.16000  1.0 3.0
    2     1     3     4   0.16700  1.0 3.0
    2     1     3     5   0.16700  1.0 3.0
    1     3     6     8   0.156000  1.000000   3.0
    1     3     6     9   1.178040  -0.789611   1.0
    1     3     6     9   0.092102  0.948262   2.0
    1     3     6     9   0.962830  -0.813044   3.0
    1     3     6     7   0.250000  1.000000   1.0
    4     3     6     8   0.250000  1.000000   1.0
    4     3     6     9   0.156000  1.000000   3.0
    4     3     6     7   0.156000  1.000000   3.0
    5     3     6     8   0.250000  1.000000   1.0
    5     3     6     9   0.156000  1.000000   3.0
    5     3     6     7   0.156000  1.000000   3.0
    3     6     8    16   0.100000  -0.598460   2.0
    3     6     8    16   0.383000  1.000000   3.0
    9     6    -8    16   0.10000 -1.0 2.0
    9     6    -8    16   0.38300  1.0 3.0
    7     6     8    16   0.38300  1.0 3.0
    3     6     9    12   0.200000  -0.598460   1.0
    3     6     9    12   0.250000  -0.598460   2.0
    3     6     9    12   0.180000  1.000000   3.0
    3     6     9    10   0.156000  1.000000   3.0
    3     6     9    11   0.156000  1.000000   3.0
    8     6    -9    12   0.15600  1.0 3.0
    8     6     9    10   1.17500  1.0 2.0
    8     6     9    10   0.14400  1.0 3.0
    8     6     9    11   0.15600  1.0 3.0
    7     6     9    12   0.15600  1.0 3.0
    7     6     9    10   0.15600  1.0 3.0
    7     6     9    11   0.15600  1.0 3.0
    6     8   -16    12   0.10000 -1.0 2.0
    6     8   -16    12   0.38300  1.0 3.0
    6     8    16    17   0.38300  1.0 3.0
    6     8    16    18   0.65000  1.0 2.0
    6     8    16    18   0.38300  1.0 3.0
    8    16   -12     9   0.15600  1.0 3.0
    8    16    12    14   1.17500  1.0 2.0
    8    16    12    14   0.14400  1.0 3.0
    8    16    12    13   0.15600  1.0 3.0
   17    16    12     9   0.15600  1.0 3.0
   17    16    12    14   0.15600  1.0 3.0
   17    16    12    13   0.15600  1.0 3.0
   18    16    12     9   0.15600  1.0 3.0
   18    16    12    14   0.15600  1.0 3.0
   18    16    12    13   0.15600  1.0 3.0
    8    16    18    27   2.50000  1.0 1.0
    6     9   -12    16   0.20000 -1.0 1.0
    6     9   -12    16   0.25000 -1.0 2.0
    6     9   -12    16   0.18000  1.0 3.0
    6     9    12    14   0.15600  1.0 3.0
    6     9    12    13   0.15600  1.0 3.0
   10     9    12    16   0.15600  1.0 3.0
   10     9    12    14   1.17500  1.0 2.0
   10     9    12    14   0.14400  1.0 3.0
   10     9    12    13   0.15600  1.0 3.0
   11     9    12    16   0.15600  1.0 3.0
   11     9    12    14   0.15600  1.0 3.0
   11     9    12    13   0.15600  1.0 3.0
   16    12    14    15   0.02500  1.0 1.0
   16    12    14    15   0.16000  1.0 3.0
    9    12    14    15   0.02500  1.0 1.0
    9    12    14    15   0.16000  1.0 3.0
   13    12    14    15   0.16700  1.0 3.0
   16    18    19    20   1.45000 -1.0 2.0
   16    18    19    21   1.45000 -1.0 2.0
   27    18    19    20   1.45000 -1.0 2.0
   27    18    19    21   1.45000 -1.0 2.0
   16    18    27    25   1.85000 -1.0 2.0
   16    18    27    28   1.85000 -1.0 2.0
   19    18    27    25   1.85000 -1.0 2.0
   19    18    27    28   1.85000 -1.0 2.0
   18    19    21    23   1.35000 -1.0 2.0
   18    19    21    22   1.35000 -1.0 2.0
   20    19    21    23   1.35000 -1.0 2.0
   20    19    21    22   1.35000 -1.0 2.0
   19    21    23    24   1.35000 -1.0 2.0
   19    21   -23    25   1.35000 -1.0 2.0
   22    21    23    24   1.35000 -1.0 2.0
   22    21    23    25   1.35000 -1.0 2.0
   21    23   -25    27   2.17500 -1.0 2.0
   21    23    25    26   2.17500 -1.0 2.0
   24    23    25    27   2.17500 -1.0 2.0
   24    23    25    27   0.30000  1.0 3.0
   24    23    25    26   2.17500 -1.0 2.0
   23    25   -27    18   6.65000 -1.0 2.0
   23    25    27    28   6.65000 -1.0 2.0
   26    25    27    18   6.65000 -1.0 2.0
   26    25    27    28   6.65000 -1.0 2.0
IPHI
   27    19    18    16   1.00000 -1.0 2.0
   18    21    19    20  10.50000 -1.0 2.0
   19    23    21    22   0.50000 -1.0 2.0
   23    19    21    22   0.50000 -1.0 2.0
   25    21    23    24  10.50000 -1.0 2.0
   23    27    25    26   1.10000 -1.0 2.0
   18    25    27    28   1.10000 -1.0 2.0
END
