* LIGAND DATABASE FILE (OPLS2005)
*
GRW      25    26    41      64       0
    1     0 M   NB   _N1_     6   50.840970   35.104785   29.054577
    2     1 M   CA   _C1_     6    1.347282   55.636385 -158.663999
    3     2 M   CA   _C5_     6    1.405429  123.992599   27.701636
    4     1 M   CA   _C2_     6    1.346094   68.099310   -6.224428
    5     4 M   CA   _C3_     6    1.401360  122.977709  -24.297546
    6     4 M   HA   _H1_     6    1.078891  116.492538  154.722595
    7     5 M   CA   _C4_     6    1.403126  118.686348   -1.096516
    8     5 M   HA   _H2_     6    1.079001  120.578676  179.775619
    9     7 M   HA   _H3_     6    1.078932  118.980858 -179.711815
   10     3 S   OS   _O1_     6    1.378159  117.771764 -178.641353
   11    10 S   CT   _C6_     6    1.418924  118.223757 -177.436875
   12    11 S   HC   _H4_     6    1.090817  111.356258   59.386528
   13    11 S   HC   _H5_     6    1.088899  111.344279  -63.374642
   14    11 S   HC   _H7_     6    1.089864  109.297582  178.035436
   15     2 S   CA   _CG0     6    1.091077  115.900018 -151.232042
   16    15 S   CA   _CG1     6    1.404751  120.080291  -41.529899
   17    15 S   CA   _CG5     6    1.404640  120.026549  138.431066
   18    16 S   CA   _CG2     6    1.403552  120.052045  179.988685
   19    16 S   HA   _HG6     6    1.103787  119.918794   -0.007772
   20    17 S   CA   _CG4     6    1.403552  120.054800 -179.988707
   21    17 S   HA   HG10     6    1.104452  119.950050    0.039169
   22    18 S   CA   _CG3     6    1.403843  119.993218   -0.013856
   23    18 S   HA   _HG7     6    1.104452  119.995143 -180.000000
   24    20 S   HA   _HG9     6    1.103787  120.029160 -179.968740
   25    22 S   HA   _HG8     6    1.104525  119.946348  179.996648
NBON
     1   3.2500   0.1700  -0.678000   1.8100   1.6000   0.054801302  -1.445846770
     2   3.5500   0.0700   0.529600   2.5000   1.7750   0.001000000  -0.843144165
     3   3.5500   0.0700  -0.192000   2.5000   1.7750   0.001000000  -0.843144165
     4   3.5500   0.0700   0.473000   2.5000   1.7750   0.001000000  -0.843144165
     5   3.5500   0.0700  -0.447000   2.5000   1.7750   0.001000000  -0.843144165
     6   2.4200   0.0300   0.012000   1.3810   1.2100   0.030040813   0.268726247
     7   3.5500   0.0700   0.227000   2.5000   1.7750   0.001000000  -0.843144165
     8   2.4200   0.0300   0.155000   1.3810   1.2100   0.030040813   0.268726247
     9   2.4200   0.0300   0.065000   1.3810   1.2100   0.030040813   0.268726247
    10   2.9000   0.1400  -0.300000   1.5900   1.4000   0.020110767  -0.896042159
    11   3.5000   0.0660   0.110000   1.9750   1.7500   0.005000000  -0.741685710
    12   2.5000   0.0300   0.030000   1.4250   1.2500   0.008598240   0.268726247
    13   2.5000   0.0300   0.030000   1.4250   1.2500   0.008598240   0.268726247
    14   2.5000   0.0300   0.030000   1.4250   1.2500   0.008598240   0.268726247
    15   1.1833   0.0700   0.000364   2.5000   1.7750   0.001000000  -0.843144165
    16   1.1833   0.0700   0.000364   2.5000   1.7750   0.001000000  -0.843144165
    17   1.1833   0.0700   0.000364   2.5000   1.7750   0.001000000  -0.843144165
    18   1.1833   0.0700   0.000364   2.5000   1.7750   0.001000000  -0.843144165
    19   0.8067   0.0300   0.000364   1.3810   1.2100   0.030040813   0.268726247
    20   1.1833   0.0700   0.000364   2.5000   1.7750   0.001000000  -0.843144165
    21   0.8067   0.0300   0.000364   1.3810   1.2100   0.030040813   0.268726247
    22   1.1833   0.0700   0.000364   2.5000   1.7750   0.001000000  -0.843144165
    23   0.8067   0.0300   0.000364   1.3810   1.2100   0.030040813   0.268726247
    24   0.8067   0.0300   0.000364   1.3810   1.2100   0.030040813   0.268726247
    25   0.8067   0.0300   0.000364   1.3810   1.2100   0.030040813   0.268726247
BOND
     1     4   483.000  1.339
     2     1   483.000  1.339
     2     3   469.000  1.400
     2    15   375.000  1.208
     3    10   450.000  1.364
     4     5   469.000  1.400
     4     6   367.000  1.080
     5     7   469.000  1.400
     5     8   367.000  1.080
     7     3   469.000  1.400
     7     9   367.000  1.080
    10    11   320.000  1.410
    11    12   340.000  1.090
    11    13   340.000  1.090
    11    14   340.000  1.090
    15    16   469.000  0.467
    15    17   469.000  0.467
    16    18   469.000  0.467
    16    19   367.000  0.360
    17    21   367.000  0.360
    18    22   469.000  0.467
    18    23   367.000  0.360
    20    17   469.000  0.467
    20    24   367.000  0.360
    22    20   469.000  0.467
    22    25   367.000  0.360
THET
     1     2     3    70.00000  124.00000
     1     2    15    70.00000  116.69200
     3     2    15    60.00000  122.76000
     2     1     4    70.00000  117.00000
     1     4     5    70.00000  124.00000
     1     4     6    35.00000  116.00000
     5     4     6    35.00000  120.00000
     4     5     7    63.00000  120.00000
     4     5     8    35.00000  120.00000
     7     5     8    35.00000  120.00000
     5     7     3    63.00000  120.00000
     5     7     9    35.00000  120.00000
     3     7     9    35.00000  120.00000
     2     3     7    63.00000  120.00000
     2     3    10    70.00000  120.00000
     7     3    10    70.00000  120.00000
     3    10    11    75.00000  111.00000
    10    11    12    35.00000  109.50000
    10    11    13    35.00000  109.50000
    10    11    14    35.00000  109.50000
    12    11    13    33.00000  107.80000
    12    11    14    33.00000  107.80000
    13    11    14    33.00000  107.80000
     2    15    16    60.00000  122.76000
     2    15    17    60.00000  122.76000
    16    15    17    63.00000  120.00000
    15    16    18    63.00000  120.00000
    15    16    19    35.00000  120.00000
    18    16    19    35.00000  120.00000
    16    18    22    63.00000  120.00000
    16    18    23    35.00000  120.00000
    22    18    23    35.00000  120.00000
    18    22    20    63.00000  120.00000
    18    22    25    35.00000  120.00000
    20    22    25    35.00000  120.00000
    22    20    17    63.00000  120.00000
    22    20    24    35.00000  120.00000
    17    20    24    35.00000  120.00000
    15    17    20    63.00000  120.00000
    15    17    21    35.00000  120.00000
    20    17    21    35.00000  120.00000
PHI
    3     2     1     4   0.00000  1.0 1.0
    3     2     1     4   3.62500 -1.0 2.0
    3     2     1     4   0.00000  1.0 3.0
    3     2     1     4   0.00000 -1.0 4.0
   15     2     1     4   0.00000  1.0 1.0
   15     2     1     4   3.62500 -1.0 2.0
   15     2     1     4   0.00000  1.0 3.0
   15     2     1     4   0.00000 -1.0 4.0
    1     2     3     7   0.00000  1.0 1.0
    1     2     3     7   3.62500 -1.0 2.0
    1     2     3     7   0.00000  1.0 3.0
    1     2     3     7   0.00000 -1.0 4.0
    1     2     3    10   0.00000  1.0 1.0
    1     2     3    10   3.62500 -1.0 2.0
    1     2     3    10   0.00000  1.0 3.0
    1     2     3    10   0.00000 -1.0 4.0
   15     2     3     7   0.00000  1.0 1.0
   15     2     3     7   3.62500 -1.0 2.0
   15     2     3     7   0.00000  1.0 3.0
   15     2     3     7   0.00000 -1.0 4.0
   15     2     3    10   0.00000  1.0 1.0
   15     2     3    10   3.62500 -1.0 2.0
   15     2     3    10   0.00000  1.0 3.0
   15     2     3    10   0.00000 -1.0 4.0
    1     2    15    16   0.04300  1.0 1.0
    1     2    15    16   0.58850 -1.0 2.0
    1     2    15    16   0.22750  1.0 3.0
    1     2    15    16   0.00000 -1.0 4.0
    1     2    15    17   0.04300  1.0 1.0
    1     2    15    17   0.58850 -1.0 2.0
    1     2    15    17   0.22750  1.0 3.0
    1     2    15    17   0.00000 -1.0 4.0
    3     2    15    16  -0.19450  1.0 1.0
    3     2    15    16   0.63300 -1.0 2.0
    3     2    15    16   0.07450  1.0 3.0
    3     2    15    16   0.00000 -1.0 4.0
    3     2    15    17  -0.19450  1.0 1.0
    3     2    15    17   0.63300 -1.0 2.0
    3     2    15    17   0.07450  1.0 3.0
    3     2    15    17   0.00000 -1.0 4.0
    2     1     4     5   0.00000  1.0 1.0
    2     1     4     5   3.62500 -1.0 2.0
    2     1     4     5   0.00000  1.0 3.0
    2     1     4     5   0.00000 -1.0 4.0
    2     1     4     6   0.00000  1.0 1.0
    2     1     4     6   3.62500 -1.0 2.0
    2     1     4     6   0.00000  1.0 3.0
    2     1     4     6   0.00000 -1.0 4.0
    1     4    -5     7   0.00000  1.0 1.0
    1     4    -5     7   3.62500 -1.0 2.0
    1     4    -5     7   0.00000  1.0 3.0
    1     4    -5     7   0.00000 -1.0 4.0
    1     4     5     8   0.00000  1.0 1.0
    1     4     5     8   3.62500 -1.0 2.0
    1     4     5     8   0.00000  1.0 3.0
    1     4     5     8   0.00000 -1.0 4.0
    6     4     5     7   0.00000  1.0 1.0
    6     4     5     7   3.62500 -1.0 2.0
    6     4     5     7   0.00000  1.0 3.0
    6     4     5     7   0.00000 -1.0 4.0
    6     4     5     8   0.00000  1.0 1.0
    6     4     5     8   3.62500 -1.0 2.0
    6     4     5     8   0.00000  1.0 3.0
    6     4     5     8   0.00000 -1.0 4.0
    4     5    -7     3   0.00000  1.0 1.0
    4     5    -7     3   3.62500 -1.0 2.0
    4     5    -7     3   0.00000  1.0 3.0
    4     5    -7     3   0.00000 -1.0 4.0
    4     5     7     9   0.00000  1.0 1.0
    4     5     7     9   3.62500 -1.0 2.0
    4     5     7     9   0.00000  1.0 3.0
    4     5     7     9   0.00000 -1.0 4.0
    8     5     7     3   0.00000  1.0 1.0
    8     5     7     3   3.62500 -1.0 2.0
    8     5     7     3   0.00000  1.0 3.0
    8     5     7     3   0.00000 -1.0 4.0
    8     5     7     9   0.00000  1.0 1.0
    8     5     7     9   3.62500 -1.0 2.0
    8     5     7     9   0.00000  1.0 3.0
    8     5     7     9   0.00000 -1.0 4.0
    5     7    -3     2   0.00000  1.0 1.0
    5     7    -3     2   3.62500 -1.0 2.0
    5     7    -3     2   0.00000  1.0 3.0
    5     7    -3     2   0.00000 -1.0 4.0
    5     7     3    10   0.00000  1.0 1.0
    5     7     3    10   3.62500 -1.0 2.0
    5     7     3    10   0.00000  1.0 3.0
    5     7     3    10   0.00000 -1.0 4.0
    9     7     3     2   0.00000  1.0 1.0
    9     7     3     2   3.62500 -1.0 2.0
    9     7     3     2   0.00000  1.0 3.0
    9     7     3     2   0.00000 -1.0 4.0
    9     7     3    10   0.00000  1.0 1.0
    9     7     3    10   3.62500 -1.0 2.0
    9     7     3    10   0.00000  1.0 3.0
    9     7     3    10   0.00000 -1.0 4.0
    2     3    10    11   0.00000  1.0 1.0
    2     3    10    11   1.95800 -1.0 2.0
    2     3    10    11   0.00000  1.0 3.0
    2     3    10    11   0.00000 -1.0 4.0
    7     3    10    11   0.00000  1.0 1.0
    7     3    10    11   1.95800 -1.0 2.0
    7     3    10    11   0.00000  1.0 3.0
    7     3    10    11   0.00000 -1.0 4.0
    3    10    11    12   0.00000  1.0 1.0
    3    10    11    12   0.00000 -1.0 2.0
    3    10    11    12   0.08050  1.0 3.0
    3    10    11    12   0.00000 -1.0 4.0
    3    10    11    13   0.00000  1.0 1.0
    3    10    11    13   0.00000 -1.0 2.0
    3    10    11    13   0.08050  1.0 3.0
    3    10    11    13   0.00000 -1.0 4.0
    3    10    11    14   0.00000  1.0 1.0
    3    10    11    14   0.00000 -1.0 2.0
    3    10    11    14   0.08050  1.0 3.0
    3    10    11    14   0.00000 -1.0 4.0
    2    15    16    18   0.00000  1.0 1.0
    2    15    16    18   3.62500 -1.0 2.0
    2    15    16    18   0.00000  1.0 3.0
    2    15    16    18   0.00000 -1.0 4.0
    2    15    16    19   0.00000  1.0 1.0
    2    15    16    19   3.62500 -1.0 2.0
    2    15    16    19   0.00000  1.0 3.0
    2    15    16    19   0.00000 -1.0 4.0
   17    15    16    18   0.00000  1.0 1.0
   17    15    16    18   3.62500 -1.0 2.0
   17    15    16    18   0.00000  1.0 3.0
   17    15    16    18   0.00000 -1.0 4.0
   17    15    16    19   0.00000  1.0 1.0
   17    15    16    19   3.62500 -1.0 2.0
   17    15    16    19   0.00000  1.0 3.0
   17    15    16    19   0.00000 -1.0 4.0
    2    15    17    20   0.00000  1.0 1.0
    2    15    17    20   3.62500 -1.0 2.0
    2    15    17    20   0.00000  1.0 3.0
    2    15    17    20   0.00000 -1.0 4.0
    2    15    17    21   0.00000  1.0 1.0
    2    15    17    21   3.62500 -1.0 2.0
    2    15    17    21   0.00000  1.0 3.0
    2    15    17    21   0.00000 -1.0 4.0
   16    15    17    20   0.00000  1.0 1.0
   16    15    17    20   3.62500 -1.0 2.0
   16    15    17    20   0.00000  1.0 3.0
   16    15    17    20   0.00000 -1.0 4.0
   16    15    17    21   0.00000  1.0 1.0
   16    15    17    21   3.62500 -1.0 2.0
   16    15    17    21   0.00000  1.0 3.0
   16    15    17    21   0.00000 -1.0 4.0
   15    16    18    22   0.00000  1.0 1.0
   15    16    18    22   3.62500 -1.0 2.0
   15    16    18    22   0.00000  1.0 3.0
   15    16    18    22   0.00000 -1.0 4.0
   15    16    18    23   0.00000  1.0 1.0
   15    16    18    23   3.62500 -1.0 2.0
   15    16    18    23   0.00000  1.0 3.0
   15    16    18    23   0.00000 -1.0 4.0
   19    16    18    22   0.00000  1.0 1.0
   19    16    18    22   3.62500 -1.0 2.0
   19    16    18    22   0.00000  1.0 3.0
   19    16    18    22   0.00000 -1.0 4.0
   19    16    18    23   0.00000  1.0 1.0
   19    16    18    23   3.62500 -1.0 2.0
   19    16    18    23   0.00000  1.0 3.0
   19    16    18    23   0.00000 -1.0 4.0
   16    18   -22    20   0.00000  1.0 1.0
   16    18   -22    20   3.62500 -1.0 2.0
   16    18   -22    20   0.00000  1.0 3.0
   16    18   -22    20   0.00000 -1.0 4.0
   16    18    22    25   0.00000  1.0 1.0
   16    18    22    25   3.62500 -1.0 2.0
   16    18    22    25   0.00000  1.0 3.0
   16    18    22    25   0.00000 -1.0 4.0
   23    18    22    20   0.00000  1.0 1.0
   23    18    22    20   3.62500 -1.0 2.0
   23    18    22    20   0.00000  1.0 3.0
   23    18    22    20   0.00000 -1.0 4.0
   23    18    22    25   0.00000  1.0 1.0
   23    18    22    25   3.62500 -1.0 2.0
   23    18    22    25   0.00000  1.0 3.0
   23    18    22    25   0.00000 -1.0 4.0
   18    22   -20    17   0.00000  1.0 1.0
   18    22   -20    17   3.62500 -1.0 2.0
   18    22   -20    17   0.00000  1.0 3.0
   18    22   -20    17   0.00000 -1.0 4.0
   18    22    20    24   0.00000  1.0 1.0
   18    22    20    24   3.62500 -1.0 2.0
   18    22    20    24   0.00000  1.0 3.0
   18    22    20    24   0.00000 -1.0 4.0
   25    22    20    17   0.00000  1.0 1.0
   25    22    20    17   3.62500 -1.0 2.0
   25    22    20    17   0.00000  1.0 3.0
   25    22    20    17   0.00000 -1.0 4.0
   25    22    20    24   0.00000  1.0 1.0
   25    22    20    24   3.62500 -1.0 2.0
   25    22    20    24   0.00000  1.0 3.0
   25    22    20    24   0.00000 -1.0 4.0
   22    20   -17    15   0.00000  1.0 1.0
   22    20   -17    15   3.62500 -1.0 2.0
   22    20   -17    15   0.00000  1.0 3.0
   22    20   -17    15   0.00000 -1.0 4.0
   22    20    17    21   0.00000  1.0 1.0
   22    20    17    21   3.62500 -1.0 2.0
   22    20    17    21   0.00000  1.0 3.0
   22    20    17    21   0.00000 -1.0 4.0
   24    20    17    15   0.00000  1.0 1.0
   24    20    17    15   3.62500 -1.0 2.0
   24    20    17    15   0.00000  1.0 3.0
   24    20    17    15   0.00000 -1.0 4.0
   24    20    17    21   0.00000  1.0 1.0
   24    20    17    21   3.62500 -1.0 2.0
   24    20    17    21   0.00000  1.0 3.0
   24    20    17    21   0.00000 -1.0 4.0
IPHI
     3    15     2     1   4.00000 -1.0 2.0
     5     6     4     1   1.10000 -1.0 2.0
     7     8     5     4   1.10000 -1.0 2.0
     3     9     7     5   1.10000 -1.0 2.0
     7    10     3     2   4.00000 -1.0 2.0
    16    17    15     2   4.00000 -1.0 2.0
    18    19    16    15   1.10000 -1.0 2.0
    22    23    18    16   1.10000 -1.0 2.0
    20    25    22    18   1.10000 -1.0 2.0
    17    24    20    22   1.10000 -1.0 2.0
    20    21    17    15   1.10000 -1.0 2.0
END