* LIGAND DATABASE FILE (OPLS2005)
*
GRW      25    26    41      66       0
    1     0 M   HC   _H4_     6   46.967015   36.885527   23.371494
    2     1 M   CT   _C6_     6    1.090817   85.854324  117.516446
    3     2 M   HC   _H5_     6    1.088899  109.686102  -44.316868
    4     2 S   OS   _O1_     6    1.418924  111.356258 -168.025006
    5     4 S   CA   _C5_     6    1.378159  118.223757   59.386528
    6     5 S   CA   _C1_     6    1.405429  117.771764 -177.436875
    7     5 S   CA   _C4_     6    1.413253  124.969586    2.766280
    8     6 S   NB   _N1_     6    1.347282  123.992599 -178.641353
    9     6 S   HA   _H6_     6    1.079335  120.092510    0.230629
   10     7 S   CA   _C3_     6    1.403126  119.131724  178.916609
   11     7 S   HA   _H3_     6    1.078932  121.884867   -0.496280
   12     8 S   CA   _C2_     6    1.346094  117.933790   -1.370207
   13    10 S   HA   _H2_     6    1.079001  120.729145  179.984573
   14    12 S   HA   _H1_     6    1.078891  116.492538 -179.663784
   15     2 S   CA   _G0_     6    1.096856  107.536236   72.278538
   16    15 S   CA   _G1_     6    1.404469  120.030437 -158.454916
   17    15 S   CA   _G5_     6    1.404457  119.986784   21.463376
   18    16 S   CA   _G2_     6    1.403746  120.002513 -179.978470
   19    16 S   HA   _G6_     6    1.103522  119.941837   -0.106429
   20    17 S   CA   _G4_     6    1.404591  119.992857  179.978464
   21    17 S   HA   _G10     6    1.103450  120.024565    0.043124
   22    18 S   CA   _G3_     6    1.403841  120.013682   -0.066154
   23    18 S   HA   _G7_     6    1.104335  119.984841  179.961411
   24    20 S   HA   _G9_     6    1.103562  119.981827  179.975238
   25    22 S   HA   _G8_     6    1.104178  120.004031 -179.947484
NBON
     1   2.5000   0.0300   0.030000   1.4250   1.2500   0.008598240   0.268726247
     2   3.5000   0.0660   0.181800   1.9750   1.7500   0.005000000  -0.741685710
     3   2.5000   0.0300   0.030000   1.4250   1.2500   0.008598240   0.268726247
     4   2.9000   0.1400  -0.300000   1.5900   1.4000   0.020110767  -0.896042159
     5   3.5500   0.0700  -0.192000   2.5000   1.7750   0.001000000  -0.843144165
     6   3.5500   0.0700   0.473000   2.5000   1.7750   0.001000000  -0.843144165
     7   3.5500   0.0700   0.227000   2.5000   1.7750   0.001000000  -0.843144165
     8   3.2500   0.1700  -0.678000   1.8100   1.6000   0.054801302  -1.445846770
     9   2.4200   0.0300   0.012000   1.3810   1.2100   0.030040813   0.268726247
    10   3.5500   0.0700  -0.447000   2.5000   1.7750   0.001000000  -0.843144165
    11   2.4200   0.0300   0.065000   1.3810   1.2100   0.030040813   0.268726247
    12   3.5500   0.0700   0.473000   2.5000   1.7750   0.001000000  -0.843144165
    13   2.4200   0.0300   0.155000   1.3810   1.2100   0.030040813   0.268726247
    14   2.4200   0.0300   0.012000   1.3810   1.2100   0.030040813   0.268726247
    15   0.3227   0.0700   0.000248   2.5000   1.7750   0.001000000  -0.843144165
    16   0.3227   0.0700   0.000248   2.5000   1.7750   0.001000000  -0.843144165
    17   0.3227   0.0700   0.000248   2.5000   1.7750   0.001000000  -0.843144165
    18   0.3227   0.0700   0.000248   2.5000   1.7750   0.001000000  -0.843144165
    19   0.2200   0.0300   0.000248   1.3810   1.2100   0.030040813   0.268726247
    20   0.3227   0.0700   0.000248   2.5000   1.7750   0.001000000  -0.843144165
    21   0.2200   0.0300   0.000248   1.3810   1.2100   0.030040813   0.268726247
    22   0.3227   0.0700   0.000248   2.5000   1.7750   0.001000000  -0.843144165
    23   0.2200   0.0300   0.000248   1.3810   1.2100   0.030040813   0.268726247
    24   0.2200   0.0300   0.000248   1.3810   1.2100   0.030040813   0.268726247
    25   0.2200   0.0300   0.000248   1.3810   1.2100   0.030040813   0.268726247
BOND
     2     1   340.000  1.090
     2     3   340.000  1.090
     2    15   317.000  1.128
     4     2   320.000  1.410
     5     4   450.000  1.364
     6     5   469.000  1.400
     6     8   483.000  1.339
     6     9   367.000  1.080
     7     5   469.000  1.400
     7    11   367.000  1.080
     8    12   483.000  1.339
    10     7   469.000  1.400
    10    13   367.000  1.080
    12    10   469.000  1.400
    12    14   367.000  1.080
    15    16   469.000  0.127
    15    17   469.000  0.127
    16    18   469.000  0.127
    16    19   367.000  0.098
    17    21   367.000  0.098
    18    22   469.000  0.127
    18    23   367.000  0.098
    20    17   469.000  0.127
    20    24   367.000  0.098
    22    20   469.000  0.127
    22    25   367.000  0.098
THET
     8     6     5    70.00000  124.00000
     8     6     9    35.00000  116.00000
     5     6     9    35.00000  120.00000
     6     8    12    70.00000  117.00000
     8    12    10    70.00000  124.00000
     8    12    14    35.00000  116.00000
    10    12    14    35.00000  120.00000
    12    10     7    63.00000  120.00000
    12    10    13    35.00000  120.00000
     7    10    13    35.00000  120.00000
    10     7     5    63.00000  120.00000
    10     7    11    35.00000  120.00000
     5     7    11    35.00000  120.00000
     6     5     7    63.00000  120.00000
     6     5     4    70.00000  120.00000
     7     5     4    70.00000  120.00000
     5     4     2    75.00000  111.00000
     4     2     1    35.00000  109.50000
     4     2     3    35.00000  109.50000
     4     2    15    85.00000  111.85700
     1     2     3    33.00000  107.80000
     1     2    15    35.00000  109.50000
     3     2    15    35.00000  109.50000
     2    15    16    70.00000  120.00000
     2    15    17    70.00000  120.00000
    16    15    17    63.00000  120.00000
    15    16    18    63.00000  120.00000
    15    16    19    35.00000  120.00000
    18    16    19    35.00000  120.00000
    16    18    22    63.00000  120.00000
    16    18    23    35.00000  120.00000
    22    18    23    35.00000  120.00000
    18    22    20    63.00000  120.00000
    18    22    25    35.00000  120.00000
    20    22    25    35.00000  120.00000
    22    20    17    63.00000  120.00000
    22    20    24    35.00000  120.00000
    17    20    24    35.00000  120.00000
    15    17    20    63.00000  120.00000
    15    17    21    35.00000  120.00000
    20    17    21    35.00000  120.00000
PHI
    5     6     8    12   0.00000  1.0 1.0
    5     6     8    12   3.62500 -1.0 2.0
    5     6     8    12   0.00000  1.0 3.0
    5     6     8    12   0.00000 -1.0 4.0
    9     6     8    12   0.00000  1.0 1.0
    9     6     8    12   3.62500 -1.0 2.0
    9     6     8    12   0.00000  1.0 3.0
    9     6     8    12   0.00000 -1.0 4.0
    8     6     5     7   0.00000  1.0 1.0
    8     6     5     7   3.62500 -1.0 2.0
    8     6     5     7   0.00000  1.0 3.0
    8     6     5     7   0.00000 -1.0 4.0
    8     6     5     4   0.00000  1.0 1.0
    8     6     5     4   3.62500 -1.0 2.0
    8     6     5     4   0.00000  1.0 3.0
    8     6     5     4   0.00000 -1.0 4.0
    9     6     5     7   0.00000  1.0 1.0
    9     6     5     7   3.62500 -1.0 2.0
    9     6     5     7   0.00000  1.0 3.0
    9     6     5     7   0.00000 -1.0 4.0
    9     6     5     4   0.00000  1.0 1.0
    9     6     5     4   3.62500 -1.0 2.0
    9     6     5     4   0.00000  1.0 3.0
    9     6     5     4   0.00000 -1.0 4.0
    6     8    12    10   0.00000  1.0 1.0
    6     8    12    10   3.62500 -1.0 2.0
    6     8    12    10   0.00000  1.0 3.0
    6     8    12    10   0.00000 -1.0 4.0
    6     8    12    14   0.00000  1.0 1.0
    6     8    12    14   3.62500 -1.0 2.0
    6     8    12    14   0.00000  1.0 3.0
    6     8    12    14   0.00000 -1.0 4.0
    8    12   -10     7   0.00000  1.0 1.0
    8    12   -10     7   3.62500 -1.0 2.0
    8    12   -10     7   0.00000  1.0 3.0
    8    12   -10     7   0.00000 -1.0 4.0
    8    12    10    13   0.00000  1.0 1.0
    8    12    10    13   3.62500 -1.0 2.0
    8    12    10    13   0.00000  1.0 3.0
    8    12    10    13   0.00000 -1.0 4.0
   14    12    10     7   0.00000  1.0 1.0
   14    12    10     7   3.62500 -1.0 2.0
   14    12    10     7   0.00000  1.0 3.0
   14    12    10     7   0.00000 -1.0 4.0
   14    12    10    13   0.00000  1.0 1.0
   14    12    10    13   3.62500 -1.0 2.0
   14    12    10    13   0.00000  1.0 3.0
   14    12    10    13   0.00000 -1.0 4.0
   12    10    -7     5   0.00000  1.0 1.0
   12    10    -7     5   3.62500 -1.0 2.0
   12    10    -7     5   0.00000  1.0 3.0
   12    10    -7     5   0.00000 -1.0 4.0
   12    10     7    11   0.00000  1.0 1.0
   12    10     7    11   3.62500 -1.0 2.0
   12    10     7    11   0.00000  1.0 3.0
   12    10     7    11   0.00000 -1.0 4.0
   13    10     7     5   0.00000  1.0 1.0
   13    10     7     5   3.62500 -1.0 2.0
   13    10     7     5   0.00000  1.0 3.0
   13    10     7     5   0.00000 -1.0 4.0
   13    10     7    11   0.00000  1.0 1.0
   13    10     7    11   3.62500 -1.0 2.0
   13    10     7    11   0.00000  1.0 3.0
   13    10     7    11   0.00000 -1.0 4.0
   10     7    -5     6   0.00000  1.0 1.0
   10     7    -5     6   3.62500 -1.0 2.0
   10     7    -5     6   0.00000  1.0 3.0
   10     7    -5     6   0.00000 -1.0 4.0
   10     7     5     4   0.00000  1.0 1.0
   10     7     5     4   3.62500 -1.0 2.0
   10     7     5     4   0.00000  1.0 3.0
   10     7     5     4   0.00000 -1.0 4.0
   11     7     5     6   0.00000  1.0 1.0
   11     7     5     6   3.62500 -1.0 2.0
   11     7     5     6   0.00000  1.0 3.0
   11     7     5     6   0.00000 -1.0 4.0
   11     7     5     4   0.00000  1.0 1.0
   11     7     5     4   3.62500 -1.0 2.0
   11     7     5     4   0.00000  1.0 3.0
   11     7     5     4   0.00000 -1.0 4.0
    6     5     4     2   0.00000  1.0 1.0
    6     5     4     2   1.95800 -1.0 2.0
    6     5     4     2   0.00000  1.0 3.0
    6     5     4     2   0.00000 -1.0 4.0
    7     5     4     2   0.00000  1.0 1.0
    7     5     4     2   1.95800 -1.0 2.0
    7     5     4     2   0.00000  1.0 3.0
    7     5     4     2   0.00000 -1.0 4.0
    5     4     2     1   0.00000  1.0 1.0
    5     4     2     1   0.00000 -1.0 2.0
    5     4     2     1   0.08050  1.0 3.0
    5     4     2     1   0.00000 -1.0 4.0
    5     4     2     3   0.00000  1.0 1.0
    5     4     2     3   0.00000 -1.0 2.0
    5     4     2     3   0.08050  1.0 3.0
    5     4     2     3   0.00000 -1.0 4.0
    5     4     2    15  -0.50150  1.0 1.0
    5     4     2    15  -0.23050 -1.0 2.0
    5     4     2    15   0.70600  1.0 3.0
    5     4     2    15   0.00000 -1.0 4.0
    4     2    15    16   0.64500  1.0 1.0
    4     2    15    16   0.14800 -1.0 2.0
    4     2    15    16   0.20650  1.0 3.0
    4     2    15    16   0.00000 -1.0 4.0
    4     2    15    17   0.64500  1.0 1.0
    4     2    15    17   0.14800 -1.0 2.0
    4     2    15    17   0.20650  1.0 3.0
    4     2    15    17   0.00000 -1.0 4.0
    1     2    15    16   0.00000  1.0 1.0
    1     2    15    17   0.00000  1.0 1.0
    3     2    15    16   0.00000  1.0 1.0
    3     2    15    17   0.00000  1.0 1.0
    2    15    16    18   0.00000  1.0 1.0
    2    15    16    18   3.62500 -1.0 2.0
    2    15    16    18   0.00000  1.0 3.0
    2    15    16    18   0.00000 -1.0 4.0
    2    15    16    19   0.00000  1.0 1.0
    2    15    16    19   3.62500 -1.0 2.0
    2    15    16    19   0.00000  1.0 3.0
    2    15    16    19   0.00000 -1.0 4.0
   17    15    16    18   0.00000  1.0 1.0
   17    15    16    18   3.62500 -1.0 2.0
   17    15    16    18   0.00000  1.0 3.0
   17    15    16    18   0.00000 -1.0 4.0
   17    15    16    19   0.00000  1.0 1.0
   17    15    16    19   3.62500 -1.0 2.0
   17    15    16    19   0.00000  1.0 3.0
   17    15    16    19   0.00000 -1.0 4.0
    2    15    17    20   0.00000  1.0 1.0
    2    15    17    20   3.62500 -1.0 2.0
    2    15    17    20   0.00000  1.0 3.0
    2    15    17    20   0.00000 -1.0 4.0
    2    15    17    21   0.00000  1.0 1.0
    2    15    17    21   3.62500 -1.0 2.0
    2    15    17    21   0.00000  1.0 3.0
    2    15    17    21   0.00000 -1.0 4.0
   16    15    17    20   0.00000  1.0 1.0
   16    15    17    20   3.62500 -1.0 2.0
   16    15    17    20   0.00000  1.0 3.0
   16    15    17    20   0.00000 -1.0 4.0
   16    15    17    21   0.00000  1.0 1.0
   16    15    17    21   3.62500 -1.0 2.0
   16    15    17    21   0.00000  1.0 3.0
   16    15    17    21   0.00000 -1.0 4.0
   15    16    18    22   0.00000  1.0 1.0
   15    16    18    22   3.62500 -1.0 2.0
   15    16    18    22   0.00000  1.0 3.0
   15    16    18    22   0.00000 -1.0 4.0
   15    16    18    23   0.00000  1.0 1.0
   15    16    18    23   3.62500 -1.0 2.0
   15    16    18    23   0.00000  1.0 3.0
   15    16    18    23   0.00000 -1.0 4.0
   19    16    18    22   0.00000  1.0 1.0
   19    16    18    22   3.62500 -1.0 2.0
   19    16    18    22   0.00000  1.0 3.0
   19    16    18    22   0.00000 -1.0 4.0
   19    16    18    23   0.00000  1.0 1.0
   19    16    18    23   3.62500 -1.0 2.0
   19    16    18    23   0.00000  1.0 3.0
   19    16    18    23   0.00000 -1.0 4.0
   16    18   -22    20   0.00000  1.0 1.0
   16    18   -22    20   3.62500 -1.0 2.0
   16    18   -22    20   0.00000  1.0 3.0
   16    18   -22    20   0.00000 -1.0 4.0
   16    18    22    25   0.00000  1.0 1.0
   16    18    22    25   3.62500 -1.0 2.0
   16    18    22    25   0.00000  1.0 3.0
   16    18    22    25   0.00000 -1.0 4.0
   23    18    22    20   0.00000  1.0 1.0
   23    18    22    20   3.62500 -1.0 2.0
   23    18    22    20   0.00000  1.0 3.0
   23    18    22    20   0.00000 -1.0 4.0
   23    18    22    25   0.00000  1.0 1.0
   23    18    22    25   3.62500 -1.0 2.0
   23    18    22    25   0.00000  1.0 3.0
   23    18    22    25   0.00000 -1.0 4.0
   18    22   -20    17   0.00000  1.0 1.0
   18    22   -20    17   3.62500 -1.0 2.0
   18    22   -20    17   0.00000  1.0 3.0
   18    22   -20    17   0.00000 -1.0 4.0
   18    22    20    24   0.00000  1.0 1.0
   18    22    20    24   3.62500 -1.0 2.0
   18    22    20    24   0.00000  1.0 3.0
   18    22    20    24   0.00000 -1.0 4.0
   25    22    20    17   0.00000  1.0 1.0
   25    22    20    17   3.62500 -1.0 2.0
   25    22    20    17   0.00000  1.0 3.0
   25    22    20    17   0.00000 -1.0 4.0
   25    22    20    24   0.00000  1.0 1.0
   25    22    20    24   3.62500 -1.0 2.0
   25    22    20    24   0.00000  1.0 3.0
   25    22    20    24   0.00000 -1.0 4.0
   22    20   -17    15   0.00000  1.0 1.0
   22    20   -17    15   3.62500 -1.0 2.0
   22    20   -17    15   0.00000  1.0 3.0
   22    20   -17    15   0.00000 -1.0 4.0
   22    20    17    21   0.00000  1.0 1.0
   22    20    17    21   3.62500 -1.0 2.0
   22    20    17    21   0.00000  1.0 3.0
   22    20    17    21   0.00000 -1.0 4.0
   24    20    17    15   0.00000  1.0 1.0
   24    20    17    15   3.62500 -1.0 2.0
   24    20    17    15   0.00000  1.0 3.0
   24    20    17    15   0.00000 -1.0 4.0
   24    20    17    21   0.00000  1.0 1.0
   24    20    17    21   3.62500 -1.0 2.0
   24    20    17    21   0.00000  1.0 3.0
   24    20    17    21   0.00000 -1.0 4.0
IPHI
     5     9     6     8   1.10000 -1.0 2.0
    10    14    12     8   1.10000 -1.0 2.0
     7    13    10    12   1.10000 -1.0 2.0
     5    11     7    10   1.10000 -1.0 2.0
     7     4     5     6   4.00000 -1.0 2.0
    16    17    15     2   4.00000 -1.0 2.0
    18    19    16    15   1.10000 -1.0 2.0
    22    23    18    16   1.10000 -1.0 2.0
    20    25    22    18   1.10000 -1.0 2.0
    17    24    20    22   1.10000 -1.0 2.0
    20    21    17    15   1.10000 -1.0 2.0
END