* LIGAND DATABASE FILE (AMBER)  HANDMADE from GROMACS and NOT TESTED!!!
*
CYX    10    9     14     15      38
    1     0 M   N    _N__     1     1.33000   115.16077  -180.00000
    2     1 S   H    _H__     7     1.01000   120.00002     0.00000
    3     1 M   CT1  _CA_     2     1.46293   122.75303  -180.00000
    4     3 S   HC   _HA_     8     1.09000   109.50002   -54.85588
    5     3 M   C    _C__     3     1.53690   110.06471   180.00000
    6     5 S   O    _O__     4     1.22961   121.28130     0.02798
    7     3 S   CT   _CB_     5     1.53919   110.30479    54.85581
    8     7 S   HC   _HB2     9     1.09000   109.50005   -60.01051
    9     7 S   HC   _HB3    10     1.09000   109.50004    59.98952
   10     7 S   SH   _SG_     6     1.81676   113.09674   180.00000
   9   4   8   6   5   1   4   3   2   1   1
    3     5     6     7    10     2     4     8     9  
    4     3     5     7  
    5     6     7    10     4     8     9      
    8     9     5     6     7    10  
    6     7    10     8     9  
    7  
   10     8     9    
    9    10      
   10
    0  
NBON
    1   1.8240   0.1700  -0.4157   1.9200   1.7000   0.168599800  -5.228863800
    2   0.6000   0.0157   0.2719   0.9960   0.8600   0.079817800  -1.129220000
    3   1.9080   0.1094   0.0213   1.9750   1.7500   0.000085900  -0.754493700
    4   1.3870   0.0157   0.1124   1.4250   1.2500   0.008394800   0.285390400
    5   1.9080   0.0860   0.5973   2.1120   1.8750  -0.026933700  -0.722204000
    6   1.6612   0.2100  -0.5679   1.6780   1.4800   0.010478200   0.635855300
    7   1.9080   0.1094  -0.1231   1.9750   1.7500   0.000085900  -0.754493700
    8   1.3870   0.0157   0.1112   1.4250   1.2500   0.008394800   0.285390400
    9   1.3870   0.0157   0.1112   1.4250   1.2500   0.008394800   0.285390400
   10   2.0000   0.2500  -0.1081   2.0300   1.8000   0.036234600  -1.946073900
BOND
    1     3   337.000  1.449
    1     2   434.000  1.010
    3     5   317.000  1.522
    3     4   340.000  1.090
    3     7   310.000  1.526
    5     6   570.000  1.229
    7    10   237.000  1.810
    7     8   340.000  1.090
    7     9   340.000  1.090
THET
    3     1     2    50.00000  118.04000
    1     3     5    63.00000  110.10000
    1     3     4    50.00000  109.50000
    1     3     7    80.00000  109.70000
    5     3     4    50.00000  109.50000
    5     3     7    63.00000  111.10000
    4     3     7    50.00000  109.50000
    3     5     6    80.00000  120.40000
    3     7    10    50.00000  108.60000
    3     7     8    50.00000  109.50000
    3     7     9    50.00000  109.50000
   10     7     8    50.00000  109.50000
   10     7     9    50.00000  109.50000
    8     7     9    35.00000  109.50000
PHI
    4     3     5     6   0.80000  1.0 1.0
    4     3     5     6   0.08000 -1.0 3.0
    1     3     7    10   0.15600  1.0 3.0
    1     3     7     8   0.15600  1.0 3.0
    1     3     7     9   0.15600  1.0 3.0
    5     3     7    10   0.15600  1.0 3.0
    5     3     7     8   0.15600  1.0 3.0
    5     3     7     9   0.15600  1.0 3.0
    4     3     7    10   0.15600  1.0 3.0
    4     3     7     8   0.15600  1.0 3.0
    4     3     7     9   0.15600  1.0 3.0
IPHI
END
