* LIGAND DATABASE FILE (AMBER)  HANDMADE from GROMACS and NOT TESTED!!!
*
CYXB   12    11     19     21      51
    1     0 M   N3   _N__     1    20.84143    91.64894  -142.23340
    2     1 S   H    _H1_    11     1.01000    66.70630  -168.77475
    3     1 S   H    _H2_    12     1.01000   161.47383   -87.06762
    4     1 S   H    _H3_    13     1.01000    88.53859    79.29357
    5     1 M   CT1  _CA_     2     1.46292    58.23190   -34.82048
    6     5 S   HC   _HA_     8     1.11300   107.81907  -107.18183
    7     5 M   C    _C__     3     1.53690   110.06467   135.45659
    8     7 S   O    _O__     4     1.22961   121.28127     0.02798
    9     5 S   CT   _CB_     5     1.53919   110.30484    10.31254
   10     9 S   HC   _HB2     9     1.11300   108.57433   -59.43796
   11     9 S   HC   _HB3    10     1.11300   108.57430    59.41676
   12     9 S   SH   _SG_     6     1.81676   113.09673   179.98022
  11   6   5   4   8   6   5   1   4   3   2   1   1
    5     7     8     9    12     6    10    11     2     3     4  
    3     4     5     6     7     9  
    4     5     6     7     9  
    5     6     7     9  
    7     8     9    12     6    10    11  
   10    11     7     8     9    12  
    8     9    12    10    11  
    9  
   12    10    11  
   11    12      
   12     
    0  
NBON
    1   1.8240   0.1700   0.2069   2.1000   1.6250  -0.100907100   4.805719700
    2   0.6000   0.0157   0.1815   0.9960   0.8600   0.079817800  -1.129220000
    3   0.6000   0.0157   0.1815   0.9960   0.8600   0.079817800  -1.129220000
    4   0.6000   0.0157   0.1815   0.9960   0.8600   0.079817800  -1.129220000
    5   1.9080   0.1094   0.1055   1.9750   1.7500   0.000085900  -0.754493700
    6   1.3870   0.0157   0.0922   1.4250   1.2500   0.008394800   0.285390400
    7   1.9080   0.0860   0.6123   2.1120   1.8750  -0.026933700  -0.722204000
    8   1.6612   0.2100  -0.5713   1.6780   1.4800   0.010478200   0.635855300
    9   1.9080   0.1094  -0.0277   1.9750   1.7500   0.000085900  -0.754493700
   10   1.3870   0.0157   0.0680   1.4250   1.2500   0.008394800   0.285390400
   11   1.3870   0.0157   0.0680   1.4250   1.2500   0.008394800   0.285390400
   12   2.0000   0.2500  -0.0984   2.0300   1.8000   0.036234600  -1.946073900
BOND
    1     5   367.000  1.471
    1     2   434.000  1.010
    1     3   434.000  1.010
    1     4   434.000  1.010
    5     7   317.000  1.522
    5     6   340.000  1.090
    5     9   310.000  1.526
    7     8   570.000  1.229
    9    12   237.000  1.810
    9    10   340.000  1.090
    9    11   340.000  1.090
THET
    5     1     2    50.00000  109.50000
    5     1     3    50.00000  109.50000
    5     1     4    50.00000  109.50000
    2     1     3    35.00000  109.50000
    2     1     4    35.00000  109.50000
    3     1     4    35.00000  109.50000
    1     5     7    80.00000  111.20000
    1     5     6    50.00000  109.50000
    1     5     9    80.00000  111.20000
    7     5     6    50.00000  109.50000
    7     5     9    63.00000  111.10000
    6     5     9    50.00000  109.50000
    5     7     8    80.00000  120.40000
    5     9    12    50.00000  108.60000
    5     9    10    50.00000  109.50000
    5     9    11    50.00000  109.50000
   12     9    10    50.00000  109.50000
   12     9    11    50.00000  109.50000
   10     9    11    35.00000  109.50000
PHI
    2     1     5     7   0.15600  1.0 3.0
    2     1     5     6   0.15600  1.0 3.0
    2     1     5     9   0.15600  1.0 3.0
    3     1     5     7   0.15600  1.0 3.0
    3     1     5     6   0.15600  1.0 3.0
    3     1     5     9   0.15600  1.0 3.0
    4     1     5     7   0.15600  1.0 3.0
    4     1     5     6   0.15600  1.0 3.0
    4     1     5     9   0.15600  1.0 3.0
    6     5     7     8   0.80000  1.0 1.0
    6     5     7     8   0.08000 -1.0 3.0
    1     5     9    12   0.15600  1.0 3.0
    1     5     9    10   0.15600  1.0 3.0
    1     5     9    11   0.15600  1.0 3.0
    7     5     9    12   0.15600  1.0 3.0
    7     5     9    10   0.15600  1.0 3.0
    7     5     9    11   0.15600  1.0 3.0
    6     5     9    12   0.15600  1.0 3.0
    6     5     9    10   0.15600  1.0 3.0
    6     5     9    11   0.15600  1.0 3.0
IPHI
END
