* LIGAND DATABASE FILE (AMBER)
*
ILE    19    18     32     42      92
    1     0 M   N    _N__     1     1.33000   115.29891   180.00000
    2     1 S   H    _H__     9     1.01000   119.99998     0.02798
    3     1 M   CT1  _CA_     2     1.46261   122.78228   180.00000
    4     3 S   HC   _HA_    10     1.09000   109.50007   -53.33889
    5     3 M   C    _C__     3     1.53713   108.60155  -179.98022
    6     5 S   O    _O__     4     1.23138   121.28338     0.02798
    7     3 S   CT   _CB_     5     1.55529   111.73708    53.33900
    8     7 S   HC   _HB_    11     1.09000   109.49997    62.67015
    9     7 S   CT   _CG1     6     1.54269   111.26446   -62.01266
   10     9 S   HC   HG12    12     1.09000   109.49999   -60.11986
   11     9 S   HC   HG13    13     1.09000   109.49994    59.88019
   12     7 S   CT   _CG2     7     1.53912   111.06648   173.30455
   13    12 S   HC   HG21    14     1.09000   109.49998  -180.00000
   14    12 S   HC   HG22    15     1.09000   109.50001   -59.99998
   15    12 S   HC   HG23    16     1.09000   109.49994    60.00003
   16     9 S   CT   _CD1     8     1.53712   118.17504   179.88131
   17    16 S   HC   HD11    17     1.09000   109.49993   180.00000
   18    16 S   HC   HD12    18     1.09000   109.50002   -59.99998
   19    16 S   HC   HD13    19     1.09000   109.49998    60.00004
   9   4  13   6   5   1  12   8  10   6   5   4   2   1   1   3
   2   1   1
    3     5     6     7     9    12     2     4     8  
    4     3     5     7  
    5     6     7     9    12    16     4     8    10    11    13    14    15  
    8     5     6     7     9    12  
    6     7     9    12     8  
    7  
    9    12    16     8    10    11    13    14    15    17    18    19  
   10    11    13    14    15     9    12    16  
   12    16    10    11    13    14    15    17    18    19  
   11    17    18    19    12    16  
   17    18    19    12    16  
   16    13    14    15  
   14    15  
   15  
    0  
   17    18    19  
   18    19  
   19  
    0  
NBON
    1   1.8240   0.1700  -0.4157   1.9200   1.7000   0.168599800  -5.228863800
    2   0.6000   0.0157   0.2719   0.9960   0.8600   0.079817800  -1.129220000
    3   1.9080   0.1094  -0.0597   1.9750   1.7500   0.000085900  -0.754493700
    4   1.3870   0.0157   0.0869   1.4250   1.2500   0.008394800   0.285390400
    5   1.9080   0.0860   0.5973   2.1120   1.8750  -0.026933700  -0.722204000
    6   1.6612   0.2100  -0.5679   1.6780   1.4800   0.010478200   0.635855300
    7   1.9080   0.1094   0.1303   1.9750   1.7500   0.000085900  -0.754493700
    8   1.4870   0.0157   0.0187   1.4250   1.2500   0.008394800   0.285390400
    9   1.9080   0.1094  -0.0430   1.9750   1.7500   0.000085900  -0.754493700
   10   1.4870   0.0157   0.0236   1.4250   1.2500   0.008394800   0.285390400
   11   1.4870   0.0157   0.0236   1.4250   1.2500   0.008394800   0.285390400
   12   1.9080   0.1094  -0.3204   1.9750   1.7500   0.000085900  -0.754493700
   13   1.4870   0.0157   0.0882   1.4250   1.2500   0.008394800   0.285390400
   14   1.4870   0.0157   0.0882   1.4250   1.2500   0.008394800   0.285390400
   15   1.4870   0.0157   0.0882   1.4250   1.2500   0.008394800   0.285390400
   16   1.9080   0.1094  -0.0660   1.9750   1.7500   0.000085900  -0.754493700
   17   1.4870   0.0157   0.0186   1.4250   1.2500   0.008394800   0.285390400
   18   1.4870   0.0157   0.0186   1.4250   1.2500   0.008394800   0.285390400
   19   1.4870   0.0157   0.0186   1.4250   1.2500   0.008394800   0.285390400
BOND
    1     3   337.000  1.449
    1     2   434.000  1.010
    3     5   317.000  1.522
    3     4   340.000  1.090
    3     7   310.000  1.526
    5     6   570.000  1.229
    7     9   310.000  1.526
    7    12   310.000  1.526
    7     8   340.000  1.090
    9    16   310.000  1.526
    9    10   340.000  1.090
    9    11   340.000  1.090
   12    13   340.000  1.090
   12    14   340.000  1.090
   12    15   340.000  1.090
   16    17   340.000  1.090
   16    18   340.000  1.090
   16    19   340.000  1.090
THET
    3     1     2    50.00000  118.04000
    1     3     5    63.00000  110.10000
    1     3     4    50.00000  109.50000
    1     3     7    80.00000  109.70000
    5     3     4    50.00000  109.50000
    5     3     7    63.00000  111.10000
    4     3     7    50.00000  109.50000
    3     5     6    80.00000  120.40000
    3     7     9    40.00000  109.50000
    3     7    12    40.00000  109.50000
    3     7     8    50.00000  109.50000
    9     7    12    40.00000  109.50000
    9     7     8    50.00000  109.50000
   12     7     8    50.00000  109.50000
    7     9    16    40.00000  109.50000
    7     9    10    50.00000  109.50000
    7     9    11    50.00000  109.50000
   16     9    10    50.00000  109.50000
   16     9    11    50.00000  109.50000
   10     9    11    35.00000  109.50000
    7    12    13    50.00000  109.50000
    7    12    14    50.00000  109.50000
    7    12    15    50.00000  109.50000
   13    12    14    35.00000  109.50000
   13    12    15    35.00000  109.50000
   14    12    15    35.00000  109.50000
    9    16    17    50.00000  109.50000
    9    16    18    50.00000  109.50000
    9    16    19    50.00000  109.50000
   17    16    18    35.00000  109.50000
   17    16    19    35.00000  109.50000
   18    16    19    35.00000  109.50000
PHI
    4     3     5     6   0.80000  1.0 1.0
    4     3     5     6   0.08000 -1.0 3.0
    1     3     7     9   0.15600  1.0 3.0
    1     3     7    12   0.15600  1.0 3.0
    1     3     7     8   0.15600  1.0 3.0
    5     3     7     9   0.15600  1.0 3.0
    5     3     7    12   0.15600  1.0 3.0
    5     3     7     8   0.15600  1.0 3.0
    4     3     7     9   0.15600  1.0 3.0
    4     3     7    12   0.15600  1.0 3.0
    4     3     7     8   0.15600  1.0 3.0
    3     7     9    16   0.20000 -1.0 1.0
    3     7     9    16   0.25000 -1.0 2.0
    3     7     9    16   0.18000  1.0 3.0
    3     7     9    10   0.16000  1.0 3.0
    3     7     9    11   0.16000  1.0 3.0
   12     7     9    16   0.20000 -1.0 1.0
   12     7     9    16   0.25000 -1.0 2.0
   12     7     9    16   0.18000  1.0 3.0
   12     7     9    10   0.16000  1.0 3.0
   12     7     9    11   0.16000  1.0 3.0
    8     7     9    16   0.16000  1.0 3.0
    8     7     9    10   0.15000  1.0 3.0
    8     7     9    11   0.15000  1.0 3.0
    3     7    12    13   0.16000  1.0 3.0
    3     7    12    14   0.16000  1.0 3.0
    3     7    12    15   0.16000  1.0 3.0
    9     7    12    13   0.16000  1.0 3.0
    9     7    12    14   0.16000  1.0 3.0
    9     7    12    15   0.16000  1.0 3.0
    8     7    12    13   0.15000  1.0 3.0
    8     7    12    14   0.15000  1.0 3.0
    8     7    12    15   0.15000  1.0 3.0
    7     9    16    17   0.16000  1.0 3.0
    7     9    16    18   0.16000  1.0 3.0
    7     9    16    19   0.16000  1.0 3.0
   10     9    16    17   0.15000  1.0 3.0
   10     9    16    18   0.15000  1.0 3.0
   10     9    16    19   0.15000  1.0 3.0
   11     9    16    17   0.15000  1.0 3.0
   11     9    16    18   0.15000  1.0 3.0
   11     9    16    19   0.15000  1.0 3.0
IPHI
END
