* LIGAND DATABASE FILE (AMBER)
*
LEU    19    18     32     42      92
    1     0 M   N    _N__     1     1.33000   115.36692  -179.98022
    2     1 S   H    _H__     9     1.01000   119.99997    -0.00000
    3     1 M   CT1  _CA_     2     1.45103   124.00648  -179.98022
    4     3 S   HC   _HA_    10     1.09000   109.49998   -53.85905
    5     3 M   C    _C__     3     1.52639   107.27471   180.00000
    6     5 S   O    _O__     4     1.23216   119.70737     0.00000
    7     3 S   CT   _CB_     5     1.55304   112.30192    53.85901
    8     7 S   HC   _HB2    11     1.09000   109.49998   -59.96887
    9     7 S   HC   _HB3    12     1.09000   109.49999    60.03112
   10     7 S   CT   _CG_     6     1.54845   121.61063  -179.96574
   11    10 S   HC   _HG_    13     1.09000   109.50004   -67.94049
   12    10 S   CT   _CD1     7     1.52690   112.24180    56.03076
   13    12 S   HC   HD11    14     1.09000   109.50003   180.00000
   14    12 S   HC   HD12    15     1.09000   109.49995   -59.99997
   15    12 S   HC   HD13    16     1.09000   109.50000    59.99994
   16    10 S   CT   _CD2     8     1.52856   110.74379  -179.98022
   17    16 S   HC   HD21    17     1.09000   109.50004  -180.00000
   18    16 S   HC   HD22    18     1.09000   109.49996   -60.00002
   19    16 S   HC   HD23    19     1.09000   109.50003    59.99996
   9   4  10   6   5   1  12   5   4   9   8   7   3   2   1   3
   2   1   1
    3     5     6     7    10     2     4     8     9  
    4     3     5     7  
    5     6     7    10    12    16     4     8     9    11  
    8     9     5     6     7    10  
    6     7    10     8     9  
    7  
   10    12    16     8     9    11    13    14    15    17    18    19  
    9    11    10    12    16  
   11    10    12    16  
   12    16    11    13    14    15    17    18    19  
   13    14    15    17    18    19    12    16  
   16    13    14    15    17    18    19  
   14    15    16  
   15    16  
   16  
   17    18    19  
   18    19  
   19  
    0  
NBON
    1   1.8240   0.1700  -0.4157   1.9200   1.7000   0.168599800  -5.228863800
    2   0.6000   0.0157   0.2719   0.9960   0.8600   0.079817800  -1.129220000
    3   1.9080   0.1094  -0.0518   1.9750   1.7500   0.000085900  -0.754493700
    4   1.3870   0.0157   0.0922   1.4250   1.2500   0.008394800   0.285390400
    5   1.9080   0.0860   0.5973   2.1120   1.8750  -0.026933700  -0.722204000
    6   1.6612   0.2100  -0.5679   1.6780   1.4800   0.010478200   0.635855300
    7   1.9080   0.1094  -0.1102   1.9750   1.7500   0.000085900  -0.754493700
    8   1.4870   0.0157   0.0457   1.4250   1.2500   0.008394800   0.285390400
    9   1.4870   0.0157   0.0457   1.4250   1.2500   0.008394800   0.285390400
   10   1.9080   0.1094   0.3531   1.9750   1.7500   0.000085900  -0.754493700
   11   1.4870   0.0157  -0.0361   1.4250   1.2500   0.008394800   0.285390400
   12   1.9080   0.1094  -0.4121   1.9750   1.7500   0.000085900  -0.754493700
   13   1.4870   0.0157   0.1000   1.4250   1.2500   0.008394800   0.285390400
   14   1.4870   0.0157   0.1000   1.4250   1.2500   0.008394800   0.285390400
   15   1.4870   0.0157   0.1000   1.4250   1.2500   0.008394800   0.285390400
   16   1.9080   0.1094  -0.4121   1.9750   1.7500   0.000085900  -0.754493700
   17   1.4870   0.0157   0.1000   1.4250   1.2500   0.008394800   0.285390400
   18   1.4870   0.0157   0.1000   1.4250   1.2500   0.008394800   0.285390400
   19   1.4870   0.0157   0.1000   1.4250   1.2500   0.008394800   0.285390400
BOND
    1     3   337.000  1.449
    1     2   434.000  1.010
    3     5   317.000  1.522
    3     4   340.000  1.090
    3     7   310.000  1.526
    5     6   570.000  1.229
    7    10   310.000  1.526
    7     8   340.000  1.090
    7     9   340.000  1.090
   10    12   310.000  1.526
   10    16   310.000  1.526
   10    11   340.000  1.090
   12    13   340.000  1.090
   12    14   340.000  1.090
   12    15   340.000  1.090
   16    17   340.000  1.090
   16    18   340.000  1.090
   16    19   340.000  1.090
THET
    3     1     2    50.00000  118.04000
    1     3     5    63.00000  110.10000
    1     3     4    50.00000  109.50000
    1     3     7    80.00000  109.70000
    5     3     4    50.00000  109.50000
    5     3     7    63.00000  111.10000
    4     3     7    50.00000  109.50000
    3     5     6    80.00000  120.40000
    3     7    10    40.00000  109.50000
    3     7     8    50.00000  109.50000
    3     7     9    50.00000  109.50000
   10     7     8    50.00000  109.50000
   10     7     9    50.00000  109.50000
    8     7     9    35.00000  109.50000
    7    10    12    40.00000  109.50000
    7    10    16    40.00000  109.50000
    7    10    11    50.00000  109.50000
   12    10    16    40.00000  109.50000
   12    10    11    50.00000  109.50000
   16    10    11    50.00000  109.50000
   10    12    13    50.00000  109.50000
   10    12    14    50.00000  109.50000
   10    12    15    50.00000  109.50000
   13    12    14    35.00000  109.50000
   13    12    15    35.00000  109.50000
   14    12    15    35.00000  109.50000
   10    16    17    50.00000  109.50000
   10    16    18    50.00000  109.50000
   10    16    19    50.00000  109.50000
   17    16    18    35.00000  109.50000
   17    16    19    35.00000  109.50000
   18    16    19    35.00000  109.50000
PHI
    4     3     5     6   0.80000  1.0 1.0
    4     3     5     6   0.08000 -1.0 3.0
    1     3     7    10   0.15600  1.0 3.0
    1     3     7     8   0.15600  1.0 3.0
    1     3     7     9   0.15600  1.0 3.0
    5     3     7    10   0.15600  1.0 3.0
    5     3     7     8   0.15600  1.0 3.0
    5     3     7     9   0.15600  1.0 3.0
    4     3     7    10   0.15600  1.0 3.0
    4     3     7     8   0.15600  1.0 3.0
    4     3     7     9   0.15600  1.0 3.0
    3     7    10    12   0.20000 -1.0 1.0
    3     7    10    12   0.25000 -1.0 2.0
    3     7    10    12   0.18000  1.0 3.0
    3     7    10    16   0.20000 -1.0 1.0
    3     7    10    16   0.25000 -1.0 2.0
    3     7    10    16   0.18000  1.0 3.0
    3     7    10    11   0.16000  1.0 3.0
    8     7    10    12   0.16000  1.0 3.0
    8     7    10    16   0.16000  1.0 3.0
    8     7    10    11   0.15000  1.0 3.0
    9     7    10    12   0.16000  1.0 3.0
    9     7    10    16   0.16000  1.0 3.0
    9     7    10    11   0.15000  1.0 3.0
    7    10    12    13   0.16000  1.0 3.0
    7    10    12    14   0.16000  1.0 3.0
    7    10    12    15   0.16000  1.0 3.0
   16    10    12    13   0.16000  1.0 3.0
   16    10    12    14   0.16000  1.0 3.0
   16    10    12    15   0.16000  1.0 3.0
   11    10    12    13   0.15000  1.0 3.0
   11    10    12    14   0.15000  1.0 3.0
   11    10    12    15   0.15000  1.0 3.0
    7    10    16    17   0.16000  1.0 3.0
    7    10    16    18   0.16000  1.0 3.0
    7    10    16    19   0.16000  1.0 3.0
   12    10    16    17   0.16000  1.0 3.0
   12    10    16    18   0.16000  1.0 3.0
   12    10    16    19   0.16000  1.0 3.0
   11    10    16    17   0.15000  1.0 3.0
   11    10    16    18   0.15000  1.0 3.0
   11    10    16    19   0.15000  1.0 3.0
IPHI
END
