* LIGAND DATABASE FILE (AMBER)
*
MET    17    16     27     26      69
    1     0 M   N    _N__     1     1.33000   115.48597  -180.00000
    2     1 S   H    _H__     9     1.01000   120.00002     0.01978
    3     1 M   CT1  _CA_     2     1.45853   122.47984  -180.00000
    4     3 S   HC   _HA_    10     1.09000   109.49999   -53.58838
    5     3 M   C    _C__     3     1.53831   109.48946   179.98022
    6     5 S   O    _O__     4     1.23082   121.31512     0.00000
    7     3 S   CT   _CB_     5     1.54477   111.19625    53.58830
    8     7 S   HC   _HB2    11     1.09000   109.49999   -59.99672
    9     7 S   HC   _HB3    12     1.09000   109.49998    60.00324
   10     7 S   CT   _CG_     6     1.53790   118.05683  -180.00000
   11    10 S   HC   _HG2    13     1.09000   109.49996   -60.01234
   12    10 S   HC   _HG3    14     1.09000   109.49997    59.98764
   13    10 S   S    _SD_     7     1.81124   118.50436   179.98022
   14    13 S   CT   _CE_     8     1.81056    99.04304  -180.00000
   15    14 S   HC   _HE1    15     1.09000   109.50001  -180.00000
   16    14 S   HC   _HE2    16     1.09000   109.49999   -59.99992
   17    14 S   HC   _HE3    17     1.09000   109.49997    59.99998
   9   4  10   6   5   1   7   5   4   7   3   2   4   3   2   1
   1
    3     5     6     7    10     2     4     8     9  
    4     3     5     7  
    5     6     7    10    13     4     8     9    11    12  
    8     9     5     6     7    10  
    6     7    10     8     9  
    7  
   10    13    14     8     9    11    12  
    9    11    12    10    13  
   11    12    10    13  
   13    14    11    12    15    16    17  
   12    13    14  
   13    14  
   14    15    16    17  
   15    16    17  
   16    17  
   17  
    0  
NBON
    1   1.8240   0.1700  -0.4157   1.9200   1.7000   0.168599800  -5.228863800
    2   0.6000   0.0157   0.2719   0.9960   0.8600   0.079817800  -1.129220000
    3   1.9080   0.1094  -0.0237   1.9750   1.7500   0.000085900  -0.754493700
    4   1.3870   0.0157   0.0880   1.4250   1.2500   0.008394800   0.285390400
    5   1.9080   0.0860   0.5973   2.1120   1.8750  -0.026933700  -0.722204000
    6   1.6612   0.2100  -0.5679   1.6780   1.4800   0.010478200   0.635855300
    7   1.9080   0.1094   0.0342   1.9750   1.7500   0.000085900  -0.754493700
    8   1.4870   0.0157   0.0241   1.4250   1.2500   0.008394800   0.285390400
    9   1.4870   0.0157   0.0241   1.4250   1.2500   0.008394800   0.285390400
   10   1.9080   0.1094   0.0018   1.9750   1.7500   0.000085900  -0.754493700
   11   1.3870   0.0157   0.0440   1.4250   1.2500   0.008394800   0.285390400
   12   1.3870   0.0157   0.0440   1.4250   1.2500   0.008394800   0.285390400
   13   2.0000   0.2500  -0.2737   2.0300   1.8000   0.036234600  -1.946073900
   14   1.9080   0.1094  -0.0536   1.9750   1.7500   0.000085900  -0.754493700
   15   1.3870   0.0157   0.0684   1.4250   1.2500   0.008394800   0.285390400
   16   1.3870   0.0157   0.0684   1.4250   1.2500   0.008394800   0.285390400
   17   1.3870   0.0157   0.0684   1.4250   1.2500   0.008394800   0.285390400
BOND
    1     3   337.000  1.449
    1     2   434.000  1.010
    3     5   317.000  1.522
    3     4   340.000  1.090
    3     7   310.000  1.526
    5     6   570.000  1.229
    7    10   310.000  1.526
    7     8   340.000  1.090
    7     9   340.000  1.090
   10    13   227.000  1.810
   10    11   340.000  1.090
   10    12   340.000  1.090
   13    14   227.000  1.810
   14    15   340.000  1.090
   14    16   340.000  1.090
   14    17   340.000  1.090
THET
    3     1     2    50.00000  118.04000
    1     3     5    63.00000  110.10000
    1     3     4    50.00000  109.50000
    1     3     7    80.00000  109.70000
    5     3     4    50.00000  109.50000
    5     3     7    63.00000  111.10000
    4     3     7    50.00000  109.50000
    3     5     6    80.00000  120.40000
    3     7    10    40.00000  109.50000
    3     7     8    50.00000  109.50000
    3     7     9    50.00000  109.50000
   10     7     8    50.00000  109.50000
   10     7     9    50.00000  109.50000
    8     7     9    35.00000  109.50000
    7    10    13    50.00000  114.70000
    7    10    11    50.00000  109.50000
    7    10    12    50.00000  109.50000
   13    10    11    50.00000  109.50000
   13    10    12    50.00000  109.50000
   11    10    12    35.00000  109.50000
   10    13    14    62.00000   98.90000
   13    14    15    50.00000  109.50000
   13    14    16    50.00000  109.50000
   13    14    17    50.00000  109.50000
   15    14    16    35.00000  109.50000
   15    14    17    35.00000  109.50000
   16    14    17    35.00000  109.50000
PHI
    4     3     5     6   0.80000  1.0 1.0
    4     3     5     6   0.08000 -1.0 3.0
    1     3     7    10   0.15600  1.0 3.0
    1     3     7     8   0.15600  1.0 3.0
    1     3     7     9   0.15600  1.0 3.0
    5     3     7    10   0.15600  1.0 3.0
    5     3     7     8   0.15600  1.0 3.0
    5     3     7     9   0.15600  1.0 3.0
    4     3     7    10   0.15600  1.0 3.0
    4     3     7     8   0.15600  1.0 3.0
    4     3     7     9   0.15600  1.0 3.0
    3     7    10    13   0.15600  1.0 3.0
    3     7    10    11   0.15600  1.0 3.0
    3     7    10    12   0.15600  1.0 3.0
    8     7    10    13   0.15600  1.0 3.0
    8     7    10    11   0.15600  1.0 3.0
    8     7    10    12   0.15600  1.0 3.0
    9     7    10    13   0.15600  1.0 3.0
    9     7    10    11   0.15600  1.0 3.0
    9     7    10    12   0.15600  1.0 3.0
    7    10    13    14   0.33300  1.0 3.0
   11    10    13    14   0.33300  1.0 3.0
   12    10    13    14   0.33300  1.0 3.0
   10    13    14    15   0.33300  1.0 3.0
   10    13    14    16   0.33300  1.0 3.0
   10    13    14    17   0.33300  1.0 3.0
IPHI
END
