* LIGAND DATABASE FILE (AMBER)
*
TRPB   26    27     46     69     142
    1     0 M   N3   _N__     1    56.61185   120.75410  -160.26485
    2     1 S   H    _H1_    24     1.01000    98.94234  -162.10932
    3     1 S   H    _H2_    25     1.01000   150.00902    -0.89372
    4     1 S   H    _H3_    26     1.01000    68.16808    90.43609
    5     1 M   CT1  _CA_     2     1.45704    49.55346   -54.05641
    6     5 S   HC   _HA_    16     1.11300   108.23331  -147.19102
    7     5 M   C    _C__     3     1.53724   109.74725    94.88697
    8     7 S   O    _O__     4     1.23148   121.09306     0.01978
    9     5 S   CT   _CB_     5     1.53691   108.86793   -29.75786
   10     9 S   HC   _HB2    17     1.11300   107.52532   -58.87664
   11     9 S   HC   _HB3    18     1.11300   107.52531    58.83383
   12     9 S   C*   _CG_     6     1.49793   117.18642   179.98022
   13    12 S   CW   _CD1     7     1.35252   125.28127    90.02162
   14    13 S   HA   _HD1    19     1.10100   125.42236     0.26393
   15    12 S   CB   _CD2     8     1.45987   128.45392   -90.02430
   16    13 S   NA   _NE1     9     1.38162   109.15503  -179.73533
   17    16 S   H    _HE1    15     1.00950   125.01980   179.81129
   18    15 S   CA   _CE3    11     1.40883   134.74756    -0.62620
   19    18 S   HA   _HE3    20     1.10100   119.35263    -0.26467
   20    15 S   CN   _CE2    10     1.42388   108.27689   179.64612
   21    18 S   CA   _CZ3    13     1.40691   121.29501   179.73533
   22    21 S   HA   _HZ3    22     1.10100   119.79546  -179.69804
   23    20 S   CA   _CZ2    12     1.40313   122.37285  -179.77186
   24    23 S   HA   _HZ2    21     1.10100   120.41526   179.92598
   25    23 S   CA   _CH2    14     1.40446   119.16950    -0.07402
   26    25 S   HA   _HH2    23     1.10100   120.11171   179.79826
  11   6   5   4   9   6   5   1   9   4   3  10   7   4  10   6
   2   7   4   5   5   3   3   2   1   1
    5     7     8     9    12     6    10    11     2     3     4  
    3     4     5     6     7     9  
    4     5     6     7     9  
    5     6     7     9  
    7     8     9    12    13    15     6    10    11  
   10    11     7     8     9    12  
    8     9    12    10    11  
    9  
   12    13    15    16    20    18    10    11    14  
   11    12    13    15  
   12    13    15  
   13    15    16    20    18    23    21    17    14    19  
   15    16    20    18    23    17    14  
   15    16    17    20  
   16    20    18    23    21    25    17    19    24    22  
   20    18    23    25    17    24  
   20    23  
   23    21    25    19    22    26    20  
   22    20    21    25  
   23    21    25    24    26  
   25    24    22    26    23  
   26    23    25  
   25    24    26  
   26    25  
   26  
    0  
NBON
    1   1.8750   0.1700   0.1913   2.1000   1.6250  -0.100907100   4.805719700
    2   0.6000   0.0157   0.1888   0.9960   0.8600   0.079817800  -1.129220000
    3   0.6000   0.0157   0.1888   0.9960   0.8600   0.079817800  -1.129220000
    4   0.6000   0.0157   0.1888   0.9960   0.8600   0.079817800  -1.129220000
    5   1.9080   0.1094   0.0555   1.9750   1.7500   0.000085900  -0.754493700
    6   1.3870   0.0157   0.1162   1.4250   1.2500   0.008394800   0.285390400
    7   1.9080   0.0860   0.6123   2.1120   1.8750  -0.026933700  -0.722204000
    8   1.6612   0.2100  -0.5713   1.6780   1.4800   0.010478200   0.635855300
    9   1.9080   0.1094  -0.0050   1.9750   1.7500   0.000085900  -0.754493700
   10   1.4870   0.0157   0.0339   1.4250   1.2500   0.008394800   0.285390400
   11   1.4870   0.0157   0.0339   1.4250   1.2500   0.008394800   0.285390400
   12   1.9080   0.0860  -0.1415   2.0020   1.7750  -0.026970600   0.118943300
   13   1.9080   0.0860  -0.1638   2.0020   1.7750  -0.026970600   0.118943300
   14   1.4090   0.0150   0.2062   1.3810   1.2100   0.048476300  -0.590796200
   15   1.9080   0.0860   0.1243   2.0020   1.7750  -0.026970600   0.118943300
   16   1.8240   0.1700  -0.3418   1.8380   1.6250  -0.098957700   1.177961700
   17   0.6000   0.0157   0.3412   0.9960   0.8600   0.079817800  -1.129220000
   18   1.9080   0.0860  -0.2387   2.0020   1.7750  -0.026970600   0.118943300
   19   1.4590   0.0150   0.1700   1.3810   1.2100   0.048476300  -0.590796200
   20   1.9080   0.0860   0.1380   2.0020   1.7750  -0.026970600   0.118943300
   21   1.9080   0.0860  -0.1972   2.0020   1.7750  -0.026970600   0.118943300
   22   1.4590   0.0150   0.1447   1.3810   1.2100   0.048476300  -0.590796200
   23   1.9080   0.0860  -0.2601   2.0020   1.7750  -0.026970600   0.118943300
   24   1.4590   0.0150   0.1572   1.3810   1.2100   0.048476300  -0.590796200
   25   1.9080   0.0860  -0.1134   2.0020   1.7750  -0.026970600   0.118943300
   26   1.4590   0.0150   0.1417   1.3810   1.2100   0.048476300  -0.590796200
BOND
    1     5   367.000  1.471
    1     2   434.000  1.010
    1     3   434.000  1.010
    1     4   434.000  1.010
    5     7   317.000  1.522
    5     6   340.000  1.090
    5     9   310.000  1.526
    7     8   570.000  1.229
    9    12   317.000  1.495
    9    10   340.000  1.090
    9    11   340.000  1.090
   12    13   546.000  1.352
   12    15   388.000  1.459
   13    16   427.000  1.381
   13    14   367.000  1.080
   15    20   447.000  1.419
   15    18   469.000  1.404
   16    20   428.000  1.380
   16    17   434.000  1.010
   20    23   469.000  1.400
   18    21   469.000  1.400
   18    19   367.000  1.080
   23    25   469.000  1.400
   23    24   367.000  1.080
   21    25   469.000  1.400
   21    22   367.000  1.080
   25    26   367.000  1.080
THET
    5     1     2    50.00000  109.50000
    5     1     3    50.00000  109.50000
    5     1     4    50.00000  109.50000
    2     1     3    35.00000  109.50000
    2     1     4    35.00000  109.50000
    3     1     4    35.00000  109.50000
    1     5     7    80.00000  111.20000
    1     5     6    50.00000  109.50000
    1     5     9    80.00000  111.20000
    7     5     6    50.00000  109.50000
    7     5     9    63.00000  111.10000
    6     5     9    50.00000  109.50000
    5     7     8    80.00000  120.40000
    5     9    12    63.00000  115.60000
    5     9    10    50.00000  109.50000
    5     9    11    50.00000  109.50000
   12     9    10    50.00000  109.50000
   12     9    11    50.00000  109.50000
   10     9    11    35.00000  109.50000
    9    12    13    70.00000  125.00000
    9    12    15    70.00000  128.60000
   13    12    15    63.00000  106.40000
   12    13    16    70.00000  108.70000
   12    13    14    50.00000  120.00000
   16    13    14    50.00000  120.00000
   12    15    20    63.00000  108.80000
   12    15    18    63.00000  134.90000
   20    15    18    63.00000  116.20000
   13    16    20    70.00000  111.60000
   13    16    17    50.00000  120.00000
   20    16    17    50.00000  123.10000
   15    20    16    70.00000  104.40000
   15    20    23    63.00000  122.70000
   16    20    23    70.00000  132.80000
   15    18    21    63.00000  120.00000
   15    18    19    50.00000  120.00000
   21    18    19    50.00000  120.00000
   20    23    25    63.00000  120.00000
   20    23    24    50.00000  120.00000
   25    23    24    50.00000  120.00000
   18    21    25    63.00000  120.00000
   18    21    22    50.00000  120.00000
   25    21    22    50.00000  120.00000
   23    25    21    63.00000  120.00000
   23    25    26    50.00000  120.00000
   21    25    26    50.00000  120.00000
PHI
    2     1     5     7   0.15600  1.0 3.0
    2     1     5     6   0.15600  1.0 3.0
    2     1     5     9   0.15600  1.0 3.0
    3     1     5     7   0.15600  1.0 3.0
    3     1     5     6   0.15600  1.0 3.0
    3     1     5     9   0.15600  1.0 3.0
    4     1     5     7   0.15600  1.0 3.0
    4     1     5     6   0.15600  1.0 3.0
    4     1     5     9   0.15600  1.0 3.0
    6     5     7     8   0.80000  1.0 1.0
    6     5     7     8   0.08000 -1.0 3.0
    1     5     9    12   0.15600  1.0 3.0
    1     5     9    10   0.15600  1.0 3.0
    1     5     9    11   0.15600  1.0 3.0
    7     5     9    12   0.15600  1.0 3.0
    7     5     9    10   0.15600  1.0 3.0
    7     5     9    11   0.15600  1.0 3.0
    6     5     9    12   0.15600  1.0 3.0
    6     5     9    10   0.15600  1.0 3.0
    6     5     9    11   0.15600  1.0 3.0
    9    12    13    16   6.52500 -1.0 2.0
    9    12    13    14   6.52500 -1.0 2.0
   15    12   -13    16   6.52500 -1.0 2.0
   15    12    13    14   6.52500 -1.0 2.0
    9    12    15    20   1.67500 -1.0 2.0
    9    12    15    18   1.67500 -1.0 2.0
   13    12   -15    20   1.67500 -1.0 2.0
   13    12    15    18   1.67500 -1.0 2.0
   12    13   -16    20   1.50000 -1.0 2.0
   12    13    16    17   1.50000 -1.0 2.0
   14    13    16    20   1.50000 -1.0 2.0
   14    13    16    17   1.50000 -1.0 2.0
   12    15   -20    16   3.00000 -1.0 2.0
   12    15    20    23   3.00000 -1.0 2.0
   18    15    20    16   3.00000 -1.0 2.0
   18    15    20    23   3.00000 -1.0 2.0
   12    15    18    21   3.50000 -1.0 2.0
   12    15    18    19   3.50000 -1.0 2.0
   20    15    18    21   3.50000 -1.0 2.0
   20    15    18    19   3.50000 -1.0 2.0
   13    16   -20    15   1.52500 -1.0 2.0
   13    16    20    23   1.52500 -1.0 2.0
   17    16    20    15   1.52500 -1.0 2.0
   17    16    20    23   1.52500 -1.0 2.0
   15    20    23    25   3.62500 -1.0 2.0
   15    20    23    24   3.62500 -1.0 2.0
   16    20    23    25   3.62500 -1.0 2.0
   16    20    23    24   3.62500 -1.0 2.0
   15    18   -21    25   3.62500 -1.0 2.0
   15    18    21    22   3.62500 -1.0 2.0
   19    18    21    25   3.62500 -1.0 2.0
   19    18    21    22   3.62500 -1.0 2.0
   20    23   -25    21   3.62500 -1.0 2.0
   20    23    25    26   3.62500 -1.0 2.0
   24    23    25    21   3.62500 -1.0 2.0
   24    23    25    26   3.62500 -1.0 2.0
   18    21   -25    23   3.62500 -1.0 2.0
   18    21    25    26   3.62500 -1.0 2.0
   22    21    25    23   3.62500 -1.0 2.0
   22    21    25    26   3.62500 -1.0 2.0
IPHI
   13    15    12     9   1.10000 -1.0 2.0
   12    16    13    14   1.10000 -1.0 2.0
   13    20    16    17   1.00000 -1.0 2.0
   21    15    18    19   1.10000 -1.0 2.0
   20    25    23    24   1.10000 -1.0 2.0
   18    25    21    22   0.55000 -1.0 2.0
   25    18    21    22   0.55000 -1.0 2.0
   23    21    25    26   0.55000 -1.0 2.0
   21    23    25    26   0.55000 -1.0 2.0
END
