* LIGAND DATABASE FILE (AMBER)
*
TYR    21    21     33     49     103
    1     0 M   N    _N__     1     1.33000   115.43937   180.00000
    2     1 S   H    _H__    13     1.01000   120.00003    -0.02798
    3     1 M   CT1  _CA_     2     1.45808   122.93801   180.00000
    4     3 S   HC   _HA_    14     1.09000   109.50004   -54.47785
    5     3 M   C    _C__     3     1.53708   109.70459   180.00000
    6     5 S   O    _O__     4     1.22980   121.38312    -0.01978
    7     3 S   CT   _CB_     5     1.54016   109.28387    54.47786
    8     7 S   HC   _HB2    15     1.09000   109.49997   -59.98971
    9     7 S   HC   _HB3    16     1.09000   109.50003    60.01025
   10     7 S   CA   _CG_     6     1.51672   117.23351  -180.00000
   11    10 S   CA   _CD1     7     1.40670   119.97522   -90.95477
   12    11 S   HA   _HD1    17     1.08000   120.00011     0.16551
   13    10 S   CA   _CD2     8     1.40590   120.27136    90.02710
   14    13 S   HA   _HD2    18     1.08000   119.99991    -0.08393
   15    11 S   CA   _CE1     9     1.40577   120.16035  -179.83449
   16    15 S   HA   _HE1    19     1.08000   119.99993  -179.80021
   17    13 S   CA   _CE2    10     1.40557   120.15500   179.91844
   18    17 S   HA   _HE2    20     1.08000   119.99996   179.63043
   19    15 S   CA   _CZ_    11     1.40550   120.00853     0.19979
   20    19 S   OY1  _OH_    12     1.36475   119.89901  -179.80719
   21    20 S   HO   _HH_    21     0.96000   109.50002   180.00000
   9   4   9   6   5   1   9   4   3   9   8   4   6   3   6   3
   4   2   2   1   1
    3     5     6     7    10     2     4     8     9  
    4     3     5     7  
    5     6     7    10    11    13     4     8     9  
    8     9     5     6     7    10  
    6     7    10     8     9  
    7  
   10    11    13    15    17     8     9    12    14  
    9    10    11    13  
   10    11    13  
   11    13    15    17    19    12    14    16    18  
   13    15    17    19    20    12    14    16  
   16    13    15    19  
   15    17    19    20    14    18  
   18    17    19  
   17    19    20    16    18    21  
   17    19    20  
   19    20    18    21  
   19    20  
   20    21  
   21  
    0  
NBON
    1   1.8240   0.1700  -0.4157   1.9200   1.7000   0.168599800  -5.228863800
    2   0.6000   0.0157   0.2719   0.9960   0.8600   0.079817800  -1.129220000
    3   1.9080   0.1094  -0.0014   1.9750   1.7500   0.000085900  -0.754493700
    4   1.3870   0.0157   0.0876   1.4250   1.2500   0.008394800   0.285390400
    5   1.9080   0.0860   0.5973   2.1120   1.8750  -0.026933700  -0.722204000
    6   1.6612   0.2100  -0.5679   1.6780   1.4800   0.010478200   0.635855300
    7   1.9080   0.1094  -0.0152   1.9750   1.7500   0.000085900  -0.754493700
    8   1.4870   0.0157   0.0295   1.4250   1.2500   0.008394800   0.285390400
    9   1.4870   0.0157   0.0295   1.4250   1.2500   0.008394800   0.285390400
   10   1.9080   0.0860  -0.0011   2.0020   1.7750  -0.026970600   0.118943300
   11   1.9080   0.0860  -0.1906   2.0020   1.7750  -0.026970600   0.118943300
   12   1.4590   0.0150   0.1699   1.3810   1.2100   0.048476300  -0.590796200
   13   1.9080   0.0860  -0.1906   2.0020   1.7750  -0.026970600   0.118943300
   14   1.4590   0.0150   0.1699   1.3810   1.2100   0.048476300  -0.590796200
   15   1.9080   0.0860  -0.2341   2.0020   1.7750  -0.026970600   0.118943300
   16   1.4590   0.0150   0.1656   1.3810   1.2100   0.048476300  -0.590796200
   17   1.9080   0.0860  -0.2341   2.0020   1.7750  -0.026970600   0.118943300
   18   1.4590   0.0150   0.1656   1.3810   1.2100   0.048476300  -0.590796200
   19   1.9080   0.0860   0.3226   2.0020   1.7750  -0.026970600   0.118943300
   20   1.7210   0.2104  -0.5579   1.7390   1.5350   0.009360800   0.302472000
   21   0.0000   0.0000   0.3992   0.9960   0.8600   0.079817800  -1.129220000
BOND
    1     3   337.000  1.449
    1     2   434.000  1.010
    3     5   317.000  1.522
    3     4   340.000  1.090
    3     7   310.000  1.526
    5     6   570.000  1.229
    7    10   317.000  1.510
    7     8   340.000  1.090
    7     9   340.000  1.090
   10    11   469.000  1.400
   10    13   469.000  1.400
   11    15   469.000  1.400
   11    12   367.000  1.080
   13    17   469.000  1.400
   13    14   367.000  1.080
   15    19   469.000  1.400
   15    16   367.000  1.080
   17    19   469.000  1.400
   17    18   367.000  1.080
   19    20   450.000  1.364
   20    21   553.000  0.960
THET
    3     1     2    50.00000  118.04000
    1     3     5    63.00000  110.10000
    1     3     4    50.00000  109.50000
    1     3     7    80.00000  109.70000
    5     3     4    50.00000  109.50000
    5     3     7    63.00000  111.10000
    4     3     7    50.00000  109.50000
    3     5     6    80.00000  120.40000
    3     7    10    63.00000  114.00000
    3     7     8    50.00000  109.50000
    3     7     9    50.00000  109.50000
   10     7     8    50.00000  109.50000
   10     7     9    50.00000  109.50000
    8     7     9    35.00000  109.50000
    7    10    11    70.00000  120.00000
    7    10    13    70.00000  120.00000
   11    10    13    63.00000  120.00000
   10    11    15    63.00000  120.00000
   10    11    12    50.00000  120.00000
   15    11    12    50.00000  120.00000
   10    13    17    63.00000  120.00000
   10    13    14    50.00000  120.00000
   17    13    14    50.00000  120.00000
   11    15    19    63.00000  120.00000
   11    15    16    50.00000  120.00000
   19    15    16    50.00000  120.00000
   13    17    19    63.00000  120.00000
   13    17    18    50.00000  120.00000
   19    17    18    50.00000  120.00000
   15    19    17    63.00000  120.00000
   15    19    20    70.00000  120.00000
   17    19    20    70.00000  120.00000
   19    20    21    50.00000  113.00000
PHI
    4     3     5     6   0.80000  1.0 1.0
    4     3     5     6   0.08000 -1.0 3.0
    1     3     7    10   0.15600  1.0 3.0
    1     3     7     8   0.15600  1.0 3.0
    1     3     7     9   0.15600  1.0 3.0
    5     3     7    10   0.15600  1.0 3.0
    5     3     7     8   0.15600  1.0 3.0
    5     3     7     9   0.15600  1.0 3.0
    4     3     7    10   0.15600  1.0 3.0
    4     3     7     8   0.15600  1.0 3.0
    4     3     7     9   0.15600  1.0 3.0
    7    10    11    15   3.62500 -1.0 2.0
    7    10    11    12   3.62500 -1.0 2.0
   13    10    11    15   3.62500 -1.0 2.0
   13    10    11    12   3.62500 -1.0 2.0
    7    10    13    17   3.62500 -1.0 2.0
    7    10    13    14   3.62500 -1.0 2.0
   11    10    13    17   3.62500 -1.0 2.0
   11    10    13    14   3.62500 -1.0 2.0
   10    11    15    19   3.62500 -1.0 2.0
   10    11    15    16   3.62500 -1.0 2.0
   12    11    15    19   3.62500 -1.0 2.0
   12    11    15    16   3.62500 -1.0 2.0
   10    13   -17    19   3.62500 -1.0 2.0
   10    13    17    18   3.62500 -1.0 2.0
   14    13    17    19   3.62500 -1.0 2.0
   14    13    17    18   3.62500 -1.0 2.0
   11    15   -19    17   3.62500 -1.0 2.0
   11    15    19    20   3.62500 -1.0 2.0
   16    15    19    17   3.62500 -1.0 2.0
   16    15    19    20   3.62500 -1.0 2.0
   13    17   -19    15   3.62500 -1.0 2.0
   13    17    19    20   3.62500 -1.0 2.0
   18    17    19    15   3.62500 -1.0 2.0
   18    17    19    20   3.62500 -1.0 2.0
   15    19    20    21   0.90000 -1.0 2.0
   17    19    20    21   0.90000 -1.0 2.0
IPHI
   11    13    10     7   0.55000 -1.0 2.0
   13    11    10     7   0.55000 -1.0 2.0
   10    15    11    12   0.55000 -1.0 2.0
   15    10    11    12   0.55000 -1.0 2.0
   10    17    13    14   0.55000 -1.0 2.0
   17    10    13    14   0.55000 -1.0 2.0
   11    19    15    16   0.55000 -1.0 2.0
   19    11    15    16   0.55000 -1.0 2.0
   13    19    17    18   0.55000 -1.0 2.0
   19    13    17    18   0.55000 -1.0 2.0
   15    17    19    20   0.55000 -1.0 2.0
   17    15    19    20   0.55000 -1.0 2.0
END
