* LIGAND DATABASE FILE (AMBER)
*
CYSE   12    11     17     14      42
    1     0 M   N    _N__     2     1.38000   115.33322   180.00000
    2     1 S   H    _H__     1     1.00987   118.67889    -0.02798
    3     1 M   CT1  _CA_     3     1.46292   122.75308  -180.00000
    4     3 S   HC   _HA_    10     1.11300   107.81903   -62.63845
    5     3 M   CO3  _C__     4     1.53690   110.06476   180.00000
    6     5 S   O2   _O__     5     1.22961   121.28117     0.02798
    7     5 S   O2   _OXT     9     1.34037   115.33324  -180.00000
    8     3 S   CT   _CB_     6     1.53919   110.30482    54.85586
    9     8 S   HC   _HB2    11     1.11300   108.57429   -59.43792
   10     8 S   HC   _HB3    12     1.11300   108.57430    59.41683
   11     8 S   SH   _SG_     7     1.81676   113.09671   179.98022
   12    11 S   HS   _HG_     8     1.33543    95.91048  -179.98022
  10   4   9   7   6   2   1   4   3   2   1   1
    3     5     6     8    11     7     4     9    10     2  
    3     5     8     4  
    5     6     8    11    12     7     4     9    10  
    9    10     5     6     7     8    11  
    6     8    11     7     9    10  
    8     7  
    8  
   11    12     9    10  
   10    11    12  
   11    12  
   12  
    0  
NBON
    1   1.8240   0.1700  -0.3821   1.9200   1.7000   0.168599800  -5.228863800
    2   0.6000   0.0157   0.2681   0.9960   0.8600   0.079817800  -1.129220000
    3   1.9080   0.1094  -0.1598   1.9750   1.7500   0.000085900  -0.754493700
    4   1.3870   0.0157   0.1396   1.4250   1.2500   0.008394800   0.285390400
    5   1.9080   0.0860   0.7497   2.1120   1.8750  -0.026933700  -0.722204000
    6   1.6612   0.2100  -0.7981   1.6780   1.4800  -0.350477400  15.005156000
    7   1.6612   0.2100  -0.7981   1.6780   1.4800  -0.350477400  15.005156000
    8   1.9080   0.1094  -0.1231   1.9750   1.7500   0.000085900  -0.754493700
    9   1.3870   0.0157   0.1112   1.4250   1.2500   0.008394800   0.285390400
   10   1.3870   0.0157   0.1112   1.4250   1.2500   0.008394800   0.285390400
   11   2.0000   0.2500  -0.3119   2.0300   1.8000   0.036234600  -1.946073900
   12   0.6000   0.0157   0.1933   0.9960   0.8600   0.079817800  -1.129220000
BOND
    1     3   337.000  1.449
    1     2   434.000  1.010
    3     5   317.000  1.522
    3     4   340.000  1.090
    3     8   310.000  1.526
    5     6   656.000  1.250
    5     7   656.000  1.250
    8    11   237.000  1.810
    8     9   340.000  1.090
    8    10   340.000  1.090
   11    12   274.000  1.336
THET
    3     1     2    50.00000  118.04000
    1     3     5    63.00000  110.10000
    1     3     4    50.00000  109.50000
    1     3     8    80.00000  109.70000
    5     3     4    50.00000  109.50000
    5     3     8    63.00000  111.10000
    4     3     8    50.00000  109.50000
    3     5     6    70.00000  117.00000
    3     5     7    70.00000  117.00000
    6     5     7    80.00000  126.00000
    3     8    11    50.00000  108.60000
    3     8     9    50.00000  109.50000
    3     8    10    50.00000  109.50000
   11     8     9    50.00000  109.50000
   11     8    10    50.00000  109.50000
    9     8    10    35.00000  109.50000
    8    11    12    43.00000   96.00000
PHI
    1     3     8    11   0.15600  1.0 3.0
    1     3     8     9   0.15600  1.0 3.0
    1     3     8    10   0.15600  1.0 3.0
    5     3     8    11   0.15600  1.0 3.0
    5     3     8     9   0.15600  1.0 3.0
    5     3     8    10   0.15600  1.0 3.0
    4     3     8    11   0.15600  1.0 3.0
    4     3     8     9   0.15600  1.0 3.0
    4     3     8    10   0.15600  1.0 3.0
    3     8    11    12   0.25000  1.0 3.0
    9     8    11    12   0.25000  1.0 3.0
   10     8    11    12   0.25000  1.0 3.0
IPHI
    3     6     5     7   5.25000 -1.0 2.0
    3     7     5     6   5.25000 -1.0 2.0
END
