* LIGAND DATABASE FILE (AMBER)
*
GLUE   16    15     25     22      62
    1     0 M   N    _N__     2     1.38000   115.34844   180.00000
    2     1 S   H    _H__     1     1.01861   118.71362     0.01978
    3     1 M   CT1  _CA_     3     1.44928   123.54844   179.98022
    4     3 S   HC   _HA_    12     1.11300   107.97773   -62.38785
    5     3 M   CO3  _C__     4     1.53510   110.00730   179.98022
    6     5 S   O2   _O__     5     1.23085   121.41195    -0.01978
    7     5 S   O2   _OXT    11     1.34125   115.34848   180.00000
    8     3 S   CT   _CB_     6     1.53796   110.62411    55.57078
    9     8 S   HC   _HB2    13     1.11300   107.64567   -58.91021
   10     8 S   HC   _HB3    14     1.11300   107.64553    58.92667
   11     8 S   CT   _CG_     7     1.53700   116.72078  -179.98022
   12    11 S   HC   _HG2    15     1.11300   107.76461   -58.96834
   13    11 S   HC   _HG3    16     1.11300   107.76456    58.99464
   14    11 S   CO3  _CD_     8     1.52572   116.25983  -179.98022
   15    14 S   O2   _OE1     9     1.25153   117.80947    90.03558
   16    14 S   O2   _OE2    10     1.24870   116.58388   -90.21993
  10   4  11   7   6   2   1   8   5   4   5   4   3   2   1   1
    3     5     6     8    11     7     4     9    10     2  
    3     5     8     4  
    5     6     8    11    14     7     4     9    10    12    13  
    9    10     5     6     7     8    11  
    6     8    11     7     9    10  
    8     7  
    8  
   11    14    15    16     9    10    12    13  
   10    12    13    11    14  
   12    13    11    14  
   14    15    16    12    13  
   13    14    15    16  
   14    15    16  
   15    16  
   16  
    0  
NBON
    1   1.8240   0.1700  -0.5192   1.9200   1.7000   0.168599800  -5.228863800
    2   0.6000   0.0157   0.3055   0.9960   0.8600   0.079817800  -1.129220000
    3   1.9080   0.1094  -0.2000   1.9750   1.7500   0.000085900  -0.754493700
    4   1.3870   0.0157   0.1399   1.4250   1.2500   0.008394800   0.285390400
    5   1.9080   0.0860   0.7420   2.1120   1.8750  -0.026933700  -0.722204000
    6   1.6612   0.2100  -0.7930   1.6780   1.4800  -0.350477400  15.005156000
    7   1.6612   0.2100  -0.7930   1.6780   1.4800  -0.350477400  15.005156000
    8   1.9080   0.1094   0.0560   1.9750   1.7500   0.000085900  -0.754493700
    9   1.4870   0.0157  -0.0173   1.4250   1.2500   0.008394800   0.285390400
   10   1.4870   0.0157  -0.0173   1.4250   1.2500   0.008394800   0.285390400
   11   1.9080   0.1094   0.0136   1.9750   1.7500   0.000085900  -0.754493700
   12   1.4870   0.0157  -0.0425   1.4250   1.2500   0.008394800   0.285390400
   13   1.4870   0.0157  -0.0425   1.4250   1.2500   0.008394800   0.285390400
   14   1.9080   0.0860   0.8054   2.1120   1.8750  -0.026933700  -0.722204000
   15   1.6612   0.2100  -0.8188   1.6780   1.4800  -0.350477400  15.005156000
   16   1.6612   0.2100  -0.8188   1.6780   1.4800  -0.350477400  15.005156000
BOND
    1     3   337.000  1.449
    1     2   434.000  1.010
    3     5   317.000  1.522
    3     4   340.000  1.090
    3     8   310.000  1.526
    5     6   656.000  1.250
    5     7   656.000  1.250
    8    11   310.000  1.526
    8     9   340.000  1.090
    8    10   340.000  1.090
   11    14   317.000  1.522
   11    12   340.000  1.090
   11    13   340.000  1.090
   14    15   656.000  1.250
   14    16   656.000  1.250
THET
    3     1     2    50.00000  118.04000
    1     3     5    63.00000  110.10000
    1     3     4    50.00000  109.50000
    1     3     8    80.00000  109.70000
    5     3     4    50.00000  109.50000
    5     3     8    63.00000  111.10000
    4     3     8    50.00000  109.50000
    3     5     6    70.00000  117.00000
    3     5     7    70.00000  117.00000
    6     5     7    80.00000  126.00000
    3     8    11    40.00000  109.50000
    3     8     9    50.00000  109.50000
    3     8    10    50.00000  109.50000
   11     8     9    50.00000  109.50000
   11     8    10    50.00000  109.50000
    9     8    10    35.00000  109.50000
    8    11    14    63.00000  111.10000
    8    11    12    50.00000  109.50000
    8    11    13    50.00000  109.50000
   14    11    12    50.00000  109.50000
   14    11    13    50.00000  109.50000
   12    11    13    35.00000  109.50000
   11    14    15    70.00000  117.00000
   11    14    16    70.00000  117.00000
   15    14    16    80.00000  126.00000
PHI
    1     3     8    11   0.15600  1.0 3.0
    1     3     8     9   0.15600  1.0 3.0
    1     3     8    10   0.15600  1.0 3.0
    5     3     8    11   0.15600  1.0 3.0
    5     3     8     9   0.15600  1.0 3.0
    5     3     8    10   0.15600  1.0 3.0
    4     3     8    11   0.15600  1.0 3.0
    4     3     8     9   0.15600  1.0 3.0
    4     3     8    10   0.15600  1.0 3.0
    3     8    11    14   0.15600  1.0 3.0
    3     8    11    12   0.16000  1.0 3.0
    3     8    11    13   0.16000  1.0 3.0
    9     8    11    14   0.15600  1.0 3.0
    9     8    11    12   0.15000  1.0 3.0
    9     8    11    13   0.15000  1.0 3.0
   10     8    11    14   0.15600  1.0 3.0
   10     8    11    12   0.15000  1.0 3.0
   10     8    11    13   0.15000  1.0 3.0
IPHI
    3     6     5     7   5.25000 -1.0 2.0
    3     7     5     6   5.25000 -1.0 2.0
   11    15    14    16   5.25000 -1.0 2.0
   11    16    14    15   5.25000 -1.0 2.0
END
