* LIGAND DATABASE FILE (OPLS2005)
*
GRW      15    15    24      36       0
    1     0 M   CA   _C1_     6   26.758521   19.473284  -97.336608
    2     1 M   CA   _C2_     6    1.369780   95.889298 -105.938437
    3     1 M   CA   _C6_     6    1.361324  127.036133   29.103821
    4     1 M   HA   _H1_     6    1.079699   45.188113  126.740738
    5     2 M   CA   _C3_     6    1.366466  120.833733  139.895714
    6     2 M   HA   _H2_     6    1.079492  119.985723  -40.095903
    7     5 M   CA   _C4_     6    1.348191  119.437164   -2.006590
    8     5 M   HA   _H3_     6    1.080284  120.012955  177.976328
    9     7 M   CA   _C5_     6    1.380537  120.439656    1.499259
   10     7 M   CT   _G0_     6    1.099242  119.990429 -178.472349
   11     9 M   HA   _H5_     6    1.079801  120.007693 -179.530410
   12     3 M   HA   _H6_     6    1.079921  120.004533   55.658206
   13    10 M   HC   _G1_     6    1.119231  109.423467  -45.364270
   14    10 M   HC   _G2_     6    1.119191  109.474612 -165.298992
   15    10 M   HC   _G3_     6    1.088944  109.503903   74.710009
NBON
     1   3.5500   0.0700  -0.115000   2.5000   1.7750   0.001000000  -0.843144165
     2   3.5500   0.0700  -0.115000   2.5000   1.7750   0.001000000  -0.843144165
     3   3.5500   0.0700  -0.115000   2.5000   1.7750   0.001000000  -0.843144165
     4   2.4200   0.0300   0.115000   1.3810   1.2100   0.030040813   0.268726247
     5   3.5500   0.0700  -0.115000   2.5000   1.7750   0.001000000  -0.843144165
     6   2.4200   0.0300   0.115000   1.3810   1.2100   0.030040813   0.268726247
     7   3.5500   0.0700  -0.115000   2.5000   1.7750   0.001000000  -0.843144165
     8   2.4200   0.0300   0.115000   1.3810   1.2100   0.030040813   0.268726247
     9   3.5500   0.0700  -0.115000   2.5000   1.7750   0.001000000  -0.843144165
    10   2.5456   0.0660  -0.047272   1.9750   1.7500   0.005000000  -0.741685710
    11   2.4200   0.0300   0.115000   1.3810   1.2100   0.030040813   0.268726247
    12   2.4200   0.0300   0.115000   1.3810   1.2100   0.030040813   0.268726247
    13   1.8184   0.0300   0.043640   1.4250   1.2500   0.008598240   0.268726247
    14   1.8184   0.0300   0.043640   1.4250   1.2500   0.008598240   0.268726247
    15   1.8184   0.0300   0.043640   1.4250   1.2500   0.008598240   0.268726247
BOND
     1     2   469.000  1.400
     1     3   469.000  1.400
     1     4   367.000  1.080
     2     5   469.000  1.400
     2     6   367.000  1.080
     3    12   367.000  1.080
     5     7   469.000  1.400
     5     8   367.000  1.080
     7     9   469.000  1.400
     7    10   317.000  1.393
     9     3   469.000  1.400
     9    11   367.000  1.080
    10    13   340.000  0.792
    10    14   340.000  0.792
    10    15   340.000  0.792
THET
     2     1     3    63.00000  120.00000
     2     1     4    35.00000  120.00000
     3     1     4    35.00000  120.00000
     1     2     5    63.00000  120.00000
     1     2     6    35.00000  120.00000
     5     2     6    35.00000  120.00000
     2     5     7    63.00000  120.00000
     2     5     8    35.00000  120.00000
     7     5     8    35.00000  120.00000
     5     7     9    63.00000  120.00000
     5     7    10    70.00000  120.00000
     9     7    10    70.00000  120.00000
     7     9     3    63.00000  120.00000
     7     9    11    35.00000  120.00000
     3     9    11    35.00000  120.00000
     1     3     9    63.00000  120.00000
     1     3    12    35.00000  120.00000
     9     3    12    35.00000  120.00000
     7    10    13    35.00000  109.50000
     7    10    14    35.00000  109.50000
     7    10    15    35.00000  109.50000
    13    10    14    33.00000  107.80000
    13    10    15    33.00000  107.80000
    14    10    15    33.00000  107.80000
PHI
    3     1     2     5   0.00000  1.0 1.0
    3     1     2     5   3.62500 -1.0 2.0
    3     1     2     5   0.00000  1.0 3.0
    3     1     2     5   0.00000 -1.0 4.0
    3     1     2     6   0.00000  1.0 1.0
    3     1     2     6   3.62500 -1.0 2.0
    3     1     2     6   0.00000  1.0 3.0
    3     1     2     6   0.00000 -1.0 4.0
    4     1     2     5   0.00000  1.0 1.0
    4     1     2     5   3.62500 -1.0 2.0
    4     1     2     5   0.00000  1.0 3.0
    4     1     2     5   0.00000 -1.0 4.0
    4     1     2     6   0.00000  1.0 1.0
    4     1     2     6   3.62500 -1.0 2.0
    4     1     2     6   0.00000  1.0 3.0
    4     1     2     6   0.00000 -1.0 4.0
    2     1     3     9   0.00000  1.0 1.0
    2     1     3     9   3.62500 -1.0 2.0
    2     1     3     9   0.00000  1.0 3.0
    2     1     3     9   0.00000 -1.0 4.0
    2     1     3    12   0.00000  1.0 1.0
    2     1     3    12   3.62500 -1.0 2.0
    2     1     3    12   0.00000  1.0 3.0
    2     1     3    12   0.00000 -1.0 4.0
    4     1     3     9   0.00000  1.0 1.0
    4     1     3     9   3.62500 -1.0 2.0
    4     1     3     9   0.00000  1.0 3.0
    4     1     3     9   0.00000 -1.0 4.0
    4     1     3    12   0.00000  1.0 1.0
    4     1     3    12   3.62500 -1.0 2.0
    4     1     3    12   0.00000  1.0 3.0
    4     1     3    12   0.00000 -1.0 4.0
    1     2     5     7   0.00000  1.0 1.0
    1     2     5     7   3.62500 -1.0 2.0
    1     2     5     7   0.00000  1.0 3.0
    1     2     5     7   0.00000 -1.0 4.0
    1     2     5     8   0.00000  1.0 1.0
    1     2     5     8   3.62500 -1.0 2.0
    1     2     5     8   0.00000  1.0 3.0
    1     2     5     8   0.00000 -1.0 4.0
    6     2     5     7   0.00000  1.0 1.0
    6     2     5     7   3.62500 -1.0 2.0
    6     2     5     7   0.00000  1.0 3.0
    6     2     5     7   0.00000 -1.0 4.0
    6     2     5     8   0.00000  1.0 1.0
    6     2     5     8   3.62500 -1.0 2.0
    6     2     5     8   0.00000  1.0 3.0
    6     2     5     8   0.00000 -1.0 4.0
    2     5    -7     9   0.00000  1.0 1.0
    2     5    -7     9   3.62500 -1.0 2.0
    2     5    -7     9   0.00000  1.0 3.0
    2     5    -7     9   0.00000 -1.0 4.0
    2     5     7    10   0.00000  1.0 1.0
    2     5     7    10   3.62500 -1.0 2.0
    2     5     7    10   0.00000  1.0 3.0
    2     5     7    10   0.00000 -1.0 4.0
    8     5     7     9   0.00000  1.0 1.0
    8     5     7     9   3.62500 -1.0 2.0
    8     5     7     9   0.00000  1.0 3.0
    8     5     7     9   0.00000 -1.0 4.0
    8     5     7    10   0.00000  1.0 1.0
    8     5     7    10   3.62500 -1.0 2.0
    8     5     7    10   0.00000  1.0 3.0
    8     5     7    10   0.00000 -1.0 4.0
    5     7    -9     3   0.00000  1.0 1.0
    5     7    -9     3   3.62500 -1.0 2.0
    5     7    -9     3   0.00000  1.0 3.0
    5     7    -9     3   0.00000 -1.0 4.0
    5     7     9    11   0.00000  1.0 1.0
    5     7     9    11   3.62500 -1.0 2.0
    5     7     9    11   0.00000  1.0 3.0
    5     7     9    11   0.00000 -1.0 4.0
   10     7     9     3   0.00000  1.0 1.0
   10     7     9     3   3.62500 -1.0 2.0
   10     7     9     3   0.00000  1.0 3.0
   10     7     9     3   0.00000 -1.0 4.0
   10     7     9    11   0.00000  1.0 1.0
   10     7     9    11   3.62500 -1.0 2.0
   10     7     9    11   0.00000  1.0 3.0
   10     7     9    11   0.00000 -1.0 4.0
    5     7    10    13   0.00000  1.0 1.0
    5     7    10    14   0.00000  1.0 1.0
    5     7    10    15   0.00000  1.0 1.0
    9     7    10    13   0.00000  1.0 1.0
    9     7    10    14   0.00000  1.0 1.0
    9     7    10    15   0.00000  1.0 1.0
    7     9    -3     1   0.00000  1.0 1.0
    7     9    -3     1   3.62500 -1.0 2.0
    7     9    -3     1   0.00000  1.0 3.0
    7     9    -3     1   0.00000 -1.0 4.0
    7     9     3    12   0.00000  1.0 1.0
    7     9     3    12   3.62500 -1.0 2.0
    7     9     3    12   0.00000  1.0 3.0
    7     9     3    12   0.00000 -1.0 4.0
   11     9     3     1   0.00000  1.0 1.0
   11     9     3     1   3.62500 -1.0 2.0
   11     9     3     1   0.00000  1.0 3.0
   11     9     3     1   0.00000 -1.0 4.0
   11     9     3    12   0.00000  1.0 1.0
   11     9     3    12   3.62500 -1.0 2.0
   11     9     3    12   0.00000  1.0 3.0
   11     9     3    12   0.00000 -1.0 4.0
IPHI
     3     4     1     2   1.10000 -1.0 2.0
     5     6     2     1   1.10000 -1.0 2.0
     7     8     5     2   1.10000 -1.0 2.0
     9    10     7     5   4.00000 -1.0 2.0
     3    11     9     7   1.10000 -1.0 2.0
     9    12     3     1   1.10000 -1.0 2.0
END