* LIGAND DATABASE FILE (OPLS2005)
*
  C      31    32     55     86     159
    1     0 M   P2   _P__     1     1.61000   118.92002  -146.78102
    2     1 S   O2Z  _OP1     2     1.48010   109.56462   165.38576
    3     1 S   O2Z  _OP2     3     1.47977   109.61523    37.28826
    4     1 M   OS   _O5'     4     1.60047   101.35377   -78.69400
    5     4 M   CT   _C5'     5     1.43927   119.01957   -60.11802
    6     5 S   HC   _H5'    21     1.09000   109.50005   -65.10638
    7     5 S   HC   H5''    22     1.09000   109.49999    54.89362
    8     5 M   CT   _C4'     6     1.51533   110.01982   174.89370
    9     8 S   HC   _H4'    23     1.09000   109.50006   175.65594
   10     8 S   OS   _O4'     7     1.45674   108.87315   -67.73908
   11     8 M   CT   _C3'     8     1.52929   115.82175    48.86601
   12    11 M   OS   _O3'     9     1.42270   111.96347    83.18030
   13    11 S   HC   _H3'    24     1.09000   109.49999   -38.36290
   14    11 S   CT   _C2'    10     1.52700   102.08227  -155.27620
   15    14 S   HC   _H2'    25     1.09000   109.50006   170.28748
   16    14 S   OH   _O2'    11     1.40738   110.78419   -76.40536
   17    16 S   HO   HO2'    26     0.96000   109.49994  -180.00000
   18    10 S   CO   _C1'    12     1.41864   109.84040   144.73508
   19    18 S   HC   _H1'    27     1.09000   109.50011   126.25972
   20    18 S   N*   _N1_    13     1.48957   107.99319  -119.92171
   21    20 S   C    _C2_    14     1.39195   117.80140  -166.58638
   22    21 S   O    _O2_    15     1.23655   118.83059     0.00000
   23    21 S   NNC  _N3_    16     1.35773   118.72026  -179.98022
   24    23 S   CDX  _C4_    17     1.33917   120.63646    -0.00000
   25    24 S   NND  _N4_    18     1.32416   118.29329  -179.96574
   26    25 S   H    _H41    28     1.01000   120.00005   180.00000
   27    25 S   H    _H42    29     1.01000   120.00006    -0.01978
   28    24 S   CM   _C5_    19     1.42814   120.43826    -0.13417
   29    28 S   HC   _H5_    30     1.08000   120.00000  -179.68910
   30    20 S   CNA  _C6_    20     1.36019   121.08117    13.43813
   31    30 S   HC   _H6_    31     1.08000   119.99995     0.16071
   7   3   2   7  10   5   4  11   6  11   9   5   4   8   5   4
   1   8   3   8   7   3   7   7   5   2   1   3   2   1   1
    2     3     4     5     8     6     7  
    3     4     5  
    4     5  
    5     8    10    11     6     7     9  
    8    10    11    12    14    18     6     7     9    13  
    7     9     8    10    11  
    9     8    10    11  
   10    11    12    14    16    18    20     9    13    15    19  
   13    10    11    12    14    18  
   11    12    14    16    18    20    21    30    13    15    19  
   12    14    16    18    20    13    15    17    19  
   14    16    18    13    15  
   15    14    16    18  
   16    18    20    21    30    15    17    19  
   17    19    16    18    20  
   18    20    17    19  
   18  
   20    21    22    23    28    30    19    31  
   20    21    30  
   21    22    23    24    28    30    29    31  
   22    23    24    25    28    30    31  
   23    24    30  
   24    25    28    30    26    27    29  
   25    28    30    26    27    29    31  
   28    30    26    27    29  
   27    28  
   28  
   30    29    31  
   31    30  
   31  
    0  
NBON
    1   4.2000   0.2000  -0.0518   2.1070   1.8700   0.005000000   0.000000000
    2   3.3224   0.2100  -0.3192   1.6890   1.4900   0.001000000  -0.126889456
    3   3.3224   0.2100  -0.3192   1.6890   1.4900   0.001000000  -0.126889456
    4   3.3674   0.1700  -0.3192   1.7660   1.5600   0.020110767  -0.896042159
    5   3.8160   0.1094  -0.4157   1.9750   1.7500   0.005000000  -0.741685710
    6   2.7740   0.0157   0.3531   1.4250   1.2500   0.008598240   0.268726247
    7   2.7740   0.0157   0.3531   1.4250   1.2500   0.008598240   0.268726247
    8   3.8160   0.1094  -0.4157   1.9750   1.7500   0.005000000  -0.741685710
    9   2.7740   0.0157   0.3531   1.4250   1.2500   0.008598240   0.268726247
   10   3.3674   0.1700  -0.3192   1.7660   1.5600   0.020110767  -0.896042159
   11   3.8160   0.1094  -0.4157   1.9750   1.7500   0.005000000  -0.741685710
   12   3.3674   0.1700  -0.3192   1.7660   1.5600   0.020110767  -0.896042159
   13   2.7740   0.0157   0.3531   1.4250   1.2500   0.008598240   0.268726247
   14   3.8160   0.1094  -0.4157   1.9750   1.7500   0.005000000  -0.741685710
   15   2.7740   0.0157   0.3531   1.4250   1.2500   0.008598240   0.268726247
   16   3.4420   0.2104  -0.0297   1.7660   1.5600   0.021068034  -0.322181743
   17   0.0000   0.0000  -0.5679   0.9960   0.8600   0.030040813  -0.651083722
   18   3.8160   0.1094  -0.4157   1.9750   1.7500   0.005000000  -0.741685710
   19   2.5740   0.0157  -0.0361   1.3810   1.2100   0.008598240   0.268726247
   20   3.6480   0.1700   0.2719   1.8100   1.6000   0.054801302  -1.445846770
   21   3.8160   0.0860  -0.0252   1.9250   1.7000   0.001000000  -0.126889456
   22   3.3224   0.2100   0.0791   1.5250   1.4250   0.001000000  -1.480495490
   23   3.6480   0.1700   0.5973   1.8375   1.6250   0.005000000   0.000000000
   24   3.8160   0.0860   0.5973   2.0020   1.7750   0.023028004  -0.852763146
   25   3.6480   0.1700  -0.5679   1.8650   1.6500   0.051222218  -2.220205820
   26   1.2000   0.0157   0.5973   0.9960   0.8600   0.030040813  -0.651083722
   27   1.2000   0.0157   0.5973   0.9960   0.8600   0.030040813  -0.651083722
   28   3.8160   0.0860   0.2719   2.0020   1.7750   0.023028004  -0.852763146
   29   2.9180   0.0150  -0.1102   1.4250   1.2500   0.008598240   0.268726247
   30   3.8160   0.0860   0.2719   2.0020   1.7750   0.023028004  -0.852763146
   31   2.8180   0.0150  -0.4121   1.4250   1.2500   0.008598240   0.268726247
BOND
    1     2   525.000  1.480
    1     3   525.000  1.480
    1     4   230.000  1.610
    4     5   320.000  1.410
    5     8   310.000  1.526
    5     6   340.000  1.090
    5     7   340.000  1.090
    8    10   320.000  1.410
    8    11   310.000  1.526
    8     9   340.000  1.090
   10    18   320.000  1.410
   11    12   320.000  1.410
   11    14   310.000  1.526
   11    13   340.000  1.090
   14    16   320.000  1.410
   14    18   310.000  1.526
   14    15   340.000  1.090
   16    17   553.000  0.960
   18    20   337.000  1.475
   18    19   340.000  1.090
   20    21   424.000  1.383
   20    30   448.000  1.365
   21    22   570.000  1.229
   21    23   457.000  1.358
   23    24   483.000  1.339
   24    25   481.000  1.340
   24    28   427.000  1.433
   25    26   434.000  1.010
   25    27   434.000  1.010
   28    30   549.000  1.350
   28    29   367.000  1.080
   30    31   367.000  1.080
THET
    1     4     5   100.00000  120.50000
    3     1     2   140.00000  119.90000
    4     1     2   100.00000  108.23000
    4     1     3   100.00000  108.23000
    4     5     8    50.00000  109.50000
    4     5     6    50.00000  109.50000
    4     5     7    50.00000  109.50000
    5     8    10    50.00000  109.50000
    5     8    11    40.00000  109.50000
    5     8     9    50.00000  109.50000
    8    10    18    60.00000  109.50000
    8    11    12    50.00000  109.50000
    8    11    14    40.00000  109.50000
    8    11    13    50.00000  109.50000
   10    18    14    50.00000  109.50000
   10    18    20    50.00000  109.50000
   10    18    19    50.00000  109.50000
   11     8    10    50.00000  109.50000
   11    14    16    50.00000  109.50000
   11    14    18    40.00000  109.50000
   11    14    15    50.00000  109.50000
   14    11    12    50.00000  109.50000
   14    16    17    55.00000  108.50000
   14    18    20    50.00000  109.50000
   14    18    19    50.00000  109.50000
   18    14    16    50.00000  109.50000
   18    20    21    70.00000  117.60000
   18    20    30    70.00000  121.20000
   20    21    22    80.00000  120.90000
   20    21    23    70.00000  118.60000
   20    30    28    70.00000  121.20000
   20    30    31    50.00000  119.10000
   21    23    24    70.00000  120.50000
   23    21    22    80.00000  122.50000
   23    24    25    70.00000  119.30000
   23    24    28    70.00000  121.50000
   24    25    26    50.00000  120.00000
   24    25    27    50.00000  120.00000
   24    28    30    63.00000  117.00000
   24    28    29    50.00000  123.30000
   28    24    25    70.00000  120.10000
   28    30    31    50.00000  119.70000
   30    20    21    70.00000  121.60000
    6     5     8    50.00000  109.50000
    7     5     8    50.00000  109.50000
    7     5     6    35.00000  109.50000
    9     8    10    50.00000  109.50000
    9     8    11    50.00000  109.50000
   13    11    12    50.00000  109.50000
   13    11    14    50.00000  109.50000
   15    14    16    50.00000  109.50000
   15    14    18    50.00000  109.50000
   19    18    20    50.00000  109.50000
   27    25    26    35.00000  120.00000
   29    28    30    50.00000  119.70000
PHI
    1     4     5     8   0.38300  1.0 3.0
    1     4     5     6   0.38300  1.0 3.0
    2     1     4     5   0.25000  1.0 3.0
    4     5     8    10   0.14400  1.0 3.0
    4     5     8    10   1.17500  1.0 2.0
    4     5     8    11   0.15600  1.0 3.0
    4     5     8     9   0.15600  1.0 3.0
    5     8    10    18   0.38300  1.0 3.0
    5     8    10    18   0.10000 -1.0 2.0
    5     8    11    12   0.15600  1.0 3.0
    5     8    11    14   0.20000 -1.0 1.0
    5     8    11    14   0.25000 -1.0 2.0
    5     8    11    14   0.18000  1.0 3.0
    5     8    11    13   0.15600  1.0 3.0
    8    10   -18    14   0.38300  1.0 3.0
    8    10   -18    14   0.10000 -1.0 2.0
    8    10    18    20   0.38300  1.0 3.0
    8    10    18    20   0.65000  1.0 2.0
    8    10    18    19   0.38300  1.0 3.0
    8    11    14    16   0.15600  1.0 3.0
    8    11   -14    18   0.20000 -1.0 1.0
    8    11   -14    18   0.25000 -1.0 2.0
    8    11   -14    18   0.18000  1.0 3.0
    8    11    14    15   0.15600  1.0 3.0
   10     8    11    12   0.14400  1.0 3.0
   10     8    11    12   1.17500  1.0 2.0
   10     8   -11    14   0.15600  1.0 3.0
   10     8    11    13   0.15600  1.0 3.0
   10    18    20    21   0.00000  1.0 2.0
   10    18    20    30   0.00000 -1.0 2.0
   10    18    20    30   2.50000  1.0 1.0
   11     8   -10    18   0.38300  1.0 3.0
   11     8   -10    18   0.10000 -1.0 2.0
   11    14    16    17   0.02500  1.0 1.0
   11    14    16    17   0.16000  1.0 3.0
   11    14   -18    10   0.15600  1.0 3.0
   11    14    18    20   0.15600  1.0 3.0
   11    14    18    19   0.15600  1.0 3.0
   12    11    14    16   0.14400  1.0 3.0
   12    11    14    16   1.17500  1.0 2.0
   12    11    14    18   0.15600  1.0 3.0
   12    11    14    15   0.15600  1.0 3.0
   14    18    20    21   0.00000  1.0 2.0
   14    18    20    30   0.00000  1.0 2.0
   16    14    18    10   0.14400  1.0 3.0
   16    14    18    10   1.17500  1.0 2.0
   16    14    18    20   0.15600  1.0 3.0
   16    14    18    19   0.15600  1.0 3.0
   18    14    16    17   0.02500  1.0 1.0
   18    14    16    17   0.16000  1.0 3.0
   18    20    21    22   1.45000 -1.0 2.0
   18    20    21    23   1.45000 -1.0 2.0
   18    20    30    28   1.85000 -1.0 2.0
   18    20    30    31   1.85000 -1.0 2.0
   20    21   -23    24   4.00000 -1.0 2.0
   21    20   -30    28   1.85000 -1.0 2.0
   21    20    30    31   1.85000 -1.0 2.0
   21    23    24    25   4.80000 -1.0 2.0
   21    23    24    28   4.80000 -1.0 2.0
   22    21    23    24   4.00000 -1.0 2.0
   23    24    25    26   2.40000 -1.0 2.0
   23    24    28    30   2.55000 -1.0 2.0
   23    24    28    29   2.55000 -1.0 2.0
   24    28    30    20   6.65000 -1.0 2.0
   24    28    30    31   6.65000 -1.0 2.0
   25    24    28    30   2.55000 -1.0 2.0
   25    24    28    29   2.55000 -1.0 2.0
   28    24    25    26   2.40000 -1.0 2.0
   30    20    21    22   1.45000 -1.0 2.0
   30    20   -21    23   1.45000 -1.0 2.0
    6     5     8    10   0.15600  1.0 3.0
    6     5     8    11   0.15600  1.0 3.0
    6     5     8     9   0.15600  1.0 3.0
    7     5     8    10   0.15600  1.0 3.0
    7     5     8    11   0.15600  1.0 3.0
    7     5     8     9   0.15600  1.0 3.0
    9     8    10    18   0.38300  1.0 3.0
    9     8    11    12   0.15600  1.0 3.0
    9     8    11    14   0.15600  1.0 3.0
    9     8    11    13   0.15600  1.0 3.0
   13    11    14    16   0.15600  1.0 3.0
   13    11    14    18   0.15600  1.0 3.0
   13    11    14    15   0.15600  1.0 3.0
   15    14    16    17   0.16700  1.0 3.0
   15    14    18    10   0.15600  1.0 3.0
   15    14    18    20   0.15600  1.0 3.0
   15    14    18    19   0.15600  1.0 3.0
   19    18    20    21   0.00000  1.0 2.0
   19    18    20    30   0.00000  1.0 2.0
   29    28    30    20   6.65000 -1.0 2.0
   29    28    30    31   6.65000 -1.0 2.0
IPHI
   30    21    20    18   1.00000 -1.0 2.0
   25    28    24    23   1.10000 -1.0 2.0
   27    24    25    26   1.00000 -1.0 2.0
   24    29    28    30   1.10000 -1.0 2.0
   20    31    30    28   1.10000 -1.0 2.0
END