* LIGAND DATABASE FILE (AMBER99)
*
  CE   32    33     56    100     189
    1     0 M   P2   _P__     1     1.61000   118.92006  -146.78096
    2     1 S   O2Z  _OP1     2     1.48010   109.56458   165.38582
    3     1 S   O2Z  _OP2     3     1.47978   109.61524    37.28831
    4     1 M   OS   _O5'     4     1.60047   101.35380   -78.69391
    5     4 M   CT   _C5'     5     1.43927   119.01947   -60.11800
    6     5 S   HC   _H5'    21     1.09000   109.49996   -65.10641
    7     5 S   HC   H5''    22     1.09000   109.50000    54.89366
    8     5 M   CT   _C4'     6     1.51533   110.01973   174.89374
    9     8 S   HC   _H4'    23     1.09000   109.49995   175.65594
   10     8 S   OS   _O4'     7     1.45674   108.87318   -67.73913
   11     8 M   CT   _C3'     8     1.52929   115.82175    48.86595
   12    11 S   HC   _H3'    24     1.09000   109.49997   -38.36293
   13    11 M   OH   _O3'     9     1.42270   111.96342    83.18041
   14    13 S   HO   HO3'    25     0.96000   109.50007   179.98022
   15    11 S   CT   _C2'    10     1.52700   102.08217  -155.27626
   16    15 S   HC   _H2'    26     1.09000   109.49988   170.28754
   17    15 S   OH   _O2'    11     1.40738   110.78427   -76.40531
   18    17 S   HO   HO2'    27     0.96000   109.49993  -179.98022
   19    10 S   CO   _C1'    12     1.41864   109.84044   144.73507
   20    19 S   HC   _H1'    28     1.09000   109.50002   126.25976
   21    19 S   N*   _N1_    13     1.48957   107.99328  -119.92167
   22    21 S   C    _C2_    14     1.39194   117.80142  -166.58636
   23    22 S   O    _O2_    15     1.23655   118.83065     0.02798
   24    22 S   NNC  _N3_    16     1.35773   118.72021  -179.97202
   25    24 S   CDX  _C4_    17     1.33917   120.63653    -0.00000
   26    25 S   NND  _N4_    18     1.32416   118.29332  -180.00000
   27    26 S   H    _H41    29     1.01000   119.99993   179.97202
   28    26 S   H    _H42    30     1.01000   120.00000    -0.02798
   29    25 S   CM   _C5_    19     1.42814   120.43825    -0.13270
   30    29 S   HC   _H5_    31     1.08000   120.00002  -179.68910
   31    21 S   CNA  _C6_    20     1.36019   121.08112    13.43817
   32    31 S   HC   _H6_    32     1.08000   120.00001     0.15949
   7   3   2   7  10   5   4  12   6  11  10   6   5   1   8   5
   4   1   8   3   8   7   3   7   7   5   2   1   3   2   1   1
    2     3     4     5     8     6     7  
    3     4     5  
    4     5  
    5     8    10    11     6     7     9  
    8    10    11    13    15    19     6     7     9    12  
    7     9     8    10    11  
    9     8    10    11  
   10    11    13    15    17    19    21     9    12    14    16    20  
   12    10    11    13    15    19  
   11    13    15    17    19    21    22    31    12    16    20  
   13    15    17    19    21    12    14    16    18    20  
   14    16    13    15    17    19  
   15    17    19    14    16  
   15  
   17    19    21    22    31    16    18    20  
   18    20    17    19    21  
   19    21    18    20  
   19  
   21    22    23    24    29    31    20    32  
   21    22    31  
   22    23    24    25    29    31    30    32  
   23    24    25    26    29    31    32  
   24    25    31  
   25    26    29    31    27    28    30  
   26    29    31    27    28    30    32  
   29    31    27    28    30  
   28    29  
   29  
   31    30    32  
   32    31  
   32  
    0  
NBON
    1   2.1000   0.2000   1.1662   2.1070   1.8700   0.005000000   0.000000000
    2   1.6612   0.2100  -0.7760   1.6890   1.4900   0.001000000  -0.126889456
    3   1.6612   0.2100  -0.7760   1.6890   1.4900   0.001000000  -0.126889456
    4   1.6837   0.1700  -0.4989   1.7660   1.5600   0.020110767  -0.896042159
    5   1.9080   0.1094   0.0558   1.9750   1.7500   0.005000000  -0.741685710
    6   1.3870   0.0157   0.0679   1.4250   1.2500   0.008598240   0.268726247
    7   1.3870   0.0157   0.0679   1.4250   1.2500   0.008598240   0.268726247
    8   1.9080   0.1094   0.1065   1.9750   1.7500   0.005000000  -0.741685710
    9   1.3870   0.0157   0.1174   1.4250   1.2500   0.008598240   0.268726247
   10   1.6837   0.1700  -0.3548   1.7660   1.5600   0.020110767  -0.896042159
   11   1.9080   0.1094   0.2022   1.9750   1.7500   0.005000000  -0.741685710
   12   1.3870   0.0157   0.0615   1.4250   1.2500   0.008598240   0.268726247
   13   1.7210   0.2104  -0.6541   1.7660   1.5600   0.021068034  -0.322181743
   14   0.0000   0.0000   0.4376   0.9960   0.8600   0.030040813  -0.651083722
   15   1.9080   0.1094   0.0670   1.9750   1.7500   0.005000000  -0.741685710
   16   1.3870   0.0157   0.0972   1.4250   1.2500   0.008598240   0.268726247
   17   1.7210   0.2104  -0.6139   1.7660   1.5600   0.021068034  -0.322181743
   18   0.0000   0.0000   0.4186   0.9960   0.8600   0.030040813  -0.651083722
   19   1.9080   0.1094   0.0066   1.9750   1.7500   0.005000000  -0.741685710
   20   1.2870   0.0157   0.2029   1.3810   1.2100   0.008598240   0.268726247
   21   1.8240   0.1700  -0.0484   1.8100   1.6000   0.054801302  -1.445846770
   22   1.9080   0.0860   0.7538   1.9250   1.7000   0.001000000  -0.126889456
   23   1.6612   0.2100  -0.6252   1.5250   1.4250   0.001000000  -1.480495490
   24   1.8240   0.1700  -0.7584   1.8375   1.6250   0.005000000   0.000000000
   25   1.9080   0.0860   0.8185   2.0020   1.7750   0.023028004  -0.852763146
   26   1.8240   0.1700  -0.9530   1.8650   1.6500   0.051222218  -2.220205820
   27   0.6000   0.0157   0.4234   0.9960   0.8600   0.030040813  -0.651083722
   28   0.6000   0.0157   0.4234   0.9960   0.8600   0.030040813  -0.651083722
   29   1.9080   0.0860  -0.5215   2.0020   1.7750   0.023028004  -0.852763146
   30   1.4590   0.0150   0.1928   1.4250   1.2500   0.008598240   0.268726247
   31   1.9080   0.0860   0.0053   2.0020   1.7750   0.023028004  -0.852763146
   32   1.4090   0.0150   0.1958   1.4250   1.2500   0.008598240   0.268726247
BOND
    1     2   525.000  1.480
    1     3   525.000  1.480
    1     4   230.000  1.610
    4     5   320.000  1.410
    5     8   310.000  1.526
    5     6   340.000  1.090
    5     7   340.000  1.090
    8    10   320.000  1.410
    8    11   310.000  1.526
    8     9   340.000  1.090
   10    19   320.000  1.410
   19    15   310.000  1.526
   19    20   340.000  1.090
   19    21   337.000  1.475
   11    15   310.000  1.526
   11    13   320.000  1.410
   11    12   340.000  1.090
   15    17   320.000  1.410
   15    16   340.000  1.090
   13    14   553.000  0.960
   17    18   553.000  0.960
   21    22   424.000  1.383
   21    31   448.000  1.365
   22    23   570.000  1.229
   22    24   457.000  1.358
   24    25   483.000  1.339
   25    26   481.000  1.340
   25    29   427.000  1.433
   26    27   434.000  1.010
   26    28   434.000  1.010
   29    31   549.000  1.350
   29    30   367.000  1.080
   31    32   367.000  1.080
THET
    2     1     3   140.00000  119.90000
    2     1     4   100.00000  108.23000
    3     1     4   100.00000  108.23000
    1     4     5   100.00000  120.50000
    4     5     8    50.00000  109.50000
    4     5     6    50.00000  109.50000
    4     5     7    50.00000  109.50000
    8     5     6    50.00000  109.50000
    8     5     7    50.00000  109.50000
    6     5     7    35.00000  109.50000
    5     8    10    50.00000  109.50000
    5     8    11    40.00000  109.50000
    5     8     9    50.00000  109.50000
   10     8    11    50.00000  109.50000
   10     8     9    50.00000  109.50000
   11     8     9    50.00000  109.50000
    8    10    19    60.00000  109.50000
   10    19    15    50.00000  109.50000
   10    19    20    50.00000  109.50000
   10    19    21    50.00000  109.50000
   15    19    20    50.00000  109.50000
   15    19    21    50.00000  109.50000
   20    19    21    50.00000  109.50000
    8    11    15    40.00000  109.50000
    8    11    13    50.00000  109.50000
    8    11    12    50.00000  109.50000
   15    11    13    50.00000  109.50000
   15    11    12    50.00000  109.50000
   13    11    12    50.00000  109.50000
   19    15    11    40.00000  109.50000
   19    15    17    50.00000  109.50000
   19    15    16    50.00000  109.50000
   11    15    17    50.00000  109.50000
   11    15    16    50.00000  109.50000
   17    15    16    50.00000  109.50000
   11    13    14    55.00000  108.50000
   15    17    18    55.00000  108.50000
   19    21    22    70.00000  117.60000
   19    21    31    70.00000  121.20000
   22    21    31    70.00000  121.60000
   21    22    23    80.00000  120.90000
   21    22    24    70.00000  118.60000
   23    22    24    80.00000  122.50000
   22    24    25    70.00000  120.50000
   24    25    26    70.00000  119.30000
   24    25    29    70.00000  121.50000
   26    25    29    70.00000  120.10000
   25    26    27    50.00000  120.00000
   25    26    28    50.00000  120.00000
   27    26    28    35.00000  120.00000
   25    29    31    63.00000  117.00000
   25    29    30    50.00000  123.30000
   31    29    30    50.00000  119.70000
   21    31    29    70.00000  121.20000
   21    31    32    50.00000  119.10000
   29    31    32    50.00000  119.70000
PHI
    2     1     4     5   0.25000  1.0 3.0
    3     1     4     5   0.25000  1.0 3.0
    1     4     5     8   0.38300  1.0 3.0
    1     4     5     6   0.38300  1.0 3.0
    1     4     5     7   0.38300  1.0 3.0
    4     5     8    10   1.17500  1.0 2.0
    4     5     8    10   0.14400  1.0 3.0
    4     5     8    11   0.15600  1.0 3.0
    4     5     8     9   0.15600  1.0 3.0
    6     5     8    10   0.15600  1.0 3.0
    6     5     8    11   0.15600  1.0 3.0
    6     5     8     9   0.15600  1.0 3.0
    7     5     8    10   0.15600  1.0 3.0
    7     5     8    11   0.15600  1.0 3.0
    7     5     8     9   0.15600  1.0 3.0
    5     8    10    19   0.10000 -1.0 2.0
    5     8    10    19   0.38300  1.0 3.0
   11     8    10    19   0.10000 -1.0 2.0
   11     8    10    19   0.38300  1.0 3.0
    9     8    10    19   0.38300  1.0 3.0
    5     8    11    15   0.20000 -1.0 1.0
    5     8    11    15   0.25000 -1.0 2.0
    5     8    11    15   0.18000  1.0 3.0
    5     8    11    13   0.15600  1.0 3.0
    5     8    11    12   0.15600  1.0 3.0
   10     8    11    15   0.15600  1.0 3.0
   10     8    11    13   1.17500  1.0 2.0
   10     8    11    13   0.14400  1.0 3.0
   10     8    11    12   0.15600  1.0 3.0
    9     8    11    15   0.15600  1.0 3.0
    9     8    11    13   0.15600  1.0 3.0
    9     8    11    12   0.15600  1.0 3.0
    8    10    19    15   0.10000 -1.0 2.0
    8    10    19    15   0.38300  1.0 3.0
    8    10    19    20   0.38300  1.0 3.0
    8    10    19    21   0.65000  1.0 2.0
    8    10    19    21   0.38300  1.0 3.0
   10    19    15    11   0.15600  1.0 3.0
   10    19    15    17   1.17500  1.0 2.0
   10    19    15    17   0.14400  1.0 3.0
   10    19    15    16   0.15600  1.0 3.0
   20    19    15    11   0.15600  1.0 3.0
   20    19    15    17   0.15600  1.0 3.0
   20    19    15    16   0.15600  1.0 3.0
   21    19    15    11   0.15600  1.0 3.0
   21    19    15    17   0.15600  1.0 3.0
   21    19    15    16   0.15600  1.0 3.0
   10    19    21    31   2.50000  1.0 1.0
    8    11    15    19   0.20000 -1.0 1.0
    8    11    15    19   0.25000 -1.0 2.0
    8    11    15    19   0.18000  1.0 3.0
    8    11    15    17   0.15600  1.0 3.0
    8    11    15    16   0.15600  1.0 3.0
   13    11    15    19   0.15600  1.0 3.0
   13    11    15    17   1.17500  1.0 2.0
   13    11    15    17   0.14400  1.0 3.0
   13    11    15    16   0.15600  1.0 3.0
   12    11    15    19   0.15600  1.0 3.0
   12    11    15    17   0.15600  1.0 3.0
   12    11    15    16   0.15600  1.0 3.0
    8    11    13    14   0.02500  1.0 1.0
    8    11    13    14   0.16000  1.0 3.0
   15    11    13    14   0.02500  1.0 1.0
   15    11    13    14   0.16000  1.0 3.0
   12    11    13    14   0.16700  1.0 3.0
   19    15    17    18   0.02500  1.0 1.0
   19    15    17    18   0.16000  1.0 3.0
   11    15    17    18   0.02500  1.0 1.0
   11    15    17    18   0.16000  1.0 3.0
   16    15    17    18   0.16700  1.0 3.0
   19    21    22    23   1.45000 -1.0 2.0
   19    21    22    24   1.45000 -1.0 2.0
   31    21    22    23   1.45000 -1.0 2.0
   31    21    22    24   1.45000 -1.0 2.0
   19    21    31    29   1.85000 -1.0 2.0
   19    21    31    32   1.85000 -1.0 2.0
   22    21    31    29   1.85000 -1.0 2.0
   22    21    31    32   1.85000 -1.0 2.0
   21    22    24    25   4.00000 -1.0 2.0
   23    22    24    25   4.00000 -1.0 2.0
   22    24    25    26   4.80000 -1.0 2.0
   22    24   -25    29   4.80000 -1.0 2.0
   24    25    26    27   2.40000 -1.0 2.0
   24    25    26    28   2.40000 -1.0 2.0
   29    25    26    27   2.40000 -1.0 2.0
   29    25    26    28   2.40000 -1.0 2.0
   24    25   -29    31   2.55000 -1.0 2.0
   24    25    29    30   2.55000 -1.0 2.0
   26    25    29    31   2.55000 -1.0 2.0
   26    25    29    30   2.55000 -1.0 2.0
   25    29   -31    21   6.65000 -1.0 2.0
   25    29    31    32   6.65000 -1.0 2.0
   30    29    31    21   6.65000 -1.0 2.0
   30    29    31    32   6.65000 -1.0 2.0
IPHI
   31    22    21    19   1.00000 -1.0 2.0
   24    29    25    26   1.10000 -1.0 2.0
   25    27    26    28   0.50000 -1.0 2.0
   25    28    26    27   0.50000 -1.0 2.0
   31    25    29    30   1.10000 -1.0 2.0
   21    29    31    32   1.10000 -1.0 2.0
END
