* LIGAND DATABASE FILE (AMBER99)
*
 DA    32    34     59    101     194
    1     0 M   P2   _P__     1     1.61000   118.62299   159.31598
    2     1 S   O2Z  _OP1     2     1.48026   109.62127   144.88731
    3     1 S   O2Z  _OP2     3     1.48010   109.65043    16.81424
    4     1 M   OS   _O5'     4     1.59961   101.33395   -99.12397
    5     4 M   CT   _C5'     5     1.44008   119.00413   -39.20802
    6     5 S   HC   _H5'    22     1.09000   109.50001   -31.39375
    7     5 S   HC   H5''    23     1.09000   109.50000    88.60622
    8     5 M   CT   _C4'     6     1.51591   110.03989  -151.39375
    9     8 S   HC   _H4'    24     1.09000   109.50002   156.58989
   10     8 S   OS   _O4'     7     1.45718   108.86299   -86.25985
   11     8 M   CT   _C3'     8     1.52844   115.78356    30.89043
   12    11 M   OS   _O3'     9     1.42405   111.13325   158.26574
   13    11 S   HC   _H3'    25     1.09000   109.49995    42.83411
   14    11 S   CT   _C2'    10     1.52843   102.77605   -86.30262
   15    14 S   HC   _H2'    26     1.09000   109.49993    85.20480
   16    14 S   HC   H2''    27     1.09000   109.50001  -154.79521
   17    10 S   CO   _C1'    11     1.41965   110.07494   105.57155
   18    17 S   HC   _H1'    28     1.09000   109.49998   119.32191
   19    17 S   N*   _N9_    12     1.48969   108.06222  -127.21099
   20    19 S   CRAB _C8_    13     1.37682   129.02736    84.49973
   21    20 S   HA   _H8_    29     1.08000   119.99998    -0.00000
   22    20 S   NNA  _N7_    14     1.29710   113.92665   180.00000
   23    22 S   C56B _C5_    15     1.38815   104.00038     0.06256
   24    23 S   CA   _C6_    16     1.40327   132.41603   179.97202
   25    24 S   NND  _N6_    17     1.34109   123.51827    -0.02798
   26    25 S   H    _H61    30     1.01000   120.00003   180.00000
   27    25 S   H    _H62    31     1.01000   120.00004    -0.01978
   28    24 S   NB   _N1_    18     1.34567   117.42851  -179.98022
   29    28 S   CQ   _C2_    19     1.33170   118.79964    -0.04423
   30    29 S   HA   _H2_    32     1.08000   120.00002  -179.95154
   31    29 S   NB   _N3_    20     1.31561   129.16741     0.05234
   32    19 S   C56A _C4_    21     1.37022   125.97451   -95.41645
   7   3   2   7  10   5   4  11   6  11   8   5   4   7   4   3
   8   3   8   6   3   6   8   8   5   2   1   4   3   2   1   1
    2     3     4     5     8     6     7  
    3     4     5  
    4     5  
    5     8    10    11     6     7     9  
    8    10    11    12    14    17     6     7     9    13  
    7     9     8    10    11  
    9     8    10    11  
   10    11    12    14    17    19     9    13    15    16    18  
   13    10    11    12    14    17  
   11    12    14    17    19    20    32    13    15    16    18  
   12    14    17    19    13    15    16    18  
   14    17    13    15    16  
   15    16    14    17  
   17    19    20    32    15    16    18  
   16    18    17    19  
   18    17    19  
   19    20    22    23    31    32    18    21  
   19    20    32  
   20    22    23    24    29    31    32    21  
   22    23    24    31    32    21  
   22    23    32  
   23    24    25    28    31    32  
   24    25    28    29    31    32    26    27  
   25    28    29    31    32    26    27    30  
   28    29    32    26    27  
   27    28  
   28  
   29    31    32    30  
   31    32    30  
   31    32  
   32  
    0  
NBON
    1   2.1000   0.2000   1.1659   2.1070   1.8700   0.005000000   0.000000000
    2   1.6612   0.2100  -0.7761   1.6890   1.4900   0.001000000  -0.126889456
    3   1.6612   0.2100  -0.7761   1.6890   1.4900   0.001000000  -0.126889456
    4   1.6837   0.1700  -0.4954   1.7660   1.5600   0.020110767  -0.896042159
    5   1.9080   0.1094  -0.0069   1.9750   1.7500   0.005000000  -0.741685710
    6   1.3870   0.0157   0.0754   1.4250   1.2500   0.008598240   0.268726247
    7   1.3870   0.0157   0.0754   1.4250   1.2500   0.008598240   0.268726247
    8   1.9080   0.1094   0.1629   1.9750   1.7500   0.005000000  -0.741685710
    9   1.3870   0.0157   0.1176   1.4250   1.2500   0.008598240   0.268726247
   10   1.6837   0.1700  -0.3691   1.7660   1.5600   0.020110767  -0.896042159
   11   1.9080   0.1094   0.0713   1.9750   1.7500   0.005000000  -0.741685710
   12   1.6837   0.1700  -0.5232   1.7660   1.5600   0.020110767  -0.896042159
   13   1.3870   0.0157   0.0985   1.4250   1.2500   0.008598240   0.268726247
   14   1.9080   0.1094  -0.0854   1.9750   1.7500   0.005000000  -0.741685710
   15   1.4870   0.0157   0.0718   1.4250   1.2500   0.008598240   0.268726247
   16   1.4870   0.0157   0.0718   1.4250   1.2500   0.008598240   0.268726247
   17   1.9080   0.1094   0.0431   1.9750   1.7500   0.005000000  -0.741685710
   18   1.2870   0.0157   0.1838   1.4250   1.2500   0.008598240   0.268726247
   19   1.8240   0.1700  -0.0268   1.8000   1.6000   0.001000000  -0.511443539
   20   1.9080   0.0860   0.1607   2.0020   1.7750   0.001000000  -0.843144165
   21   1.3590   0.0150   0.1877   1.3810   1.2100   0.030040813   0.268726247
   22   1.8240   0.1700  -0.6175   1.8000   1.6000   0.001000000  -0.511443539
   23   1.9080   0.0860   0.0725   2.5000   1.7750   0.001000000  -0.843144165
   24   1.9080   0.0860   0.6897   2.0020   1.7750   0.001000000  -0.843144165
   25   1.8240   0.1700  -0.9123   1.8650   1.6500   0.051222218  -2.220205820
   26   0.6000   0.0157   0.4167   0.9960   0.8600   0.030040813  -0.651083722
   27   0.6000   0.0157   0.4167   0.9960   0.8600   0.030040813  -0.651083722
   28   1.8240   0.1700  -0.7624   1.8000   1.6000   0.001000000  -0.511443539
   29   1.9080   0.0860   0.5716   2.0020   1.7750   0.001000000  -0.843144165
   30   1.3590   0.0150   0.0598   1.3810   1.2100   0.030040813   0.268726247
   31   1.8240   0.1700  -0.7417   1.8000   1.6000   0.001000000  -0.511443539
   32   1.9080   0.0860   0.3800   2.5000   1.7750   0.001000000  -0.843144165
BOND
    1     2   525.000  1.480
    1     3   525.000  1.480
    1     4   230.000  1.610
    4     5   320.000  1.410
    5     8   310.000  1.526
    5     6   340.000  1.090
    5     7   340.000  1.090
    8    10   320.000  1.410
    8    11   310.000  1.526
    8     9   340.000  1.090
   10    17   320.000  1.410
   17    14   310.000  1.526
   17    18   340.000  1.090
   17    19   337.000  1.475
   11    14   310.000  1.526
   11    12   320.000  1.410
   11    13   340.000  1.090
   14    15   340.000  1.090
   14    16   340.000  1.090
   19    20   440.000  1.371
   19    32   436.000  1.374
   20    22   529.000  1.304
   20    21   367.000  1.080
   22    23   414.000  1.391
   23    24   469.000  1.404
   23    32   520.000  1.370
   24    25   481.000  1.340
   24    28   483.000  1.339
   25    26   434.000  1.010
   25    27   434.000  1.010
   28    29   502.000  1.324
   29    31   502.000  1.324
   29    30   367.000  1.080
   31    32   461.000  1.354
THET
    2     1     3   140.00000  119.90000
    2     1     4   100.00000  108.23000
    3     1     4   100.00000  108.23000
    1     4     5   100.00000  120.50000
    4     5     8    50.00000  109.50000
    4     5     6    50.00000  109.50000
    4     5     7    50.00000  109.50000
    8     5     6    50.00000  109.50000
    8     5     7    50.00000  109.50000
    6     5     7    35.00000  109.50000
    5     8    10    50.00000  109.50000
    5     8    11    40.00000  109.50000
    5     8     9    50.00000  109.50000
   10     8    11    50.00000  109.50000
   10     8     9    50.00000  109.50000
   11     8     9    50.00000  109.50000
    8    10    17    60.00000  109.50000
   10    17    14    50.00000  109.50000
   10    17    18    50.00000  109.50000
   10    17    19    50.00000  109.50000
   14    17    18    50.00000  109.50000
   14    17    19    50.00000  109.50000
   18    17    19    50.00000  109.50000
    8    11    14    40.00000  109.50000
    8    11    12    50.00000  109.50000
    8    11    13    50.00000  109.50000
   14    11    12    50.00000  109.50000
   14    11    13    50.00000  109.50000
   12    11    13    50.00000  109.50000
   17    14    11    40.00000  109.50000
   17    14    15    50.00000  109.50000
   17    14    16    50.00000  109.50000
   11    14    15    50.00000  109.50000
   11    14    16    50.00000  109.50000
   15    14    16    35.00000  109.50000
   17    19    20    70.00000  128.80000
   17    19    32    70.00000  125.80000
   20    19    32    70.00000  105.40000
   19    20    22    70.00000  113.90000
   19    20    21    50.00000  123.05000
   22    20    21    50.00000  123.05000
   20    22    23    70.00000  103.80000
   22    23    24    70.00000  132.40000
   22    23    32    70.00000  110.40000
   24    23    32    63.00000  117.30000
   23    24    25    70.00000  123.50000
   23    24    28    70.00000  117.30000
   25    24    28    70.00000  119.30000
   24    25    26    50.00000  120.00000
   24    25    27    50.00000  120.00000
   26    25    27    35.00000  120.00000
   24    28    29    70.00000  118.60000
   28    29    31    70.00000  129.10000
   28    29    30    50.00000  115.45000
   31    29    30    50.00000  115.45000
   29    31    32    70.00000  111.00000
   19    32    23    70.00000  106.20000
   19    32    31    70.00000  126.20000
   23    32    31    70.00000  127.70000
PHI
    2     1     4     5   0.25000  1.0 3.0
    3     1     4     5   0.25000  1.0 3.0
    1     4     5     8   0.38300  1.0 3.0
    1     4     5     6   0.38300  1.0 3.0
    1     4     5     7   0.38300  1.0 3.0
    4     5     8    10   1.17500  1.0 2.0
    4     5     8    10   0.14400  1.0 3.0
    4     5     8    11   0.15600  1.0 3.0
    4     5     8     9   0.15600  1.0 3.0
    6     5     8    10   0.15600  1.0 3.0
    6     5     8    11   0.15600  1.0 3.0
    6     5     8     9   0.15600  1.0 3.0
    7     5     8    10   0.15600  1.0 3.0
    7     5     8    11   0.15600  1.0 3.0
    7     5     8     9   0.15600  1.0 3.0
    5     8    10    17   0.10000 -1.0 2.0
    5     8    10    17   0.38300  1.0 3.0
   11     8    10    17   0.10000 -1.0 2.0
   11     8    10    17   0.38300  1.0 3.0
    9     8    10    17   0.38300  1.0 3.0
    5     8    11    14   0.20000 -1.0 1.0
    5     8    11    14   0.25000 -1.0 2.0
    5     8    11    14   0.18000  1.0 3.0
    5     8    11    12   0.15600  1.0 3.0
    5     8    11    13   0.15600  1.0 3.0
   10     8    11    14   0.15600  1.0 3.0
   10     8    11    12   1.17500  1.0 2.0
   10     8    11    12   0.14400  1.0 3.0
   10     8    11    13   0.15600  1.0 3.0
    9     8    11    14   0.15600  1.0 3.0
    9     8    11    12   0.15600  1.0 3.0
    9     8    11    13   0.15600  1.0 3.0
    8    10    17    14   0.10000 -1.0 2.0
    8    10    17    14   0.38300  1.0 3.0
    8    10    17    18   0.38300  1.0 3.0
    8    10    17    19   0.65000  1.0 2.0
    8    10    17    19   0.38300  1.0 3.0
   10    17    14    11   0.15600  1.0 3.0
   10    17    14    15   0.25000  1.0 1.0
   10    17    14    15   0.15600  1.0 3.0
   10    17    14    16   0.25000  1.0 1.0
   10    17    14    16   0.15600  1.0 3.0
   18    17    14    11   0.15600  1.0 3.0
   18    17    14    15   0.15600  1.0 3.0
   18    17    14    16   0.15600  1.0 3.0
   19    17    14    11   0.15600  1.0 3.0
   19    17    14    15   0.15600  1.0 3.0
   19    17    14    16   0.15600  1.0 3.0
   10    17    19    20   2.50000  1.0 1.0
    8    11    14    17   0.20000 -1.0 1.0
    8    11    14    17   0.25000 -1.0 2.0
    8    11    14    17   0.18000  1.0 3.0
    8    11    14    15   0.16000  1.0 3.0
    8    11    14    16   0.16000  1.0 3.0
   12    11    14    17   0.15600  1.0 3.0
   12    11    14    15   0.25000  1.0 1.0
   12    11    14    15   0.15600  1.0 3.0
   12    11    14    16   0.25000  1.0 1.0
   12    11    14    16   0.15600  1.0 3.0
   13    11    14    17   0.15600  1.0 3.0
   13    11    14    15   0.15600  1.0 3.0
   13    11    14    16   0.15600  1.0 3.0
   17    19    20    22   1.70000 -1.0 2.0
   17    19    20    21   1.70000 -1.0 2.0
   32    19    20    22   1.70000 -1.0 2.0
   32    19    20    21   1.70000 -1.0 2.0
   17    19    32    23   1.65000 -1.0 2.0
   17    19    32    31   1.65000 -1.0 2.0
   20    19    32    23   1.65000 -1.0 2.0
   20    19    32    31   1.65000 -1.0 2.0
   19    20    22    23  10.00000 -1.0 2.0
   21    20    22    23  10.00000 -1.0 2.0
   20    22    23    24   2.55000 -1.0 2.0
   20    22    23    32   2.55000 -1.0 2.0
   22    23    24    25   3.50000 -1.0 2.0
   22    23    24    28   3.50000 -1.0 2.0
   32    23    24    25   3.50000 -1.0 2.0
   32    23    24    28   3.50000 -1.0 2.0
   22    23    32    19   5.45000 -1.0 2.0
   22    23    32    31   5.45000 -1.0 2.0
   24    23    32    19   5.45000 -1.0 2.0
   24    23    32    31   5.45000 -1.0 2.0
   23    24    25    26   2.40000 -1.0 2.0
   23    24    25    27   2.40000 -1.0 2.0
   28    24    25    26   2.40000 -1.0 2.0
   28    24    25    27   2.40000 -1.0 2.0
   23    24    28    29   4.80000 -1.0 2.0
   25    24    28    29   4.80000 -1.0 2.0
   24    28   -29    31   6.80000 -1.0 2.0
   24    28    29    30   6.80000 -1.0 2.0
   28    29   -31    32   6.80000 -1.0 2.0
   30    29    31    32   6.80000 -1.0 2.0
   29    31    32    19   4.15000 -1.0 2.0
   29    31   -32    23   4.15000 -1.0 2.0
IPHI
   20    32    19    17   1.00000 -1.0 2.0
   22    19    20    21   1.10000 -1.0 2.0
   23    28    24    25   1.10000 -1.0 2.0
   24    26    25    27   0.50000 -1.0 2.0
   24    27    25    26   0.50000 -1.0 2.0
   28    31    29    30   0.55000 -1.0 2.0
   31    28    29    30   0.55000 -1.0 2.0
END
