* LIGAND DATABASE FILE (AMBER99)
*
 DCE   31    32     55     97     184
    1     0 M   P2   _P__     1     1.61000   118.62300   159.31597
    2     1 S   O2Z  _OP1     2     1.48018   109.62272   144.88523
    3     1 S   O2Z  _OP2     3     1.48015   109.64618    16.81490
    4     1 M   OS   _O5'     4     1.59956   101.33403   -99.12398
    5     4 M   CT   _C5'     5     1.44011   119.00524   -39.20801
    6     5 S   HC   _H5'    20     1.09000   109.50003   -31.39297
    7     5 S   HC   H5''    21     1.09000   109.50000    88.60711
    8     5 M   CT   _C4'     6     1.51605   110.03758  -151.39297
    9     8 S   HC   _H4'    22     1.09000   109.49999   156.58650
   10     8 S   OS   _O4'     7     1.45716   108.85565   -86.26592
   11     8 M   CT   _C3'     8     1.52843   115.77734    30.88170
   12    11 S   HC   _H3'    23     1.09000   109.50000    42.84802
   13    11 M   OH   _O3'     9     1.42421   111.12626   158.27129
   14    13 S   HO   HO3'    24     0.96000   109.49995   180.00000
   15    11 S   CT   _C2'    10     1.52848   102.77564   -86.30545
   16    15 S   HC   _H2'    25     1.09000   109.49994    85.21276
   17    15 S   HC   H2''    26     1.09000   109.50006  -154.78725
   18    10 S   CO   _C1'    11     1.41972   110.07361   105.57360
   19    18 S   HC   _H1'    27     1.09000   109.50003   119.31028
   20    18 S   N*   _N1_    12     1.48964   108.06018  -127.21207
   21    20 S   C    _C2_    13     1.39236   117.78959   -95.44460
   22    21 S   O    _O2_    14     1.23776   118.82320     0.01978
   23    21 S   NNC  _N3_    15     1.35768   118.71116   179.98022
   24    23 S   CDX  _C4_    16     1.33865   120.61031    -0.01978
   25    24 S   NND  _N4_    17     1.32460   118.32241  -180.00000
   26    25 S   H    _H41    28     1.01000   120.00000   180.00000
   27    25 S   H    _H42    29     1.01000   120.00007    -0.00000
   28    24 S   CM   _C5_    18     1.43309   121.58265     0.00000
   29    28 S   HC   _H5_    30     1.08000   120.00004  -179.98022
   30    20 S   CNA  _C6_    19     1.35943   121.07513    84.53906
   31    30 S   HC   _H6_    31     1.08000   120.00004     0.03426
   7   3   2   7  10   5   4  12   6  11   9   6   5   1   7   4
   3   8   3   8   7   3   7   7   5   2   1   3   2   1   1
    2     3     4     5     8     6     7  
    3     4     5  
    4     5  
    5     8    10    11     6     7     9  
    8    10    11    13    15    18     6     7     9    12  
    7     9     8    10    11  
    9     8    10    11  
   10    11    13    15    18    20     9    12    14    16    17    19  
   12    10    11    13    15    18  
   11    13    15    18    20    21    30    12    16    17    19  
   13    15    18    20    12    14    16    17    19  
   14    16    17    13    15    18  
   15    18    14    16    17  
   15  
   18    20    21    30    16    17    19  
   17    19    18    20  
   19    18    20  
   20    21    22    23    28    30    19    31  
   20    21    30  
   21    22    23    24    28    30    29    31  
   22    23    24    25    28    30    31  
   23    24    30  
   24    25    28    30    26    27    29  
   25    28    30    26    27    29    31  
   28    30    26    27    29  
   27    28  
   28  
   30    29    31  
   31    30  
   31  
    0  
NBON
    1   2.1000   0.2000   1.1659   2.1070   1.8700   0.005000000   0.000000000
    2   1.6612   0.2100  -0.7761   1.6890   1.4900   0.001000000  -0.126889456
    3   1.6612   0.2100  -0.7761   1.6890   1.4900   0.001000000  -0.126889456
    4   1.6837   0.1700  -0.4954   1.7660   1.5600   0.020110767  -0.896042159
    5   1.9080   0.1094  -0.0069   1.9750   1.7500   0.005000000  -0.741685710
    6   1.3870   0.0157   0.0754   1.4250   1.2500   0.008598240   0.268726247
    7   1.3870   0.0157   0.0754   1.4250   1.2500   0.008598240   0.268726247
    8   1.9080   0.1094   0.1629   1.9750   1.7500   0.005000000  -0.741685710
    9   1.3870   0.0157   0.1176   1.4250   1.2500   0.008598240   0.268726247
   10   1.6837   0.1700  -0.3691   1.7660   1.5600   0.020110767  -0.896042159
   11   1.9080   0.1094   0.0713   1.9750   1.7500   0.005000000  -0.741685710
   12   1.3870   0.0157   0.0985   1.4250   1.2500   0.008598240   0.268726247
   13   1.7210   0.2104  -0.6549   1.7660   1.5600   0.021068034  -0.322181743
   14   0.0000   0.0000   0.4396   0.9960   0.8600   0.030040813  -0.651083722
   15   1.9080   0.1094  -0.0854   1.9750   1.7500   0.005000000  -0.741685710
   16   1.4870   0.0157   0.0718   1.4250   1.2500   0.008598240   0.268726247
   17   1.4870   0.0157   0.0718   1.4250   1.2500   0.008598240   0.268726247
   18   1.9080   0.1094  -0.0116   1.9750   1.7500   0.005000000  -0.741685710
   19   1.2870   0.0157   0.1963   1.3810   1.2100   0.008598240   0.268726247
   20   1.8240   0.1700  -0.0339   1.8100   1.6000   0.054801302  -1.445846770
   21   1.9080   0.0860   0.7959   1.9250   1.7000   0.001000000  -0.126889456
   22   1.6612   0.2100  -0.6548   1.5250   1.4250   0.001000000  -1.480495490
   23   1.8240   0.1700  -0.7748   1.8375   1.6250   0.005000000   0.000000000
   24   1.9080   0.0860   0.8439   2.0020   1.7750   0.023028004  -0.852763146
   25   1.8240   0.1700  -0.9773   1.8650   1.6500   0.051222218  -2.220205820
   26   0.6000   0.0157   0.4314   0.9960   0.8600   0.030040813  -0.651083722
   27   0.6000   0.0157   0.4314   0.9960   0.8600   0.030040813  -0.651083722
   28   1.9080   0.0860  -0.5222   2.0020   1.7750   0.023028004  -0.852763146
   29   1.4590   0.0150   0.1863   1.4250   1.2500   0.008598240   0.268726247
   30   1.9080   0.0860  -0.0183   2.0020   1.7750   0.023028004  -0.852763146
   31   1.4090   0.0150   0.2293   1.4250   1.2500   0.008598240   0.268726247
BOND
    1     2   525.000  1.480
    1     3   525.000  1.480
    1     4   230.000  1.610
    4     5   320.000  1.410
    5     8   310.000  1.526
    5     6   340.000  1.090
    5     7   340.000  1.090
    8    10   320.000  1.410
    8    11   310.000  1.526
    8     9   340.000  1.090
   10    18   320.000  1.410
   18    15   310.000  1.526
   18    19   340.000  1.090
   18    20   337.000  1.475
   11    15   310.000  1.526
   11    13   320.000  1.410
   11    12   340.000  1.090
   15    16   340.000  1.090
   15    17   340.000  1.090
   13    14   553.000  0.960
   20    21   424.000  1.383
   20    30   448.000  1.365
   21    22   570.000  1.229
   21    23   457.000  1.358
   23    24   483.000  1.339
   24    25   481.000  1.340
   24    28   427.000  1.433
   25    26   434.000  1.010
   25    27   434.000  1.010
   28    30   549.000  1.350
   28    29   367.000  1.080
   30    31   367.000  1.080
THET
    2     1     3   140.00000  119.90000
    2     1     4   100.00000  108.23000
    3     1     4   100.00000  108.23000
    1     4     5   100.00000  120.50000
    4     5     8    50.00000  109.50000
    4     5     6    50.00000  109.50000
    4     5     7    50.00000  109.50000
    8     5     6    50.00000  109.50000
    8     5     7    50.00000  109.50000
    6     5     7    35.00000  109.50000
    5     8    10    50.00000  109.50000
    5     8    11    40.00000  109.50000
    5     8     9    50.00000  109.50000
   10     8    11    50.00000  109.50000
   10     8     9    50.00000  109.50000
   11     8     9    50.00000  109.50000
    8    10    18    60.00000  109.50000
   10    18    15    50.00000  109.50000
   10    18    19    50.00000  109.50000
   10    18    20    50.00000  109.50000
   15    18    19    50.00000  109.50000
   15    18    20    50.00000  109.50000
   19    18    20    50.00000  109.50000
    8    11    15    40.00000  109.50000
    8    11    13    50.00000  109.50000
    8    11    12    50.00000  109.50000
   15    11    13    50.00000  109.50000
   15    11    12    50.00000  109.50000
   13    11    12    50.00000  109.50000
   18    15    11    40.00000  109.50000
   18    15    16    50.00000  109.50000
   18    15    17    50.00000  109.50000
   11    15    16    50.00000  109.50000
   11    15    17    50.00000  109.50000
   16    15    17    35.00000  109.50000
   11    13    14    55.00000  108.50000
   18    20    21    70.00000  117.60000
   18    20    30    70.00000  121.20000
   21    20    30    70.00000  121.60000
   20    21    22    80.00000  120.90000
   20    21    23    70.00000  118.60000
   22    21    23    80.00000  122.50000
   21    23    24    70.00000  120.50000
   23    24    25    70.00000  119.30000
   23    24    28    70.00000  121.50000
   25    24    28    70.00000  120.10000
   24    25    26    50.00000  120.00000
   24    25    27    50.00000  120.00000
   26    25    27    35.00000  120.00000
   24    28    30    63.00000  117.00000
   24    28    29    50.00000  123.30000
   30    28    29    50.00000  119.70000
   20    30    28    70.00000  121.20000
   20    30    31    50.00000  119.10000
   28    30    31    50.00000  119.70000
PHI
    2     1     4     5   0.25000  1.0 3.0
    3     1     4     5   0.25000  1.0 3.0
    1     4     5     8   0.38300  1.0 3.0
    1     4     5     6   0.38300  1.0 3.0
    1     4     5     7   0.38300  1.0 3.0
    4     5     8    10   1.17500  1.0 2.0
    4     5     8    10   0.14400  1.0 3.0
    4     5     8    11   0.15600  1.0 3.0
    4     5     8     9   0.15600  1.0 3.0
    6     5     8    10   0.15600  1.0 3.0
    6     5     8    11   0.15600  1.0 3.0
    6     5     8     9   0.15600  1.0 3.0
    7     5     8    10   0.15600  1.0 3.0
    7     5     8    11   0.15600  1.0 3.0
    7     5     8     9   0.15600  1.0 3.0
    5     8    10    18   0.10000 -1.0 2.0
    5     8    10    18   0.38300  1.0 3.0
   11     8    10    18   0.10000 -1.0 2.0
   11     8    10    18   0.38300  1.0 3.0
    9     8    10    18   0.38300  1.0 3.0
    5     8    11    15   0.20000 -1.0 1.0
    5     8    11    15   0.25000 -1.0 2.0
    5     8    11    15   0.18000  1.0 3.0
    5     8    11    13   0.15600  1.0 3.0
    5     8    11    12   0.15600  1.0 3.0
   10     8    11    15   0.15600  1.0 3.0
   10     8    11    13   1.17500  1.0 2.0
   10     8    11    13   0.14400  1.0 3.0
   10     8    11    12   0.15600  1.0 3.0
    9     8    11    15   0.15600  1.0 3.0
    9     8    11    13   0.15600  1.0 3.0
    9     8    11    12   0.15600  1.0 3.0
    8    10    18    15   0.10000 -1.0 2.0
    8    10    18    15   0.38300  1.0 3.0
    8    10    18    19   0.38300  1.0 3.0
    8    10    18    20   0.65000  1.0 2.0
    8    10    18    20   0.38300  1.0 3.0
   10    18    15    11   0.15600  1.0 3.0
   10    18    15    16   0.25000  1.0 1.0
   10    18    15    16   0.15600  1.0 3.0
   10    18    15    17   0.25000  1.0 1.0
   10    18    15    17   0.15600  1.0 3.0
   19    18    15    11   0.15600  1.0 3.0
   19    18    15    16   0.15600  1.0 3.0
   19    18    15    17   0.15600  1.0 3.0
   20    18    15    11   0.15600  1.0 3.0
   20    18    15    16   0.15600  1.0 3.0
   20    18    15    17   0.15600  1.0 3.0
   10    18    20    30   2.50000  1.0 1.0
    8    11    15    18   0.20000 -1.0 1.0
    8    11    15    18   0.25000 -1.0 2.0
    8    11    15    18   0.18000  1.0 3.0
    8    11    15    16   0.16000  1.0 3.0
    8    11    15    17   0.16000  1.0 3.0
   13    11    15    18   0.15600  1.0 3.0
   13    11    15    16   0.25000  1.0 1.0
   13    11    15    16   0.15600  1.0 3.0
   13    11    15    17   0.25000  1.0 1.0
   13    11    15    17   0.15600  1.0 3.0
   12    11    15    18   0.15600  1.0 3.0
   12    11    15    16   0.15600  1.0 3.0
   12    11    15    17   0.15600  1.0 3.0
    8    11    13    14   0.02500  1.0 1.0
    8    11    13    14   0.16000  1.0 3.0
   15    11    13    14   0.02500  1.0 1.0
   15    11    13    14   0.16000  1.0 3.0
   12    11    13    14   0.16700  1.0 3.0
   18    20    21    22   1.45000 -1.0 2.0
   18    20    21    23   1.45000 -1.0 2.0
   30    20    21    22   1.45000 -1.0 2.0
   30    20    21    23   1.45000 -1.0 2.0
   18    20    30    28   1.85000 -1.0 2.0
   18    20    30    31   1.85000 -1.0 2.0
   21    20    30    28   1.85000 -1.0 2.0
   21    20    30    31   1.85000 -1.0 2.0
   20    21    23    24   4.00000 -1.0 2.0
   22    21    23    24   4.00000 -1.0 2.0
   21    23    24    25   4.80000 -1.0 2.0
   21    23   -24    28   4.80000 -1.0 2.0
   23    24    25    26   2.40000 -1.0 2.0
   23    24    25    27   2.40000 -1.0 2.0
   28    24    25    26   2.40000 -1.0 2.0
   28    24    25    27   2.40000 -1.0 2.0
   23    24   -28    30   2.55000 -1.0 2.0
   23    24    28    29   2.55000 -1.0 2.0
   25    24    28    30   2.55000 -1.0 2.0
   25    24    28    29   2.55000 -1.0 2.0
   24    28   -30    20   6.65000 -1.0 2.0
   24    28    30    31   6.65000 -1.0 2.0
   29    28    30    20   6.65000 -1.0 2.0
   29    28    30    31   6.65000 -1.0 2.0
IPHI
   30    21    20    18   1.00000 -1.0 2.0
   23    28    24    25   1.10000 -1.0 2.0
   24    26    25    27   0.50000 -1.0 2.0
   24    27    25    26   0.50000 -1.0 2.0
   30    24    28    29   1.10000 -1.0 2.0
   20    28    30    31   1.10000 -1.0 2.0
END
