* LIGAND DATABASE FILE (AMBER99)
*
 DT    32    33     59    100     192
    1     0 M   P2   _P__     1     1.61000   118.62290   159.31602
    2     1 S   O2Z  _OP1     2     1.48011   109.62421   144.88132
    3     1 S   O2Z  _OP2     3     1.48021   109.63968    16.81311
    4     1 M   OS   _O5'     4     1.59959   101.33488   -99.12404
    5     4 M   CT   _C5'     5     1.44003   119.00403   -39.20801
    6     5 S   HC   _H5'    21     1.09000   109.50005   -31.39288
    7     5 S   HC   H5''    22     1.09000   109.49998    88.60708
    8     5 M   CT   _C4'     6     1.51598   110.03507  -151.39294
    9     8 S   HC   _H4'    23     1.09000   109.50003   156.57698
   10     8 S   OS   _O4'     7     1.45722   108.85864   -86.27017
   11     8 M   CT   _C3'     8     1.52839   115.78407    30.88277
   12    11 M   OS   _O3'     9     1.42414   111.13555   158.26955
   13    11 S   HC   _H3'    24     1.09000   109.50005    42.84029
   14    11 S   CT   _C2'    10     1.52845   102.77649   -86.30116
   15    14 S   HC   _H2'    25     1.09000   109.50006    85.20757
   16    14 S   HC   H2''    26     1.09000   109.50007  -154.79252
   17    10 S   CO   _C1'    11     1.41970   110.06920   105.57162
   18    17 S   HC   _H1'    27     1.09000   109.49991   119.32159
   19    17 S   N*   _N1_    12     1.48960   108.06058  -127.20712
   20    19 S   C    _C2_    13     1.37460   117.05434   -95.42715
   21    20 S   O    _O2_    14     1.21907   122.91826    -0.05234
   22    20 S   NNB  _N3_    15     1.38125   115.38296  -179.98022
   23    22 S   H    _H3_    28     1.01000   120.00002   179.92338
   24    22 S   C    _C4_    16     1.37948   126.46129    -0.07662
   25    24 S   O    _O4_    17     1.23270   120.58973  -179.98022
   26    24 S   CM   _C5_    18     1.44399   114.06266     0.04423
   27    26 S   CT   _C7_    19     1.50006   117.58864   179.94405
   28    27 S   HC   _H71    29     1.09000   109.50001  -180.00000
   29    27 S   HC   _H72    30     1.09000   109.50001   -59.99994
   30    27 S   HC   _H73    31     1.09000   109.49996    60.00008
   31    19 S   CM   _C6_    20     1.37031   120.86240    84.52179
   32    31 S   HC   _H6_    32     1.08000   119.99999     0.03426
   7   3   2   7  10   5   4  11   6  11   8   5   4   7   4   3
   8   3   9   8   4   6   3   8   3   6   5   3   2   1   1   1
    2     3     4     5     8     6     7  
    3     4     5  
    4     5  
    5     8    10    11     6     7     9  
    8    10    11    12    14    17     6     7     9    13  
    7     9     8    10    11  
    9     8    10    11  
   10    11    12    14    17    19     9    13    15    16    18  
   13    10    11    12    14    17  
   11    12    14    17    19    20    31    13    15    16    18  
   12    14    17    19    13    15    16    18  
   14    17    13    15    16  
   15    16    14    17  
   17    19    20    31    15    16    18  
   16    18    17    19  
   18    17    19  
   19    20    21    22    26    31    18    32  
   19    20    31  
   20    21    22    24    26    27    31    23    32  
   21    22    24    25    26    31    23    32  
   22    24    31    23  
   24    25    26    27    31    23  
   24    25    26  
   25    26    27    31    28    29    30    32  
   26    27    31  
   27    31    28    29    30    32  
   31    28    29    30    32  
   29    30    31  
   30    31  
   31  
   32  
    0  
NBON
    1   2.1000   0.2000   1.1659   2.1070   1.8700   0.005000000   0.000000000
    2   1.6612   0.2100  -0.7761   1.6890   1.4900   0.001000000  -0.126889456
    3   1.6612   0.2100  -0.7761   1.6890   1.4900   0.001000000  -0.126889456
    4   1.6837   0.1700  -0.4954   1.7660   1.5600   0.020110767  -0.896042159
    5   1.9080   0.1094  -0.0069   1.9750   1.7500   0.005000000  -0.741685710
    6   1.3870   0.0157   0.0754   1.4250   1.2500   0.008598240   0.268726247
    7   1.3870   0.0157   0.0754   1.4250   1.2500   0.008598240   0.268726247
    8   1.9080   0.1094   0.1629   1.9750   1.7500   0.005000000  -0.741685710
    9   1.3870   0.0157   0.1176   1.4250   1.2500   0.008598240   0.268726247
   10   1.6837   0.1700  -0.3691   1.7660   1.5600   0.020110767  -0.896042159
   11   1.9080   0.1094   0.0713   1.9750   1.7500   0.005000000  -0.741685710
   12   1.6837   0.1700  -0.5232   1.7660   1.5600   0.020110767  -0.896042159
   13   1.3870   0.0157   0.0985   1.4250   1.2500   0.008598240   0.268726247
   14   1.9080   0.1094  -0.0854   1.9750   1.7500   0.005000000  -0.741685710
   15   1.4870   0.0157   0.0718   1.4250   1.2500   0.008598240   0.268726247
   16   1.4870   0.0157   0.0718   1.4250   1.2500   0.008598240   0.268726247
   17   1.9080   0.1094   0.0680   1.9750   1.7500   0.005000000  -0.741685710
   18   1.2870   0.0157   0.1804   1.3810   1.2100   0.008598240   0.268726247
   19   1.8240   0.1700  -0.0239   1.8100   1.6000   0.054801302  -1.445846770
   20   1.9080   0.0860   0.5677   1.9250   1.7000   0.001000000  -0.126889456
   21   1.6612   0.2100  -0.5881   1.5250   1.4250   0.001000000  -1.480495490
   22   1.8240   0.1700  -0.4340   1.8100   1.6000   0.054801302  -1.445846770
   23   0.6000   0.0157   0.3420   1.5900   1.4000   0.030040813  -0.651083722
   24   1.9080   0.0860   0.5194   1.9250   1.7000   0.001000000  -0.126889456
   25   1.6612   0.2100  -0.5563   1.5250   1.4250   0.001000000  -1.480495490
   26   1.9080   0.0860   0.0025   2.0020   1.7750   0.023028004  -0.852763146
   27   1.9080   0.1094  -0.2269   1.9750   1.7500   0.005000000  -0.741685710
   28   1.4870   0.0157   0.0770   1.4250   1.2500   0.008598240   0.268726247
   29   1.4870   0.0157   0.0770   1.4250   1.2500   0.008598240   0.268726247
   30   1.4870   0.0157   0.0770   1.4250   1.2500   0.008598240   0.268726247
   31   1.9080   0.0860  -0.2209   2.0020   1.7750   0.023028004  -0.852763146
   32   1.4090   0.0150   0.2607   1.4250   1.2500   0.008598240   0.268726247
BOND
    1     2   525.000  1.480
    1     3   525.000  1.480
    1     4   230.000  1.610
    4     5   320.000  1.410
    5     8   310.000  1.526
    5     6   340.000  1.090
    5     7   340.000  1.090
    8    10   320.000  1.410
    8    11   310.000  1.526
    8     9   340.000  1.090
   10    17   320.000  1.410
   17    14   310.000  1.526
   17    18   340.000  1.090
   17    19   337.000  1.475
   11    14   310.000  1.526
   11    12   320.000  1.410
   11    13   340.000  1.090
   14    15   340.000  1.090
   14    16   340.000  1.090
   19    20   424.000  1.383
   19    31   448.000  1.365
   20    21   570.000  1.229
   20    22   418.000  1.388
   22    24   418.000  1.388
   22    23   434.000  1.010
   24    25   570.000  1.229
   24    26   410.000  1.444
   26    27   317.000  1.510
   26    31   549.000  1.350
   27    28   340.000  1.090
   27    29   340.000  1.090
   27    30   340.000  1.090
   31    32   367.000  1.080
THET
    2     1     3   140.00000  119.90000
    2     1     4   100.00000  108.23000
    3     1     4   100.00000  108.23000
    1     4     5   100.00000  120.50000
    4     5     8    50.00000  109.50000
    4     5     6    50.00000  109.50000
    4     5     7    50.00000  109.50000
    8     5     6    50.00000  109.50000
    8     5     7    50.00000  109.50000
    6     5     7    35.00000  109.50000
    5     8    10    50.00000  109.50000
    5     8    11    40.00000  109.50000
    5     8     9    50.00000  109.50000
   10     8    11    50.00000  109.50000
   10     8     9    50.00000  109.50000
   11     8     9    50.00000  109.50000
    8    10    17    60.00000  109.50000
   10    17    14    50.00000  109.50000
   10    17    18    50.00000  109.50000
   10    17    19    50.00000  109.50000
   14    17    18    50.00000  109.50000
   14    17    19    50.00000  109.50000
   18    17    19    50.00000  109.50000
    8    11    14    40.00000  109.50000
    8    11    12    50.00000  109.50000
    8    11    13    50.00000  109.50000
   14    11    12    50.00000  109.50000
   14    11    13    50.00000  109.50000
   12    11    13    50.00000  109.50000
   17    14    11    40.00000  109.50000
   17    14    15    50.00000  109.50000
   17    14    16    50.00000  109.50000
   11    14    15    50.00000  109.50000
   11    14    16    50.00000  109.50000
   15    14    16    35.00000  109.50000
   17    19    20    70.00000  117.60000
   17    19    31    70.00000  121.20000
   20    19    31    70.00000  121.60000
   19    20    21    80.00000  120.90000
   19    20    22    70.00000  115.40000
   21    20    22    80.00000  120.60000
   20    22    24    70.00000  126.40000
   20    22    23    50.00000  116.80000
   24    22    23    50.00000  116.80000
   22    24    25    80.00000  120.60000
   22    24    26    70.00000  114.10000
   25    24    26    80.00000  125.30000
   24    26    27    70.00000  119.70000
   24    26    31    63.00000  120.70000
   27    26    31    70.00000  119.70000
   26    27    28    50.00000  109.50000
   26    27    29    50.00000  109.50000
   26    27    30    50.00000  109.50000
   28    27    29    35.00000  109.50000
   28    27    30    35.00000  109.50000
   29    27    30    35.00000  109.50000
   19    31    26    70.00000  121.20000
   19    31    32    50.00000  119.10000
   26    31    32    50.00000  119.70000
PHI
    2     1     4     5   0.25000  1.0 3.0
    3     1     4     5   0.25000  1.0 3.0
    1     4     5     8   0.38300  1.0 3.0
    1     4     5     6   0.38300  1.0 3.0
    1     4     5     7   0.38300  1.0 3.0
    4     5     8    10   1.17500  1.0 2.0
    4     5     8    10   0.14400  1.0 3.0
    4     5     8    11   0.15600  1.0 3.0
    4     5     8     9   0.15600  1.0 3.0
    6     5     8    10   0.15600  1.0 3.0
    6     5     8    11   0.15600  1.0 3.0
    6     5     8     9   0.15600  1.0 3.0
    7     5     8    10   0.15600  1.0 3.0
    7     5     8    11   0.15600  1.0 3.0
    7     5     8     9   0.15600  1.0 3.0
    5     8    10    17   0.10000 -1.0 2.0
    5     8    10    17   0.38300  1.0 3.0
   11     8    10    17   0.10000 -1.0 2.0
   11     8    10    17   0.38300  1.0 3.0
    9     8    10    17   0.38300  1.0 3.0
    5     8    11    14   0.20000 -1.0 1.0
    5     8    11    14   0.25000 -1.0 2.0
    5     8    11    14   0.18000  1.0 3.0
    5     8    11    12   0.15600  1.0 3.0
    5     8    11    13   0.15600  1.0 3.0
   10     8    11    14   0.15600  1.0 3.0
   10     8    11    12   1.17500  1.0 2.0
   10     8    11    12   0.14400  1.0 3.0
   10     8    11    13   0.15600  1.0 3.0
    9     8    11    14   0.15600  1.0 3.0
    9     8    11    12   0.15600  1.0 3.0
    9     8    11    13   0.15600  1.0 3.0
    8    10    17    14   0.10000 -1.0 2.0
    8    10    17    14   0.38300  1.0 3.0
    8    10    17    18   0.38300  1.0 3.0
    8    10    17    19   0.65000  1.0 2.0
    8    10    17    19   0.38300  1.0 3.0
   10    17    14    11   0.15600  1.0 3.0
   10    17    14    15   0.25000  1.0 1.0
   10    17    14    15   0.15600  1.0 3.0
   10    17    14    16   0.25000  1.0 1.0
   10    17    14    16   0.15600  1.0 3.0
   18    17    14    11   0.15600  1.0 3.0
   18    17    14    15   0.15600  1.0 3.0
   18    17    14    16   0.15600  1.0 3.0
   19    17    14    11   0.15600  1.0 3.0
   19    17    14    15   0.15600  1.0 3.0
   19    17    14    16   0.15600  1.0 3.0
   10    17    19    31   2.50000  1.0 1.0
    8    11    14    17   0.20000 -1.0 1.0
    8    11    14    17   0.25000 -1.0 2.0
    8    11    14    17   0.18000  1.0 3.0
    8    11    14    15   0.16000  1.0 3.0
    8    11    14    16   0.16000  1.0 3.0
   12    11    14    17   0.15600  1.0 3.0
   12    11    14    15   0.25000  1.0 1.0
   12    11    14    15   0.15600  1.0 3.0
   12    11    14    16   0.25000  1.0 1.0
   12    11    14    16   0.15600  1.0 3.0
   13    11    14    17   0.15600  1.0 3.0
   13    11    14    15   0.15600  1.0 3.0
   13    11    14    16   0.15600  1.0 3.0
   17    19    20    21   1.45000 -1.0 2.0
   17    19    20    22   1.45000 -1.0 2.0
   31    19    20    21   1.45000 -1.0 2.0
   31    19    20    22   1.45000 -1.0 2.0
   17    19    31    26   1.85000 -1.0 2.0
   17    19    31    32   1.85000 -1.0 2.0
   20    19    31    26   1.85000 -1.0 2.0
   20    19    31    32   1.85000 -1.0 2.0
   19    20    22    24   1.35000 -1.0 2.0
   19    20    22    23   1.35000 -1.0 2.0
   21    20    22    24   1.35000 -1.0 2.0
   21    20    22    23   1.35000 -1.0 2.0
   20    22    24    25   1.35000 -1.0 2.0
   20    22   -24    26   1.35000 -1.0 2.0
   23    22    24    25   1.35000 -1.0 2.0
   23    22    24    26   1.35000 -1.0 2.0
   22    24    26    27   2.17500 -1.0 2.0
   22    24   -26    31   2.17500 -1.0 2.0
   25    24    26    27   2.17500 -1.0 2.0
   25    24    26    31   2.17500 -1.0 2.0
   25    24    26    31   0.30000  1.0 3.0
   31    26    27    28   1.15000  1.0 1.0
   31    26    27    28   0.38000 -1.0 3.0
   31    26    27    29   1.15000  1.0 1.0
   31    26    27    29   0.38000 -1.0 3.0
   31    26    27    30   1.15000  1.0 1.0
   31    26    27    30   0.38000 -1.0 3.0
   24    26   -31    19   6.65000 -1.0 2.0
   24    26    31    32   6.65000 -1.0 2.0
   27    26    31    19   6.65000 -1.0 2.0
   27    26    31    32   6.65000 -1.0 2.0
IPHI
   31    20    19    17   1.00000 -1.0 2.0
   19    22    20    21  10.50000 -1.0 2.0
   20    24    22    23   0.50000 -1.0 2.0
   24    20    22    23   0.50000 -1.0 2.0
   26    22    24    25  10.50000 -1.0 2.0
   24    31    26    27   1.10000 -1.0 2.0
   19    26    31    32   1.10000 -1.0 2.0
END
