* LIGAND DATABASE FILE (AMBER99)
*
 DTB   30    31     56     99     186
    1     0 M   OH   _O5'     1    35.08884   130.16297   -75.43718
    2     1 S   HO   HO5'    30     0.96000    74.40785  -152.28230
    3     1 M   CT   _C5'     2     1.44004    50.57250   -19.58626
    4     3 S   HC   _H5'    18     1.09000   109.49994  -108.67625
    5     3 S   HC   H5''    19     1.09000   109.50002    11.32382
    6     3 M   CT   _C4'     3     1.51598   110.03504   131.32383
    7     6 S   HC   _H4'    20     1.09000   109.50007   156.57695
    8     6 S   OS   _O4'     4     1.45722   108.85864   -86.27009
    9     6 M   CT   _C3'     5     1.52839   115.78405    30.88270
   10     9 M   OS   _O3'     6     1.42414   111.13540   158.26954
   11     9 S   HC   _H3'    21     1.09000   109.49996    42.84038
   12     9 S   CT   _C2'     7     1.52845   102.77648   -86.30116
   13    12 S   HC   _H2'    22     1.09000   109.50009    85.20766
   14    12 S   HC   H2''    23     1.09000   109.50002  -154.79251
   15     8 S   CO   _C1'     8     1.41970   110.06929   105.57157
   16    15 S   HC   _H1'    24     1.09000   109.50006   119.32151
   17    15 S   N*   _N1_     9     1.48960   108.06050  -127.20720
   18    17 S   C    _C2_    10     1.37460   117.05443   -95.42746
   19    18 S   O    _O2_    11     1.21907   122.91824    -0.04423
   20    18 S   NNB  _N3_    12     1.38125   115.38300  -179.98022
   21    20 S   H    _H3_    25     1.01000   120.00000   179.92598
   22    20 S   C    _C4_    13     1.37948   126.46130    -0.07133
   23    22 S   O    _O4_    14     1.23270   120.58975  -180.00000
   24    22 S   CM   _C5_    15     1.44399   114.06265     0.03956
   25    24 S   CT   _C7_    16     1.50006   117.58864   179.94405
   26    25 S   HC   _H71    26     1.09000   109.49997   179.98022
   27    25 S   HC   _H72    27     1.09000   109.49998   -60.00002
   28    25 S   HC   _H73    28     1.09000   109.49998    59.99987
   29    17 S   CM   _C6_    17     1.37031   120.86237    84.52199
   30    29 S   HC   _H6_    29     1.08000   119.99993     0.01978
   8   4  10   5   4  11   6  11   8   5   4   7   4   3   8   3
   9   8   4   6   3   8   3   6   5   3   2   1   1   1
    3     6     8     9     4     5     7     2  
    3     4     5     6  
    6     8     9    10    12    15     4     5     7    11  
    5     7     6     8     9  
    7     6     8     9  
    8     9    10    12    15    17     7    11    13    14    16  
   11     8     9    10    12    15  
    9    10    12    15    17    18    29    11    13    14    16  
   10    12    15    17    11    13    14    16  
   12    15    11    13    14  
   13    14    12    15  
   15    17    18    29    13    14    16  
   14    16    15    17  
   16    15    17  
   17    18    19    20    24    29    16    30  
   17    18    29  
   18    19    20    22    24    25    29    21    30  
   19    20    22    23    24    29    21    30  
   20    22    29    21  
   22    23    24    25    29    21  
   22    23    24  
   23    24    25    29    26    27    28    30  
   24    25    29  
   25    29    26    27    28    30  
   29    26    27    28    30  
   27    28    29  
   28    29  
   29  
   30  
    0  
NBON
    1   1.7210   0.2104  -0.6318   1.7660   1.5600   0.021068034  -0.322181743
    2   0.0000   0.0000   0.4422   0.9960   0.8600   0.030040813  -0.651083722
    3   1.9080   0.1094  -0.0069   1.9750   1.7500   0.005000000  -0.741685710
    4   1.3870   0.0157   0.0754   1.4250   1.2500   0.008598240   0.268726247
    5   1.3870   0.0157   0.0754   1.4250   1.2500   0.008598240   0.268726247
    6   1.9080   0.1094   0.1629   1.9750   1.7500   0.005000000  -0.741685710
    7   1.3870   0.0157   0.1176   1.4250   1.2500   0.008598240   0.268726247
    8   1.6837   0.1700  -0.3691   1.7660   1.5600   0.020110767  -0.896042159
    9   1.9080   0.1094   0.0713   1.9750   1.7500   0.005000000  -0.741685710
   10   1.6837   0.1700  -0.5232   1.7660   1.5600   0.020110767  -0.896042159
   11   1.3870   0.0157   0.0985   1.4250   1.2500   0.008598240   0.268726247
   12   1.9080   0.1094  -0.0854   1.9750   1.7500   0.005000000  -0.741685710
   13   1.4870   0.0157   0.0718   1.4250   1.2500   0.008598240   0.268726247
   14   1.4870   0.0157   0.0718   1.4250   1.2500   0.008598240   0.268726247
   15   1.9080   0.1094   0.0680   1.9750   1.7500   0.005000000  -0.741685710
   16   1.2870   0.0157   0.1804   1.3810   1.2100   0.008598240   0.268726247
   17   1.8240   0.1700  -0.0239   1.8100   1.6000   0.054801302  -1.445846770
   18   1.9080   0.0860   0.5677   1.9250   1.7000   0.001000000  -0.126889456
   19   1.6612   0.2100  -0.5881   1.5250   1.4250   0.001000000  -1.480495490
   20   1.8240   0.1700  -0.4340   1.8100   1.6000   0.054801302  -1.445846770
   21   0.6000   0.0157   0.3420   1.5900   1.4000   0.030040813  -0.651083722
   22   1.9080   0.0860   0.5194   1.9250   1.7000   0.001000000  -0.126889456
   23   1.6612   0.2100  -0.5563   1.5250   1.4250   0.001000000  -1.480495490
   24   1.9080   0.0860   0.0025   2.0020   1.7750   0.023028004  -0.852763146
   25   1.9080   0.1094  -0.2269   1.9750   1.7500   0.005000000  -0.741685710
   26   1.4870   0.0157   0.0770   1.4250   1.2500   0.008598240   0.268726247
   27   1.4870   0.0157   0.0770   1.4250   1.2500   0.008598240   0.268726247
   28   1.4870   0.0157   0.0770   1.4250   1.2500   0.008598240   0.268726247
   29   1.9080   0.0860  -0.2209   2.0020   1.7750   0.023028004  -0.852763146
   30   1.4090   0.0150   0.2607   1.4250   1.2500   0.008598240   0.268726247
BOND
    1     3   320.000  1.410
    1     2   553.000  0.960
    3     6   310.000  1.526
    3     4   340.000  1.090
    3     5   340.000  1.090
    6     8   320.000  1.410
    6     9   310.000  1.526
    6     7   340.000  1.090
    8    15   320.000  1.410
   15    12   310.000  1.526
   15    16   340.000  1.090
   15    17   337.000  1.475
    9    12   310.000  1.526
    9    10   320.000  1.410
    9    11   340.000  1.090
   12    13   340.000  1.090
   12    14   340.000  1.090
   17    18   424.000  1.383
   17    29   448.000  1.365
   18    19   570.000  1.229
   18    20   418.000  1.388
   20    22   418.000  1.388
   20    21   434.000  1.010
   22    23   570.000  1.229
   22    24   410.000  1.444
   24    25   317.000  1.510
   24    29   549.000  1.350
   25    26   340.000  1.090
   25    27   340.000  1.090
   25    28   340.000  1.090
   29    30   367.000  1.080
THET
    3     1     2    55.00000  108.50000
    1     3     6    50.00000  109.50000
    1     3     4    50.00000  109.50000
    1     3     5    50.00000  109.50000
    6     3     4    50.00000  109.50000
    6     3     5    50.00000  109.50000
    4     3     5    35.00000  109.50000
    3     6     8    50.00000  109.50000
    3     6     9    40.00000  109.50000
    3     6     7    50.00000  109.50000
    8     6     9    50.00000  109.50000
    8     6     7    50.00000  109.50000
    9     6     7    50.00000  109.50000
    6     8    15    60.00000  109.50000
    8    15    12    50.00000  109.50000
    8    15    16    50.00000  109.50000
    8    15    17    50.00000  109.50000
   12    15    16    50.00000  109.50000
   12    15    17    50.00000  109.50000
   16    15    17    50.00000  109.50000
    6     9    12    40.00000  109.50000
    6     9    10    50.00000  109.50000
    6     9    11    50.00000  109.50000
   12     9    10    50.00000  109.50000
   12     9    11    50.00000  109.50000
   10     9    11    50.00000  109.50000
   15    12     9    40.00000  109.50000
   15    12    13    50.00000  109.50000
   15    12    14    50.00000  109.50000
    9    12    13    50.00000  109.50000
    9    12    14    50.00000  109.50000
   13    12    14    35.00000  109.50000
   15    17    18    70.00000  117.60000
   15    17    29    70.00000  121.20000
   18    17    29    70.00000  121.60000
   17    18    19    80.00000  120.90000
   17    18    20    70.00000  115.40000
   19    18    20    80.00000  120.60000
   18    20    22    70.00000  126.40000
   18    20    21    50.00000  116.80000
   22    20    21    50.00000  116.80000
   20    22    23    80.00000  120.60000
   20    22    24    70.00000  114.10000
   23    22    24    80.00000  125.30000
   22    24    25    70.00000  119.70000
   22    24    29    63.00000  120.70000
   25    24    29    70.00000  119.70000
   24    25    26    50.00000  109.50000
   24    25    27    50.00000  109.50000
   24    25    28    50.00000  109.50000
   26    25    27    35.00000  109.50000
   26    25    28    35.00000  109.50000
   27    25    28    35.00000  109.50000
   17    29    24    70.00000  121.20000
   17    29    30    50.00000  119.10000
   24    29    30    50.00000  119.70000
PHI
    2     1     3     6   0.02500  1.0 1.0
    2     1     3     6   0.16000  1.0 3.0
    2     1     3     4   0.16700  1.0 3.0
    2     1     3     5   0.16700  1.0 3.0
    1     3     6     8   1.17500  1.0 2.0
    1     3     6     8   0.14400  1.0 3.0
    1     3     6     9   0.15600  1.0 3.0
    1     3     6     7   0.15600  1.0 3.0
    4     3     6     8   0.15600  1.0 3.0
    4     3     6     9   0.15600  1.0 3.0
    4     3     6     7   0.15600  1.0 3.0
    5     3     6     8   0.15600  1.0 3.0
    5     3     6     9   0.15600  1.0 3.0
    5     3     6     7   0.15600  1.0 3.0
    3     6     8    15   0.10000 -1.0 2.0
    3     6     8    15   0.38300  1.0 3.0
    9     6     8    15   0.10000 -1.0 2.0
    9     6     8    15   0.38300  1.0 3.0
    7     6     8    15   0.38300  1.0 3.0
    3     6     9    12   0.20000 -1.0 1.0
    3     6     9    12   0.25000 -1.0 2.0
    3     6     9    12   0.18000  1.0 3.0
    3     6     9    10   0.15600  1.0 3.0
    3     6     9    11   0.15600  1.0 3.0
    8     6     9    12   0.15600  1.0 3.0
    8     6     9    10   1.17500  1.0 2.0
    8     6     9    10   0.14400  1.0 3.0
    8     6     9    11   0.15600  1.0 3.0
    7     6     9    12   0.15600  1.0 3.0
    7     6     9    10   0.15600  1.0 3.0
    7     6     9    11   0.15600  1.0 3.0
    6     8    15    12   0.10000 -1.0 2.0
    6     8    15    12   0.38300  1.0 3.0
    6     8    15    16   0.38300  1.0 3.0
    6     8    15    17   0.65000  1.0 2.0
    6     8    15    17   0.38300  1.0 3.0
    8    15    12     9   0.15600  1.0 3.0
    8    15    12    13   0.25000  1.0 1.0
    8    15    12    13   0.15600  1.0 3.0
    8    15    12    14   0.25000  1.0 1.0
    8    15    12    14   0.15600  1.0 3.0
   16    15    12     9   0.15600  1.0 3.0
   16    15    12    13   0.15600  1.0 3.0
   16    15    12    14   0.15600  1.0 3.0
   17    15    12     9   0.15600  1.0 3.0
   17    15    12    13   0.15600  1.0 3.0
   17    15    12    14   0.15600  1.0 3.0
    8    15    17    29   2.50000  1.0 1.0
    6     9    12    15   0.20000 -1.0 1.0
    6     9    12    15   0.25000 -1.0 2.0
    6     9    12    15   0.18000  1.0 3.0
    6     9    12    13   0.16000  1.0 3.0
    6     9    12    14   0.16000  1.0 3.0
   10     9    12    15   0.15600  1.0 3.0
   10     9    12    13   0.25000  1.0 1.0
   10     9    12    13   0.15600  1.0 3.0
   10     9    12    14   0.25000  1.0 1.0
   10     9    12    14   0.15600  1.0 3.0
   11     9    12    15   0.15600  1.0 3.0
   11     9    12    13   0.15600  1.0 3.0
   11     9    12    14   0.15600  1.0 3.0
   15    17    18    19   1.45000 -1.0 2.0
   15    17    18    20   1.45000 -1.0 2.0
   29    17    18    19   1.45000 -1.0 2.0
   29    17    18    20   1.45000 -1.0 2.0
   15    17    29    24   1.85000 -1.0 2.0
   15    17    29    30   1.85000 -1.0 2.0
   18    17    29    24   1.85000 -1.0 2.0
   18    17    29    30   1.85000 -1.0 2.0
   17    18    20    22   1.35000 -1.0 2.0
   17    18    20    21   1.35000 -1.0 2.0
   19    18    20    22   1.35000 -1.0 2.0
   19    18    20    21   1.35000 -1.0 2.0
   18    20    22    23   1.35000 -1.0 2.0
   18    20   -22    24   1.35000 -1.0 2.0
   21    20    22    23   1.35000 -1.0 2.0
   21    20    22    24   1.35000 -1.0 2.0
   20    22    24    25   2.17500 -1.0 2.0
   20    22   -24    29   2.17500 -1.0 2.0
   23    22    24    25   2.17500 -1.0 2.0
   23    22    24    29   2.17500 -1.0 2.0
   23    22    24    29   0.30000  1.0 3.0
   29    24    25    26   1.15000  1.0 1.0
   29    24    25    26   0.38000 -1.0 3.0
   29    24    25    27   1.15000  1.0 1.0
   29    24    25    27   0.38000 -1.0 3.0
   29    24    25    28   1.15000  1.0 1.0
   29    24    25    28   0.38000 -1.0 3.0
   22    24   -29    17   6.65000 -1.0 2.0
   22    24    29    30   6.65000 -1.0 2.0
   25    24    29    17   6.65000 -1.0 2.0
   25    24    29    30   6.65000 -1.0 2.0
IPHI
   29    18    17    15   1.00000 -1.0 2.0
   17    20    18    19  10.50000 -1.0 2.0
   18    22    20    21   0.50000 -1.0 2.0
   22    18    20    21   0.50000 -1.0 2.0
   24    20    22    23  10.50000 -1.0 2.0
   22    29    24    25   1.10000 -1.0 2.0
   17    24    29    30   1.10000 -1.0 2.0
END
