* LIGAND DATABASE FILE (OPLS2005)
*
BAM      18    18     27     45      78
    1     0 M   CA   _C2_     2    4.335380  124.553490  147.146905
    2     1 M   CA   _C1_     1    1.408450   81.074888   83.111592
    3     2 M   CA   _C6_     6    1.408400  117.591740  160.718813
    4     1 M   CA   _C3_     3    1.392410  151.360308 -132.970691
    5     1 M   HA   _H1_    10    1.080590   44.271663  -73.051598
    6     4 M   CA   _C4_     4    1.390060  119.784880 -137.110799
    7     4 M   HA   _H2_    11    1.080280  120.166910   42.889201
    8     6 M   CA   _C5_     5    1.390100  120.330660    0.000000
    9     6 M   HA   _H3_    12    1.080260  119.835260 -180.000000
   10     8 M   HA   _H4_    13    1.080230  120.046580 -180.000000
   11     3 M   HA   _H5_    14    1.080670  121.304640 -180.000000
   12     2 S   CG   _C7_     7    1.476300  121.212108  -19.281363
   13    12 S   NG   _N1_     8    1.328500  119.778550   -0.000584
   14    12 S   NG   _N2_     9    1.328540  119.774460  179.999386
   15    13 S   H    _H6_    15    1.009410  119.948710 -180.000000
   16    13 S   H    _H7_    16    1.009480  119.733270    0.000000
   17    14 S   H    _H9_    17    1.009490  119.740210    0.000000
   18    14 S   H    _H8_    18    1.009430  119.950030 -180.000000
NBON
    1   3.5500   0.0700  -0.108230   2.0020   1.7750   0.001000000  -0.843144165
    2   3.5500   0.0700  -0.126110   2.5000   1.7750   0.001000000  -0.843144165
    3   3.5500   0.0700  -0.108230   2.0020   1.7750   0.001000000  -0.843144165
    4   3.5500   0.0700  -0.132440   2.0020   1.7750   0.001000000  -0.843144165
    5   2.4200   0.0300   0.139930   1.3810   1.2100   0.030040813   0.268726247
    6   3.5500   0.0700  -0.035670   2.0020   1.7750   0.001000000  -0.843144165
    7   2.4200   0.0300   0.167190   1.3810   1.2100   0.030040813   0.268726247
    8   3.5500   0.0700  -0.132440   2.0020   1.7750   0.001000000  -0.843144165
    9   2.4200   0.0300   0.166670   1.3810   1.2100   0.030040813   0.268726247
   10   2.4200   0.0300   0.167190   1.3810   1.2100   0.030040813   0.268726247
   11   2.4200   0.0300   0.139930   1.3810   1.2100   0.030040813   0.268726247
   12   3.7500   0.1050   0.814440   2.0020   1.7750   0.023028004  -0.852763146
   13   3.2500   0.1700  -0.863160   1.8650   1.6500   0.051222218  -2.220205820
   14   3.2500   0.1700  -0.863160   2.2900   2.0360   0.003973653   1.685851020
   15   0.5000   0.0300   0.443530   0.9960   0.8600   0.030040813  -0.651083722
   16   0.5000   0.0300   0.443530   0.9960   0.8600   0.030040813  -0.651083722
   17   0.5000   0.0300   0.443530   0.9960   0.8600   0.030040813  -0.651083722
   18   0.5000   0.0300   0.443530   0.9960   0.8600   0.030040813  -0.651083722
BOND
     2     1   469.000  1.400
     2     3   469.000  1.400
     2    12   335.000  1.452
     1     4   469.000  1.400
     1     5   367.000  1.080
     4     6   469.000  1.400
     4     7   367.000  1.080
     6     8   469.000  1.400
     6     9   367.000  1.080
     8     3   469.000  1.400
     8    10   367.000  1.080
     3    11   367.000  1.080
    12    13   481.000  1.340
    12    14   481.000  1.340
    13    15   434.000  1.010
    13    16   434.000  1.010
    14    17   434.000  1.010
    14    18   434.000  1.010
THET
     1     2     3    63.00000  120.00000
     1     2    12    65.00000  119.06800
     3     2    12    65.00000  119.06800
     2     1     4    63.00000  120.00000
     2     1     5    35.00000  120.00000
     4     1     5    35.00000  120.00000
     1     4     6    63.00000  120.00000
     1     4     7    35.00000  120.00000
     6     4     7    35.00000  120.00000
     4     6     8    63.00000  120.00000
     4     6     9    35.00000  120.00000
     8     6     9    35.00000  120.00000
     6     8     3    63.00000  120.00000
     6     8    10    35.00000  120.00000
     3     8    10    35.00000  120.00000
     2     3     8    63.00000  120.00000
     2     3    11    35.00000  120.00000
     8     3    11    35.00000  120.00000
     2    12    13    70.00000  121.95500
     2    12    14    70.00000  121.95500
    13    12    14    70.00000  120.00000
    12    13    15    35.00000  120.00000
    12    13    16    35.00000  120.00000
    15    13    16    35.00000  120.00000
    12    14    17    35.00000  120.00000
    12    14    18    35.00000  120.00000
    17    14    18    35.00000  120.00000
PHI
     3     2     1     4   3.62500 -1.0 2.0
     3     2     1     5   3.62500 -1.0 2.0
    12     2     1     4   3.62500 -1.0 2.0
    12     2     1     5   3.62500 -1.0 2.0
     1     2     3     8   3.62500 -1.0 2.0
     1     2     3    11   3.62500 -1.0 2.0
    12     2     3     8   3.62500 -1.0 2.0
    12     2     3    11   3.62500 -1.0 2.0
     1     2    12    13   1.00000 -1.0 2.0
     1     2    12    13  -0.29100 -1.0 4.0
     1     2    12    14   1.00000 -1.0 2.0
     1     2    12    14  -0.29100 -1.0 4.0
     3     2    12    13   1.00000 -1.0 2.0
     3     2    12    13  -0.29100 -1.0 4.0
     3     2    12    14   1.00000 -1.0 2.0
     3     2    12    14  -0.29100 -1.0 4.0
     2     1     4     6   3.62500 -1.0 2.0
     2     1     4     7   3.62500 -1.0 2.0
     5     1     4     6   3.62500 -1.0 2.0
     5     1     4     7   3.62500 -1.0 2.0
     1     4    -6     8   3.62500 -1.0 2.0
     1     4     6     9   3.62500 -1.0 2.0
     7     4     6     8   3.62500 -1.0 2.0
     7     4     6     9   3.62500 -1.0 2.0
     4     6    -8     3   3.62500 -1.0 2.0
     4     6     8    10   3.62500 -1.0 2.0
     9     6     8     3   3.62500 -1.0 2.0
     9     6     8    10   3.62500 -1.0 2.0
     6     8    -3     2   3.62500 -1.0 2.0
     6     8     3    11   3.62500 -1.0 2.0
    10     8     3     2   3.62500 -1.0 2.0
    10     8     3    11   3.62500 -1.0 2.0
     2    12    13    15   1.00000 -1.0 2.0
     2    12    13    16   1.00000 -1.0 2.0
    14    12    13    15   1.50000 -1.0 2.0
    14    12    13    16   1.50000 -1.0 2.0
     2    12    14    17   1.00000 -1.0 2.0
     2    12    14    18   1.00000 -1.0 2.0
    13    12    14    17   1.50000 -1.0 2.0
    13    12    14    18   1.50000 -1.0 2.0
IPHI
     3    12     2     1   4.00000 -1.0 2.0
     4     5     1     2   1.10000 -1.0 2.0
     6     7     4     1   1.10000 -1.0 2.0
     8     9     6     4   1.10000 -1.0 2.0
     3    10     8     6   1.10000 -1.0 2.0
     8    11     3     2   1.10000 -1.0 2.0
    13     2    12    14  10.50000 -1.0 2.0
    16    12    13    15   1.00000 -1.0 2.0
    17    18    14    12   1.00000 -1.0 2.0
END
