* LIGAND DATABASE FILE (OPLS2005)
*
GOX      25    25     42     69     131
    1     0 M   CDX  _C1_     1   43.900330  111.766350  -19.811630
    2     1 M   NI   _N1_     2    1.289160  108.296290    6.844100
    3     1 M   CT   _C2_     3    1.537860  127.342510 -152.677270
    4     1 M   NE   _N2_     4    1.382680   26.812870  139.384350
    5     3 M   CT   _C3_     7    1.541980  115.063970    6.796730
    6     3 M   HC   _H1_    14    1.089100  105.347180 -112.441840
    7     4 M   CT   _C5_    11    1.457410  123.642330   91.038410
    8     4 M   H    _H2_    15    1.015530  116.811400  -67.543650
    9     5 M   CT   _C4_     9    1.540730  110.993190  -46.854970
   10     5 M   HC   _H5_    18    1.090480  109.867000   74.126110
   11     9 M   HC   _H7_    20    1.085760  109.747870  -61.926110
   12     7 M   HC   _H9_    22    1.090700  106.194050  -70.507090
   13     2 S   OH   _O1_     5    1.432350  110.535160   22.905400
   14    13 S   HO   _H3_    16    0.952770  101.940810  159.936600
   15     3 S   OH   _O2_     6    1.422550  111.729370  129.874500
   16    15 S   HO   _H4_    17    0.970800  105.304500   70.315380
   17     5 S   OH   _O3_     8    1.420190  104.379980 -169.154310
   18    17 S   HO   _H6_    19    0.954950  102.733070  -34.872560
   19     9 S   OH   _O4_    10    1.419900  110.831530  178.880220
   20    19 S   HO   _H8_    21    0.965480  103.794300  144.664420
   21     7 S   CT   _C6_    12    1.540000  109.811330  173.988100
   22    21 S   OH   _O5_    13    1.418060  110.629240  -62.095100
   23    21 S   HC   _H10    23    1.090940  110.079230  176.639660
   24    21 S   HC   _H11    24    1.090720  110.879050   59.301850
   25    22 S   HO   _H12    25    0.966290  106.500770   86.022050
  16   9  14  14  13   5  13   3  12   5   5   5   1   1   2   1   2
   1   2   1   4   3   2   1   1
     2     3     4    13    15     5    17     9     7    21     6     8    14    16    10    12
     3     4    13    15     5     7     6     8    14
     4    13    15     5    17     9    19     7     6     8    16    10    18    11
     6    13    15     5     9    19     7    21    22     8    11    12    23    24
     6    15    16    17     9    19     7    21    10    18    11    20    12
    16    10    15    17     9
     8    10    21    22    11    20    12    23    24    25    17     9    19
    12     9    21
    15    10    12    17    18    19    21    22    11    20    23    24
    15    18    11    17    19
    12    17    20    21    19
    23    24    21    19    22
    14
     0
    17    16
     0
    19    18
     0
    21    20
     0
    22    23    24    25
    23    24    25
    24    25
    25
     0
NBON
     1   3.7500   0.1050   0.771980   2.0020   1.7750   0.023028004  -0.852763146
     2   3.2800   0.1700  -0.569770   1.8540   1.6400   0.005000000   0.000000000
     3   3.5000   0.0660  -0.292970   1.9750   1.7500   0.005000000  -0.741685710
     4   3.2500   0.1700  -0.757380   1.8650   1.6500   0.051222218  -2.220205820
     5   3.5000   0.0660   0.600920   1.9750   1.7500   0.005000000  -0.741685710
     6   2.5000   0.0300   0.172630   1.4250   1.2500   0.008598240   0.268726247
     7   3.5000   0.0660   0.031320   1.9750   1.7500   0.005000000  -0.741685710
     8   0.5000   0.0300   0.423930   0.9960   0.8600   0.030040813  -0.651083722
     9   3.5000   0.0660   0.270670   1.9750   1.7500   0.005000000  -0.741685710
    10   2.5000   0.0300   0.002370   1.4250   1.2500   0.008598240   0.268726247
    11   2.5000   0.0300  -0.024550   1.4250   1.2500   0.008598240   0.268726247
    12   2.5000   0.0150   0.079040   1.4250   1.2500   0.008598240   0.268726247
    13   2.9000   0.1400  -0.442760   1.7660   1.5600   0.021068034  -0.322181743
    14   0.5000   0.0300   0.438420   0.9960   0.8600   0.030040813  -0.651083722
    15   3.1200   0.1700  -0.718130   1.7660   1.5600   0.021068034  -0.322181743
    16   0.5000   0.0300   0.535400   0.9960   0.8600   0.030040813  -0.651083722
    17   3.1200   0.1700  -0.823160   1.7660   1.5600   0.021068034  -0.322181743
    18   0.5000   0.0300   0.537670   0.9960   0.8600   0.030040813  -0.651083722
    19   3.1200   0.1700  -0.783970   1.7660   1.5600   0.021068034  -0.322181743
    20   0.5000   0.0300   0.524000   0.9960   0.8600   0.030040813  -0.651083722
    21   3.5000   0.0660   0.107170   1.9750   1.7500   0.005000000  -0.741685710
    22   3.1200   0.1700  -0.688130   1.7660   1.5600   0.021068034  -0.322181743
    23   2.5000   0.0300   0.060090   1.4250   1.2500   0.008598240   0.268726247
    24   2.5000   0.0300   0.085840   1.4250   1.2500   0.008598240   0.268726247
    25   0.5000   0.0300   0.459380   0.9960   0.8600   0.030040813  -0.651083722
BOND
     1     2   650.000  1.285
     1     3   260.000  1.508
     1     4   445.000  1.380
     2    13   285.000  1.423
     3    15   320.000  1.410
     3     5   268.000  1.529
     3     6   340.000  1.090
     4     7   382.000  1.448
     4     8   434.000  1.010
    13    14   553.000  0.945
    15    16   553.000  0.945
     5    17   320.000  1.410
     5     9   268.000  1.529
     5    10   340.000  1.090
    17    18   553.000  0.945
     9    19   320.000  1.410
     9     7   268.000  1.529
     9    11   340.000  1.090
    19    20   553.000  0.945
     7    21   268.000  1.529
     7    12   340.000  1.090
    21    22   320.000  1.410
    21    23   340.000  1.090
    21    24   340.000  1.090
    22    25   553.000  0.945
THET
     1     2    13   105.00000  108.42000
     1     3    15    95.00000  109.18000
     1     3     5    70.00000  112.18000
     1     3     6    45.00000  109.58200
     1     4     7    50.00000  119.50000
     1     4     8    35.00000  119.50000
     2    13    14    80.00000  101.76000
     3     1     2    70.00000  118.34500
     3    15    16    55.00000  108.50000
     3     5    17    50.00000  109.50000
     3     5     9    58.35000  112.70000
     3     5    10    37.50000  110.70000
     4     1     2    75.00000  124.36500
     4     1     3    75.00000  111.50700
     4     7     9    80.00000  111.61500
     4     7    21    80.00000  111.61500
     4     7    12    35.00000  109.50000
     5     3    15    50.00000  109.50000
     5    17    18    55.00000  108.50000
     5     9    19    50.00000  109.50000
     5     9     7    58.35000  112.70000
     5     9    11    37.50000  110.70000
     9     5    17    50.00000  109.50000
     9    19    20    55.00000  108.50000
     9     7    21    58.35000  112.70000
     9     7    12    37.50000  110.70000
     7     9    19    50.00000  109.50000
     7    21    22    50.00000  109.50000
     7    21    23    37.50000  110.70000
     7    21    24    37.50000  110.70000
    21    22    25    55.00000  108.50000
     6     3    15    35.00000  109.50000
     6     3     5    37.50000  110.70000
     8     4     7    35.00000  112.50000
    10     5    17    35.00000  109.50000
    10     5     9    37.50000  110.70000
    11     9    19    35.00000  109.50000
    11     9     7    37.50000  110.70000
    12     7    21    37.50000  110.70000
    23    21    22    35.00000  109.50000
    24    21    22    35.00000  109.50000
    24    21    23    33.00000  107.80000
PHI
     1     2    13    14   1.00000 -1.0 2.0
     1     3    15    16  -0.07800  1.0 1.0
     1     3    15    16  -0.21500 -1.0 2.0
     1     3    15    16  -0.03150  1.0 3.0
     1     3     5    17   1.05650  1.0 1.0
     1     3     5    17   0.15600 -1.0 2.0
     1     3     5    17   0.53150  1.0 3.0
     1     3     5     9   0.34400  1.0 1.0
     1     3     5     9   0.09450 -1.0 2.0
     1     3     5     9   0.11100  1.0 3.0
     1     3     5    10   0.15000  1.0 3.0
     1     4    -7     9   0.38950  1.0 1.0
     1     4    -7     9  -0.47050 -1.0 2.0
     1     4    -7     9   0.83150  1.0 3.0
     1     4     7    21   0.38950  1.0 1.0
     1     4     7    21  -0.47050 -1.0 2.0
     1     4     7    21   0.83150  1.0 3.0
     1     4     7    12   0.00000  1.0 1.0
     2     1     3    15   0.00000  1.0 1.0
     2     1     3     5   0.00000  1.0 1.0
     2     1     3     6   0.00000  1.0 1.0
     2     1     4     7  -0.86000  1.0 1.0
     2     1     4     7   1.00000 -1.0 2.0
     2     1     4     8   1.50000 -1.0 2.0
     3     1     2    13   6.00000 -1.0 2.0
     3     1     4     7   1.00000 -1.0 2.0
     3     1     4     8   2.40850 -1.0 2.0
     3     5    17    18  -0.11600  1.0 1.0
     3     5    17    18  -0.09450 -1.0 2.0
     3     5    17    18   0.21250  1.0 3.0
     3     5     9    19   0.86500  1.0 1.0
     3     5     9    19  -0.17500 -1.0 2.0
     3     5     9    19   0.20800  1.0 3.0
     3     5    -9     7   0.56750  1.0 1.0
     3     5    -9     7  -0.07550 -1.0 2.0
     3     5    -9     7   0.20000  1.0 3.0
     3     5     9    11   0.15000  1.0 3.0
     4     1     2    13   6.00000 -1.0 2.0
     4     1     3    15   0.00000  1.0 1.0
     4     1     3     5  -0.93550  1.0 1.0
     4     1     3     5   0.38900 -1.0 2.0
     4     1     3     5   0.16950  1.0 3.0
     4     1     3     6   0.00000  1.0 1.0
     4     7    21    22   4.07950  1.0 1.0
     4     7    21    22  -0.26450 -1.0 2.0
     4     7    21    22  -0.12150  1.0 3.0
     4     7    21    23   0.22950  1.0 3.0
     4     7    21    24   0.22950  1.0 3.0
    15     3     5    17   3.75450  1.0 1.0
    15     3     5     9   0.86500  1.0 1.0
    15     3     5     9  -0.17500 -1.0 2.0
    15     3     5     9   0.20800  1.0 3.0
    15     3     5    10   0.23400  1.0 3.0
     5     3    15    16  -0.11600  1.0 1.0
     5     3    15    16  -0.09450 -1.0 2.0
     5     3    15    16   0.21250  1.0 3.0
     5     9    19    20  -0.11600  1.0 1.0
     5     9    19    20  -0.09450 -1.0 2.0
     5     9    19    20   0.21250  1.0 3.0
     5     9    -7     4   1.26750  1.0 1.0
     5     9    -7     4  -0.00950 -1.0 2.0
     5     9    -7     4   0.30600  1.0 3.0
     5     9     7    21   0.56750  1.0 1.0
     5     9     7    21  -0.07550 -1.0 2.0
     5     9     7    21   0.20000  1.0 3.0
     5     9     7    12   0.15000  1.0 3.0
    17     5     9    19   3.75450  1.0 1.0
    17     5     9     7   0.86500  1.0 1.0
    17     5     9     7  -0.17500 -1.0 2.0
    17     5     9     7   0.20800  1.0 3.0
    17     5     9    11   0.23400  1.0 3.0
     9     5    17    18  -0.11600  1.0 1.0
     9     5    17    18  -0.09450 -1.0 2.0
     9     5    17    18   0.21250  1.0 3.0
     9     7    21    22   0.86500  1.0 1.0
     9     7    21    22  -0.17500 -1.0 2.0
     9     7    21    22   0.20800  1.0 3.0
     9     7    21    23   0.15000  1.0 3.0
     9     7    21    24   0.15000  1.0 3.0
    19     9     7     4   4.07950  1.0 1.0
    19     9     7     4  -0.26450 -1.0 2.0
    19     9     7     4  -0.12150  1.0 3.0
    19     9     7    21   0.86500  1.0 1.0
    19     9     7    21  -0.17500 -1.0 2.0
    19     9     7    21   0.20800  1.0 3.0
    19     9     7    12   0.23400  1.0 3.0
     7     9    19    20  -0.11600  1.0 1.0
     7     9    19    20  -0.09450 -1.0 2.0
     7     9    19    20   0.21250  1.0 3.0
     7    21    22    25  -0.11600  1.0 1.0
     7    21    22    25  -0.09450 -1.0 2.0
     7    21    22    25   0.21250  1.0 3.0
     6     3    15    16   0.19450  1.0 3.0
     6     3     5    17   0.23400  1.0 3.0
     6     3     5     9   0.15000  1.0 3.0
     6     3     5    10   0.15000  1.0 3.0
     8     4     7     9   0.00000  1.0 1.0
     8     4     7    21   0.00000  1.0 1.0
     8     4     7    12   0.00000  1.0 1.0
    10     5    17    18   0.19450  1.0 3.0
    10     5     9    19   0.23400  1.0 3.0
    10     5     9     7   0.15000  1.0 3.0
    10     5     9    11   0.15000  1.0 3.0
    11     9    19    20   0.19450  1.0 3.0
    11     9     7     4   0.22950  1.0 3.0
    11     9     7    21   0.15000  1.0 3.0
    11     9     7    12   0.15000  1.0 3.0
    12     7    21    22   0.23400  1.0 3.0
    12     7    21    23   0.15000  1.0 3.0
    12     7    21    24   0.15000  1.0 3.0
    23    21    22    25   0.19450  1.0 3.0
    24    21    22    25   0.19450  1.0 3.0
IPHI
     4     3     1     2  10.50000 -1.0 2.0
     8     1     4     7   1.00000 -1.0 2.0
END
