* LIGAND DATABASE FILE (OPLS2005)
*
GRW      18    18    30      45       0
    1     0 M   CA   _C1_     6   29.766618   17.083134 -111.243651
    2     1 M   CA   _C2_     6    1.401891   75.885284   61.420714
    3     1 M   CA   _C6_     6    1.401289   55.473895 -155.287071
    4     1 M   HA   _H1_     6    1.077306  145.964614  -61.971959
    5     2 M   CA   _C3_     6    1.403531  120.217004   32.049767
    6     2 M   HA   _H2_     6    1.078694  119.004832 -147.988905
    7     5 M   CA   _C4_     6    1.407263  119.505033    2.501045
    8     5 M   HA   _H3_     6    1.080994  119.603237 -178.778797
    9     7 M   CA   _C5_     6    1.406513  120.306076   -0.307503
   10     9 M   HA   _H5_     6    1.080538  120.681462  179.737335
   11     3 M   HA   _H6_     6    1.077632  118.873825  139.350439
   12     7 S   CT   _CG0     6    1.501615  119.910064  179.776934
   13    12 S   HC   _HG2     6    1.089217  110.996384  -20.998836
   14    12 S   HC   _HG3     6    1.088912  109.337384   98.682825
   15    12 S   CT   _G0_     6    1.104772  110.783105 -141.590800
   16    15 S   HC   _G1_     6    1.118551  109.437946   17.252971
   17    15 S   HC   _G2_     6    1.118104  109.446523 -102.750512
   18    15 S   HC   _G3_     6    1.089515  109.443814  137.232957
NBON
     1   3.5500   0.0700  -0.115000   2.5000   1.7750   0.001000000  -0.843144165
     2   3.5500   0.0700  -0.115000   2.5000   1.7750   0.001000000  -0.843144165
     3   3.5500   0.0700  -0.115000   2.5000   1.7750   0.001000000  -0.843144165
     4   2.4200   0.0300   0.115000   1.3810   1.2100   0.030040813   0.268726247
     5   3.5500   0.0700  -0.115000   2.5000   1.7750   0.001000000  -0.843144165
     6   2.4200   0.0300   0.115000   1.3810   1.2100   0.030040813   0.268726247
     7   3.5500   0.0700  -0.115000   2.5000   1.7750   0.001000000  -0.843144165
     8   2.4200   0.0300   0.115000   1.3810   1.2100   0.030040813   0.268726247
     9   3.5500   0.0700  -0.115000   2.5000   1.7750   0.001000000  -0.843144165
    10   2.4200   0.0300   0.115000   1.3810   1.2100   0.030040813   0.268726247
    11   2.4200   0.0300   0.115000   1.3810   1.2100   0.030040813   0.268726247
    12   3.5000   0.0660  -0.005000   1.9750   1.7500   0.005000000  -0.741685710
    13   2.5000   0.0300   0.060000   1.4250   1.2500   0.008598240   0.268726247
    14   2.5000   0.0300   0.060000   1.4250   1.2500   0.008598240   0.268726247
    15   1.5910   0.0660  -0.081820   1.9750   1.7500   0.005000000  -0.741685710
    16   1.1365   0.0300   0.027275   1.4250   1.2500   0.008598240   0.268726247
    17   1.1365   0.0300   0.027275   1.4250   1.2500   0.008598240   0.268726247
    18   1.1365   0.0300   0.027275   1.4250   1.2500   0.008598240   0.268726247
BOND
     1     2   469.000  1.400
     1     3   469.000  1.400
     1     4   367.000  1.080
     2     5   469.000  1.400
     2     6   367.000  1.080
     3    11   367.000  1.080
     5     7   469.000  1.400
     5     8   367.000  1.080
     7     9   469.000  1.400
     7    12   317.000  1.510
     9     3   469.000  1.400
     9    10   367.000  1.080
    12    13   340.000  1.090
    12    14   340.000  1.090
    12    15   268.000  1.290
    15    16   340.000  0.495
    15    17   340.000  0.495
    15    18   340.000  0.495
THET
     2     1     3    63.00000  120.00000
     2     1     4    35.00000  120.00000
     3     1     4    35.00000  120.00000
     1     2     5    63.00000  120.00000
     1     2     6    35.00000  120.00000
     5     2     6    35.00000  120.00000
     2     5     7    63.00000  120.00000
     2     5     8    35.00000  120.00000
     7     5     8    35.00000  120.00000
     5     7     9    63.00000  120.00000
     5     7    12    70.00000  120.00000
     9     7    12    70.00000  120.00000
     7     9     3    63.00000  120.00000
     7     9    10    35.00000  120.00000
     3     9    10    35.00000  120.00000
     1     3     9    63.00000  120.00000
     1     3    11    35.00000  120.00000
     9     3    11    35.00000  120.00000
     7    12    13    35.00000  109.50000
     7    12    14    35.00000  109.50000
     7    12    15    70.00000  112.17500
    13    12    14    33.00000  107.80000
    13    12    15    37.50000  110.70000
    14    12    15    37.50000  110.70000
    12    15    16    37.50000  110.70000
    12    15    17    37.50000  110.70000
    12    15    18    37.50000  110.70000
    16    15    17    33.00000  107.80000
    16    15    18    33.00000  107.80000
    17    15    18    33.00000  107.80000
PHI
    3     1     2     5   0.00000  1.0 1.0
    3     1     2     5   3.62500 -1.0 2.0
    3     1     2     5   0.00000  1.0 3.0
    3     1     2     5   0.00000 -1.0 4.0
    3     1     2     6   0.00000  1.0 1.0
    3     1     2     6   3.62500 -1.0 2.0
    3     1     2     6   0.00000  1.0 3.0
    3     1     2     6   0.00000 -1.0 4.0
    4     1     2     5   0.00000  1.0 1.0
    4     1     2     5   3.62500 -1.0 2.0
    4     1     2     5   0.00000  1.0 3.0
    4     1     2     5   0.00000 -1.0 4.0
    4     1     2     6   0.00000  1.0 1.0
    4     1     2     6   3.62500 -1.0 2.0
    4     1     2     6   0.00000  1.0 3.0
    4     1     2     6   0.00000 -1.0 4.0
    2     1     3     9   0.00000  1.0 1.0
    2     1     3     9   3.62500 -1.0 2.0
    2     1     3     9   0.00000  1.0 3.0
    2     1     3     9   0.00000 -1.0 4.0
    2     1     3    11   0.00000  1.0 1.0
    2     1     3    11   3.62500 -1.0 2.0
    2     1     3    11   0.00000  1.0 3.0
    2     1     3    11   0.00000 -1.0 4.0
    4     1     3     9   0.00000  1.0 1.0
    4     1     3     9   3.62500 -1.0 2.0
    4     1     3     9   0.00000  1.0 3.0
    4     1     3     9   0.00000 -1.0 4.0
    4     1     3    11   0.00000  1.0 1.0
    4     1     3    11   3.62500 -1.0 2.0
    4     1     3    11   0.00000  1.0 3.0
    4     1     3    11   0.00000 -1.0 4.0
    1     2     5     7   0.00000  1.0 1.0
    1     2     5     7   3.62500 -1.0 2.0
    1     2     5     7   0.00000  1.0 3.0
    1     2     5     7   0.00000 -1.0 4.0
    1     2     5     8   0.00000  1.0 1.0
    1     2     5     8   3.62500 -1.0 2.0
    1     2     5     8   0.00000  1.0 3.0
    1     2     5     8   0.00000 -1.0 4.0
    6     2     5     7   0.00000  1.0 1.0
    6     2     5     7   3.62500 -1.0 2.0
    6     2     5     7   0.00000  1.0 3.0
    6     2     5     7   0.00000 -1.0 4.0
    6     2     5     8   0.00000  1.0 1.0
    6     2     5     8   3.62500 -1.0 2.0
    6     2     5     8   0.00000  1.0 3.0
    6     2     5     8   0.00000 -1.0 4.0
    2     5    -7     9   0.00000  1.0 1.0
    2     5    -7     9   3.62500 -1.0 2.0
    2     5    -7     9   0.00000  1.0 3.0
    2     5    -7     9   0.00000 -1.0 4.0
    2     5     7    12   0.00000  1.0 1.0
    2     5     7    12   3.62500 -1.0 2.0
    2     5     7    12   0.00000  1.0 3.0
    2     5     7    12   0.00000 -1.0 4.0
    8     5     7     9   0.00000  1.0 1.0
    8     5     7     9   3.62500 -1.0 2.0
    8     5     7     9   0.00000  1.0 3.0
    8     5     7     9   0.00000 -1.0 4.0
    8     5     7    12   0.00000  1.0 1.0
    8     5     7    12   3.62500 -1.0 2.0
    8     5     7    12   0.00000  1.0 3.0
    8     5     7    12   0.00000 -1.0 4.0
    5     7    -9     3   0.00000  1.0 1.0
    5     7    -9     3   3.62500 -1.0 2.0
    5     7    -9     3   0.00000  1.0 3.0
    5     7    -9     3   0.00000 -1.0 4.0
    5     7     9    10   0.00000  1.0 1.0
    5     7     9    10   3.62500 -1.0 2.0
    5     7     9    10   0.00000  1.0 3.0
    5     7     9    10   0.00000 -1.0 4.0
   12     7     9     3   0.00000  1.0 1.0
   12     7     9     3   3.62500 -1.0 2.0
   12     7     9     3   0.00000  1.0 3.0
   12     7     9     3   0.00000 -1.0 4.0
   12     7     9    10   0.00000  1.0 1.0
   12     7     9    10   3.62500 -1.0 2.0
   12     7     9    10   0.00000  1.0 3.0
   12     7     9    10   0.00000 -1.0 4.0
    5     7    12    13   0.00000  1.0 1.0
    5     7    12    14   0.00000  1.0 1.0
    5     7    12    15   0.00000  1.0 1.0
    5     7    12    15   0.04150 -1.0 2.0
    5     7    12    15   0.00000  1.0 3.0
    5     7    12    15   0.00000 -1.0 4.0
    9     7    12    13   0.00000  1.0 1.0
    9     7    12    14   0.00000  1.0 1.0
    9     7    12    15   0.00000  1.0 1.0
    9     7    12    15   0.04150 -1.0 2.0
    9     7    12    15   0.00000  1.0 3.0
    9     7    12    15   0.00000 -1.0 4.0
    7     9    -3     1   0.00000  1.0 1.0
    7     9    -3     1   3.62500 -1.0 2.0
    7     9    -3     1   0.00000  1.0 3.0
    7     9    -3     1   0.00000 -1.0 4.0
    7     9     3    11   0.00000  1.0 1.0
    7     9     3    11   3.62500 -1.0 2.0
    7     9     3    11   0.00000  1.0 3.0
    7     9     3    11   0.00000 -1.0 4.0
   10     9     3     1   0.00000  1.0 1.0
   10     9     3     1   3.62500 -1.0 2.0
   10     9     3     1   0.00000  1.0 3.0
   10     9     3     1   0.00000 -1.0 4.0
   10     9     3    11   0.00000  1.0 1.0
   10     9     3    11   3.62500 -1.0 2.0
   10     9     3    11   0.00000  1.0 3.0
   10     9     3    11   0.00000 -1.0 4.0
    7    12    15    16   0.00000  1.0 1.0
    7    12    15    16   0.00000 -1.0 2.0
    7    12    15    16   0.43200  1.0 3.0
    7    12    15    16   0.00000 -1.0 4.0
    7    12    15    17   0.00000  1.0 1.0
    7    12    15    17   0.00000 -1.0 2.0
    7    12    15    17   0.43200  1.0 3.0
    7    12    15    17   0.00000 -1.0 4.0
    7    12    15    18   0.00000  1.0 1.0
    7    12    15    18   0.00000 -1.0 2.0
    7    12    15    18   0.43200  1.0 3.0
    7    12    15    18   0.00000 -1.0 4.0
   13    12    15    16   0.00000  1.0 1.0
   13    12    15    16   0.00000 -1.0 2.0
   13    12    15    16   0.15000  1.0 3.0
   13    12    15    16   0.00000 -1.0 4.0
   13    12    15    17   0.00000  1.0 1.0
   13    12    15    17   0.00000 -1.0 2.0
   13    12    15    17   0.15000  1.0 3.0
   13    12    15    17   0.00000 -1.0 4.0
   13    12    15    18   0.00000  1.0 1.0
   13    12    15    18   0.00000 -1.0 2.0
   13    12    15    18   0.15000  1.0 3.0
   13    12    15    18   0.00000 -1.0 4.0
   14    12    15    16   0.00000  1.0 1.0
   14    12    15    16   0.00000 -1.0 2.0
   14    12    15    16   0.15000  1.0 3.0
   14    12    15    16   0.00000 -1.0 4.0
   14    12    15    17   0.00000  1.0 1.0
   14    12    15    17   0.00000 -1.0 2.0
   14    12    15    17   0.15000  1.0 3.0
   14    12    15    17   0.00000 -1.0 4.0
   14    12    15    18   0.00000  1.0 1.0
   14    12    15    18   0.00000 -1.0 2.0
   14    12    15    18   0.15000  1.0 3.0
   14    12    15    18   0.00000 -1.0 4.0
IPHI
     3     4     1     2   1.10000 -1.0 2.0
     5     6     2     1   1.10000 -1.0 2.0
     7     8     5     2   1.10000 -1.0 2.0
     9    12     7     5   4.00000 -1.0 2.0
     3    10     9     7   1.10000 -1.0 2.0
     9    11     3     1   1.10000 -1.0 2.0
END