* LIGAND DATABASE FILE (AMBER99sb)
*
  GB   32    34     59    107     200
    1     0 M   OH   _O5'     1    32.82262   141.55045   -73.68945
    2     1 S   HO   HO5'    32     0.96000   104.14015  -161.86938
    3     1 M   CT   _C5'     2     1.43935    97.29088   -49.58066
    4     3 S   HC   _H5'    21     1.09000   109.50004  -167.85313
    5     3 S   HC   H5''    22     1.09000   109.49999   -47.85315
    6     3 M   CT   _C4'     3     1.51531   110.01863    72.14678
    7     6 S   HC   _H4'    23     1.09000   109.50000   175.65968
    8     6 S   OS   _O4'     4     1.45673   108.86997   -67.74138
    9     6 M   CT   _C3'     5     1.52927   115.81948    48.85754
   10     9 M   OS   _O3'     6     1.42268   111.95991    83.19224
   11     9 S   HC   _H3'    24     1.09000   109.50000   -38.34165
   12     9 S   CT   _C2'     7     1.52697   102.08377  -155.27385
   13    12 S   HC   _H2'    25     1.09000   109.50004   170.30079
   14    12 S   OH   _O2'     8     1.40745   110.78865   -76.39762
   15    14 S   HO   HO2'    26     0.96000   109.49995  -180.00000
   16     8 S   CO   _C1'     9     1.41869   109.83712   144.73454
   17    16 S   HC   _H1'    27     1.09000   109.50001   126.25002
   18    16 S   N*   _N9_    10     1.48970   107.98855  -119.92133
   19    18 S   CRAB _C8_    11     1.37795   129.18192    13.44894
   20    19 S   HA   _H8_    28     1.08000   120.00002    -0.00000
   21    19 S   NNA  _N7_    12     1.31177   113.98206   180.00000
   22    21 S   CB   _C5_    13     1.39472   103.76104    -0.01978
   23    22 S   C    _C6_    14     1.41813   130.09391  -179.98022
   24    23 S   O    _O6_    15     1.22850   128.83600    -0.03426
   25    23 S   NNB  _N1_    16     1.40136   111.41298  -180.00000
   26    25 S   H    _H1_    29     1.01000   119.99996   179.96044
   27    25 S   CDX  _C2_    17     1.38136   125.25183    -0.03956
   28    27 S   NND  _N2_    18     1.33451   116.10370  -179.97202
   29    28 S   H    _H21    30     1.01000   120.00001   179.97202
   30    28 S   H    _H22    31     1.01000   120.00002     0.00000
   31    27 S   NNC  _N3_    19     1.33106   123.27998     0.00000
   32    18 S   CN   _C4_    20     1.37835   125.60216  -166.57482
   8   4  10   5   4  11   6  11   9   5   4   8   5   4   1   8
   3   8   6   3   6   7   7   4   7   3   5   4   2   1   1   1
    3     6     8     9     4     5     7     2  
    3     4     5     6  
    6     8     9    10    12    16     4     5     7    11  
    5     7     6     8     9  
    7     6     8     9  
    8     9    10    12    14    16    18     7    11    13    17  
   11     8     9    10    12    16  
    9    10    12    14    16    18    19    32    11    13    17  
   10    12    14    16    18    11    13    15    17  
   12    14    16    11    13  
   13    12    14    16  
   14    16    18    19    32    13    15    17  
   15    17    14    16    18  
   16    18    15    17  
   16  
   18    19    21    22    31    32    17    20  
   18    19    32  
   19    21    22    23    27    31    32    20  
   21    22    23    31    32    20  
   21    22    32  
   22    23    24    25    31    32  
   23    24    25    27    31    32    26  
   24    25    27    28    31    32    26  
   25    27    32    26  
   27    28    31    32    26    29    30  
   27    28    31  
   28    31    32    29    30  
   31    32    29    30  
   30    31  
   31  
   32  
    0  
NBON
    1   1.7210   0.2104  -0.6223   1.7660   1.5600   0.021068034  -0.322181743
    2   0.0000   0.0000   0.4295   0.9960   0.8600   0.030040813  -0.651083722
    3   1.9080   0.1094   0.0558   1.9750   1.7500   0.005000000  -0.741685710
    4   1.3870   0.0157   0.0679   1.4250   1.2500   0.008598240   0.268726247
    5   1.3870   0.0157   0.0679   1.4250   1.2500   0.008598240   0.268726247
    6   1.9080   0.1094   0.1065   1.9750   1.7500   0.005000000  -0.741685710
    7   1.3870   0.0157   0.1174   1.4250   1.2500   0.008598240   0.268726247
    8   1.6837   0.1700  -0.3548   1.7660   1.5600   0.020110767  -0.896042159
    9   1.9080   0.1094   0.2022   1.9750   1.7500   0.005000000  -0.741685710
   10   1.6837   0.1700  -0.5246   1.7660   1.5600   0.020110767  -0.896042159
   11   1.3870   0.0157   0.0615   1.4250   1.2500   0.008598240   0.268726247
   12   1.9080   0.1094   0.0670   1.9750   1.7500   0.005000000  -0.741685710
   13   1.3870   0.0157   0.0972   1.4250   1.2500   0.008598240   0.268726247
   14   1.7210   0.2104  -0.6139   1.7660   1.5600   0.021068034  -0.322181743
   15   0.0000   0.0000   0.4186   0.9960   0.8600   0.030040813  -0.651083722
   16   1.9080   0.1094   0.0191   1.9750   1.7500   0.005000000  -0.741685710
   17   1.2870   0.0157   0.2006   1.4250   1.2500   0.008598240   0.268726247
   18   1.8240   0.1700   0.0492   1.8000   1.6000   0.001000000  -0.511443539
   19   1.9080   0.0860   0.1374   2.0020   1.7750   0.001000000  -0.843144165
   20   1.3590   0.0150   0.1640   1.3810   1.2100   0.030040813   0.268726247
   21   1.8240   0.1700  -0.5709   1.8000   1.6000   0.001000000  -0.511443539
   22   1.9080   0.0860   0.1744   2.5000   1.7750   0.001000000  -0.843144165
   23   1.9080   0.0860   0.4770   1.9250   1.7000   0.001000000  -0.126889456
   24   1.6612   0.2100  -0.5597   1.5250   1.4250   0.001000000  -1.480495490
   25   1.8240   0.1700  -0.4787   2.1120   1.8750   0.051222218  -2.220205820
   26   0.6000   0.0157   0.3424   1.5900   1.4000   0.030040813  -0.651083722
   27   1.9080   0.0860   0.7657   2.1120   1.8750   0.001000000  -0.126889456
   28   1.8240   0.1700  -0.9672   2.1120   1.8750   0.051222218  -2.220205820
   29   0.6000   0.0157   0.4364   0.9960   0.8600   0.030040813  -0.651083722
   30   0.6000   0.0157   0.4364   0.9960   0.8600   0.030040813  -0.651083722
   31   1.8240   0.1700  -0.6323   1.9250   1.7000   0.054801302  -2.445846770
   32   1.9080   0.0860   0.1222   2.5000   1.7750   0.001000000  -0.843144165
BOND
    1     3   320.000  1.410
    1     2   553.000  0.960
    3     6   310.000  1.526
    3     4   340.000  1.090
    3     5   340.000  1.090
    6     8   320.000  1.410
    6     9   310.000  1.526
    6     7   340.000  1.090
    8    16   320.000  1.410
   16    12   310.000  1.526
   16    17   340.000  1.090
   16    18   337.000  1.475
    9    12   310.000  1.526
    9    10   320.000  1.410
    9    11   340.000  1.090
   12    14   320.000  1.410
   12    13   340.000  1.090
   14    15   553.000  0.960
   18    19   440.000  1.371
   18    32   436.000  1.374
   19    21   529.000  1.304
   19    20   367.000  1.080
   21    22   414.000  1.391
   22    23   447.000  1.419
   22    32   520.000  1.370
   23    24   570.000  1.229
   23    25   418.000  1.388
   25    27   427.000  1.381
   25    26   434.000  1.010
   27    28   481.000  1.340
   27    31   483.000  1.339
   28    29   434.000  1.010
   28    30   434.000  1.010
   31    32   461.000  1.354
THET
    3     1     2    55.00000  108.50000
    1     3     6    50.00000  109.50000
    1     3     4    50.00000  109.50000
    1     3     5    50.00000  109.50000
    6     3     4    50.00000  109.50000
    6     3     5    50.00000  109.50000
    4     3     5    35.00000  109.50000
    3     6     8    50.00000  109.50000
    3     6     9    40.00000  109.50000
    3     6     7    50.00000  109.50000
    8     6     9    50.00000  109.50000
    8     6     7    50.00000  109.50000
    9     6     7    50.00000  109.50000
    6     8    16    60.00000  109.50000
    8    16    12    50.00000  109.50000
    8    16    17    50.00000  109.50000
    8    16    18    50.00000  109.50000
   12    16    17    50.00000  109.50000
   12    16    18    50.00000  109.50000
   17    16    18    50.00000  109.50000
    6     9    12    40.00000  109.50000
    6     9    10    50.00000  109.50000
    6     9    11    50.00000  109.50000
   12     9    10    50.00000  109.50000
   12     9    11    50.00000  109.50000
   10     9    11    50.00000  109.50000
   16    12     9    40.00000  109.50000
   16    12    14    50.00000  109.50000
   16    12    13    50.00000  109.50000
    9    12    14    50.00000  109.50000
    9    12    13    50.00000  109.50000
   14    12    13    50.00000  109.50000
   12    14    15    55.00000  108.50000
   16    18    19    70.00000  128.80000
   16    18    32    70.00000  125.80000
   19    18    32    70.00000  105.40000
   18    19    21    70.00000  113.90000
   18    19    20    50.00000  123.05000
   21    19    20    50.00000  123.05000
   19    21    22    70.00000  103.80000
   21    22    23    70.00000  130.00000
   21    22    32    70.00000  110.40000
   23    22    32    63.00000  119.20000
   22    23    24    80.00000  128.80000
   22    23    25    70.00000  111.30000
   24    23    25    80.00000  120.60000
   23    25    27    70.00000  125.20000
   23    25    26    50.00000  116.80000
   27    25    26    50.00000  118.00000
   25    27    28    70.00000  116.00000
   25    27    31    70.00000  123.30000
   28    27    31    70.00000  119.30000
   27    28    29    50.00000  120.00000
   27    28    30    50.00000  120.00000
   29    28    30    35.00000  120.00000
   27    31    32    70.00000  112.20000
   18    32    22    70.00000  106.20000
   18    32    31    70.00000  126.20000
   22    32    31    70.00000  127.70000
PHI
    2     1     3     6   0.02500  1.0 1.0
    2     1     3     6   0.16000  1.0 3.0
    2     1     3     4   0.16700  1.0 3.0
    2     1     3     5   0.16700  1.0 3.0
    1     3     6     8   0.156000  1.000000   3.0
    1     3     6     9   1.178040  -0.789611   1.0
    1     3     6     9   0.092102  0.948262   2.0
    1     3     6     9   0.962830  -0.813044   3.0
    1     3     6     7   0.250000  1.000000   1.0
    4     3     6     8   0.250000  1.000000   1.0
    4     3     6     9   0.156000  1.000000   3.0
    4     3     6     7   0.156000  1.000000   3.0
    5     3     6     8   0.250000  1.000000   1.0
    5     3     6     9   0.156000  1.000000   3.0
    5     3     6     7   0.156000  1.000000   3.0
    3     6     8    16   0.100000  -0.598460   2.0
    3     6     8    16   0.383000  1.000000   3.0
    9     6    -8    16   0.10000 -1.0 2.0
    9     6    -8    16   0.38300  1.0 3.0
    7     6     8    16   0.38300  1.0 3.0
    3     6     9    12   0.200000  -0.598460   1.0
    3     6     9    12   0.250000  -0.598460   2.0
    3     6     9    12   0.180000  1.000000   3.0
    3     6     9    10   0.156000  1.000000   3.0
    3     6     9    11   0.156000  1.000000   3.0
    8     6    -9    12   0.15600  1.0 3.0
    8     6     9    10   1.17500  1.0 2.0
    8     6     9    10   0.14400  1.0 3.0
    8     6     9    11   0.15600  1.0 3.0
    7     6     9    12   0.15600  1.0 3.0
    7     6     9    10   0.15600  1.0 3.0
    7     6     9    11   0.15600  1.0 3.0
    6     8   -16    12   0.10000 -1.0 2.0
    6     8   -16    12   0.38300  1.0 3.0
    6     8    16    17   0.38300  1.0 3.0
    6     8    16    18   0.65000  1.0 2.0
    6     8    16    18   0.38300  1.0 3.0
    8    16   -12     9   0.15600  1.0 3.0
    8    16    12    14   1.17500  1.0 2.0
    8    16    12    14   0.14400  1.0 3.0
    8    16    12    13   0.15600  1.0 3.0
   17    16    12     9   0.15600  1.0 3.0
   17    16    12    14   0.15600  1.0 3.0
   17    16    12    13   0.15600  1.0 3.0
   18    16    12     9   0.15600  1.0 3.0
   18    16    12    14   0.15600  1.0 3.0
   18    16    12    13   0.15600  1.0 3.0
    8    16    18    19   2.50000  1.0 1.0
    6     9   -12    16   0.20000 -1.0 1.0
    6     9   -12    16   0.25000 -1.0 2.0
    6     9   -12    16   0.18000  1.0 3.0
    6     9    12    14   0.15600  1.0 3.0
    6     9    12    13   0.15600  1.0 3.0
   10     9    12    16   0.15600  1.0 3.0
   10     9    12    14   1.17500  1.0 2.0
   10     9    12    14   0.14400  1.0 3.0
   10     9    12    13   0.15600  1.0 3.0
   11     9    12    16   0.15600  1.0 3.0
   11     9    12    14   0.15600  1.0 3.0
   11     9    12    13   0.15600  1.0 3.0
   16    12    14    15   0.02500  1.0 1.0
   16    12    14    15   0.16000  1.0 3.0
    9    12    14    15   0.02500  1.0 1.0
    9    12    14    15   0.16000  1.0 3.0
   13    12    14    15   0.16700  1.0 3.0
   16    18    19    21   1.70000 -1.0 2.0
   16    18    19    20   1.70000 -1.0 2.0
   32    18   -19    21   1.70000 -1.0 2.0
   32    18    19    20   1.70000 -1.0 2.0
   16    18    32    22   1.65000 -1.0 2.0
   16    18    32    31   1.65000 -1.0 2.0
   19    18   -32    22   1.65000 -1.0 2.0
   19    18    32    31   1.65000 -1.0 2.0
   18    19   -21    22  10.00000 -1.0 2.0
   20    19    21    22  10.00000 -1.0 2.0
   19    21    22    23   2.55000 -1.0 2.0
   19    21   -22    32   2.55000 -1.0 2.0
   21    22    23    24   3.00000 -1.0 2.0
   21    22    23    25   3.00000 -1.0 2.0
   32    22    23    24   3.00000 -1.0 2.0
   32    22    23    25   3.00000 -1.0 2.0
   21    22   -32    18   5.45000 -1.0 2.0
   21    22    32    31   5.45000 -1.0 2.0
   23    22    32    18   5.45000 -1.0 2.0
   23    22    32    31   5.45000 -1.0 2.0
   22    23    25    27   1.35000 -1.0 2.0
   22    23    25    26   1.35000 -1.0 2.0
   24    23    25    27   1.35000 -1.0 2.0
   24    23    25    26   1.35000 -1.0 2.0
   23    25    27    28   1.50000 -1.0 2.0
   23    25   -27    31   1.50000 -1.0 2.0
   26    25    27    28   1.50000 -1.0 2.0
   26    25    27    31   1.50000 -1.0 2.0
   25    27    28    29   2.40000 -1.0 2.0
   25    27    28    30   2.40000 -1.0 2.0
   31    27    28    29   2.40000 -1.0 2.0
   31    27    28    30   2.40000 -1.0 2.0
   25    27   -31    32   4.80000 -1.0 2.0
   28    27    31    32   4.80000 -1.0 2.0
   27    31    32    18   4.15000 -1.0 2.0
   27    31   -32    22   4.15000 -1.0 2.0
IPHI
   19    32    18    16   1.00000 -1.0 2.0
   21    18    19    20   1.10000 -1.0 2.0
   22    25    23    24  10.50000 -1.0 2.0
   23    27    25    26   1.00000 -1.0 2.0
   25    31    27    28   1.10000 -1.0 2.0
   27    29    28    30   0.50000 -1.0 2.0
   27    30    28    29   0.50000 -1.0 2.0
END
