* LIGAND DATABASE FILE (AMBER99sb)
*
  U    30    31     54     97     182
    1     0 M   P2   _P__     1     1.61000   118.92007  -146.78105
    2     1 S   O2Z  _OP1     2     1.48008   109.56491   165.38549
    3     1 S   O2Z  _OP2     3     1.47975   109.61557    37.28706
    4     1 M   OS   _O5'     4     1.60053   101.35207   -78.69392
    5     4 M   CT   _C5'     5     1.43931   119.01841   -60.11805
    6     5 S   HC   _H5'    21     1.09000   109.50004   -65.10949
    7     5 S   HC   H5''    22     1.09000   109.49993    54.89045
    8     5 M   CT   _C4'     6     1.51526   110.01867   174.89048
    9     8 S   HC   _H4'    23     1.09000   109.49982   175.65404
   10     8 S   OS   _O4'     7     1.45673   108.87869   -67.73909
   11     8 M   CT   _C3'     8     1.52931   115.81908    48.86786
   12    11 M   OS   _O3'     9     1.42271   111.96580    83.18100
   13    11 S   HC   _H3'    24     1.09000   109.50004   -38.35709
   14    11 S   CT   _C2'    10     1.52697   102.08132  -155.28075
   15    14 S   HC   _H2'    25     1.09000   109.50009   170.27826
   16    14 S   OH   _O2'    11     1.40741   110.78761   -76.40950
   17    16 S   HO   HO2'    26     0.96000   109.49994  -179.98022
   18    10 S   CO   _C1'    12     1.41862   109.83708   144.73259
   19    18 S   HC   _H1'    27     1.09000   109.49991   126.26471
   20    18 S   N*   _N1_    13     1.48964   107.99397  -119.92178
   21    20 S   C    _C2_    14     1.37404   117.10101  -166.57666
   22    21 S   O    _O2_    15     1.21964   122.91294    -0.00000
   23    21 S   NNB  _N3_    16     1.38061   115.44657   179.97202
   24    23 S   H    _H3_    28     1.01000   119.99996  -179.96044
   25    23 S   C    _C4_    17     1.37997   126.43419     0.04846
   26    25 S   O    _O4_    18     1.23299   120.58578   180.00000
   27    25 S   CM   _C5_    19     1.44373   114.06823    -0.02798
   28    27 S   HC   _H5_    29     1.08000   120.00002  -179.97202
   29    20 S   CM   _C6_    20     1.36984   120.87265    13.46083
   30    29 S   HC   _H6_    30     1.08000   120.00002     0.00000
   7   3   2   7  10   5   4  11   6  11   9   5   4   8   5   4
   1   8   3   9   8   4   6   3   5   3   3   2   1   1
    2     3     4     5     8     6     7  
    3     4     5  
    4     5  
    5     8    10    11     6     7     9  
    8    10    11    12    14    18     6     7     9    13  
    7     9     8    10    11  
    9     8    10    11  
   10    11    12    14    16    18    20     9    13    15    19  
   13    10    11    12    14    18  
   11    12    14    16    18    20    21    29    13    15    19  
   12    14    16    18    20    13    15    17    19  
   14    16    18    13    15  
   15    14    16    18  
   16    18    20    21    29    15    17    19  
   17    19    16    18    20  
   18    20    17    19  
   18  
   20    21    22    23    27    29    19    30  
   20    21    29  
   21    22    23    25    27    29    24    28    30  
   22    23    25    26    27    29    24    30  
   23    25    29    24  
   25    26    27    29    24    28  
   25    26    27  
   26    27    29    28    30  
   27    29    28  
   29    28    30  
   30    29  
   30  
    0  
NBON
    1   2.1000   0.2000   1.1662   2.1070   1.8700   0.005000000   0.000000000
    2   1.6612   0.2100  -0.7760   1.6890   1.4900   0.001000000  -0.126889456
    3   1.6612   0.2100  -0.7760   1.6890   1.4900   0.001000000  -0.126889456
    4   1.6837   0.1700  -0.4989   1.7660   1.5600   0.020110767  -0.896042159
    5   1.9080   0.1094   0.0558   1.9750   1.7500   0.005000000  -0.741685710
    6   1.3870   0.0157   0.0679   1.4250   1.2500   0.008598240   0.268726247
    7   1.3870   0.0157   0.0679   1.4250   1.2500   0.008598240   0.268726247
    8   1.9080   0.1094   0.1065   1.9750   1.7500   0.005000000  -0.741685710
    9   1.3870   0.0157   0.1174   1.4250   1.2500   0.008598240   0.268726247
   10   1.6837   0.1700  -0.3548   1.7660   1.5600   0.020110767  -0.896042159
   11   1.9080   0.1094   0.2022   1.9750   1.7500   0.005000000  -0.741685710
   12   1.6837   0.1700  -0.5246   1.7660   1.5600   0.020110767  -0.896042159
   13   1.3870   0.0157   0.0615   1.4250   1.2500   0.008598240   0.268726247
   14   1.9080   0.1094   0.0670   1.9750   1.7500   0.005000000  -0.741685710
   15   1.3870   0.0157   0.0972   1.4250   1.2500   0.008598240   0.268726247
   16   1.7210   0.2104  -0.6139   1.7660   1.5600   0.021068034  -0.322181743
   17   0.0000   0.0000   0.4186   0.9960   0.8600   0.030040813  -0.651083722
   18   1.9080   0.1094   0.0674   1.9750   1.7500   0.005000000  -0.741685710
   19   1.2870   0.0157   0.1824   1.3810   1.2100   0.008598240   0.268726247
   20   1.8240   0.1700   0.0418   1.8100   1.6000   0.054801302  -1.445846770
   21   1.9080   0.0860   0.4687   1.9250   1.7000   0.001000000  -0.126889456
   22   1.6612   0.2100  -0.5477   1.5250   1.4250   0.001000000  -1.480495490
   23   1.8240   0.1700  -0.3549   1.8100   1.6000   0.054801302  -1.445846770
   24   0.6000   0.0157   0.3154   1.5900   1.4000   0.030040813  -0.651083722
   25   1.9080   0.0860   0.5952   1.9250   1.7000   0.001000000  -0.126889456
   26   1.6612   0.2100  -0.5761   1.5250   1.4250   0.001000000  -1.480495490
   27   1.9080   0.0860  -0.3635   2.0020   1.7750   0.023028004  -0.852763146
   28   1.4590   0.0150   0.1811   1.4250   1.2500   0.008598240   0.268726247
   29   1.9080   0.0860  -0.1126   2.0020   1.7750   0.023028004  -0.852763146
   30   1.4090   0.0150   0.2188   1.4250   1.2500   0.008598240   0.268726247
BOND
    1     2   525.000  1.480
    1     3   525.000  1.480
    1     4   230.000  1.610
    4     5   320.000  1.410
    5     8   310.000  1.526
    5     6   340.000  1.090
    5     7   340.000  1.090
    8    10   320.000  1.410
    8    11   310.000  1.526
    8     9   340.000  1.090
   10    18   320.000  1.410
   18    14   310.000  1.526
   18    19   340.000  1.090
   18    20   337.000  1.475
   11    14   310.000  1.526
   11    12   320.000  1.410
   11    13   340.000  1.090
   14    16   320.000  1.410
   14    15   340.000  1.090
   16    17   553.000  0.960
   20    21   424.000  1.383
   20    29   448.000  1.365
   21    22   570.000  1.229
   21    23   418.000  1.388
   23    25   418.000  1.388
   23    24   434.000  1.010
   25    26   570.000  1.229
   25    27   410.000  1.444
   27    29   549.000  1.350
   27    28   367.000  1.080
   29    30   367.000  1.080
THET
    2     1     3   140.00000  119.90000
    2     1     4   100.00000  108.23000
    3     1     4   100.00000  108.23000
    1     4     5   100.00000  120.50000
    4     5     8    50.00000  109.50000
    4     5     6    50.00000  109.50000
    4     5     7    50.00000  109.50000
    8     5     6    50.00000  109.50000
    8     5     7    50.00000  109.50000
    6     5     7    35.00000  109.50000
    5     8    10    50.00000  109.50000
    5     8    11    40.00000  109.50000
    5     8     9    50.00000  109.50000
   10     8    11    50.00000  109.50000
   10     8     9    50.00000  109.50000
   11     8     9    50.00000  109.50000
    8    10    18    60.00000  109.50000
   10    18    14    50.00000  109.50000
   10    18    19    50.00000  109.50000
   10    18    20    50.00000  109.50000
   14    18    19    50.00000  109.50000
   14    18    20    50.00000  109.50000
   19    18    20    50.00000  109.50000
    8    11    14    40.00000  109.50000
    8    11    12    50.00000  109.50000
    8    11    13    50.00000  109.50000
   14    11    12    50.00000  109.50000
   14    11    13    50.00000  109.50000
   12    11    13    50.00000  109.50000
   18    14    11    40.00000  109.50000
   18    14    16    50.00000  109.50000
   18    14    15    50.00000  109.50000
   11    14    16    50.00000  109.50000
   11    14    15    50.00000  109.50000
   16    14    15    50.00000  109.50000
   14    16    17    55.00000  108.50000
   18    20    21    70.00000  117.60000
   18    20    29    70.00000  121.20000
   21    20    29    70.00000  121.60000
   20    21    22    80.00000  120.90000
   20    21    23    70.00000  115.40000
   22    21    23    80.00000  120.60000
   21    23    25    70.00000  126.40000
   21    23    24    50.00000  116.80000
   25    23    24    50.00000  116.80000
   23    25    26    80.00000  120.60000
   23    25    27    70.00000  114.10000
   26    25    27    80.00000  125.30000
   25    27    29    63.00000  120.70000
   25    27    28    50.00000  119.70000
   29    27    28    50.00000  119.70000
   20    29    27    70.00000  121.20000
   20    29    30    50.00000  119.10000
   27    29    30    50.00000  119.70000
PHI
    2     1     4     5   0.185181  0.928978   1.0
    2     1     4     5   1.256531  0.994881   2.0
    2     1     4     5   0.354858  0.626234   3.0
    3     1     4     5   0.185181  0.928978   1.0
    3     1     4     5   1.256531  0.994881   2.0
    3     1     4     5   0.354858  0.626234   3.0
    1     4     5     8   0.383000  1.000000   3.0
    1     4     5     6   0.383000  1.000000   3.0
    1     4     5     7   0.383000  1.000000   3.0
    4     5     8    10   0.156000  1.000000   3.0
    4     5     8    11   1.178040  -0.789611   1.0
    4     5     8    11   0.092102  0.948262   2.0
    4     5     8    11   0.962830  -0.813044   3.0
    4     5     8     9   0.250000  1.000000   1.0
    6     5     8    10   0.250000  1.000000   1.0
    6     5     8    11   0.156000  1.000000   3.0
    6     5     8     9   0.156000  1.000000   3.0
    7     5     8    10   0.250000  1.000000   1.0
    7     5     8    11   0.156000  1.000000   3.0
    7     5     8     9   0.156000  1.000000   3.0
    5     8    10    18   0.100000  -0.598460   2.0
    5     8    10    18   0.383000  1.000000   3.0
   11     8   -10    18   0.10000 -1.0 2.0
   11     8   -10    18   0.38300  1.0 3.0
    9     8    10    18   0.38300  1.0 3.0
    5     8    11    14   0.200000  -0.598460   1.0
    5     8    11    14   0.250000  -0.598460   2.0
    5     8    11    14   0.180000  1.000000   3.0
    5     8    11    12   0.156000  1.000000   3.0
    5     8    11    13   0.156000  1.000000   3.0
   10     8   -11    14   0.15600  1.0 3.0
   10     8    11    12   1.17500  1.0 2.0
   10     8    11    12   0.14400  1.0 3.0
   10     8    11    13   0.15600  1.0 3.0
    9     8    11    14   0.15600  1.0 3.0
    9     8    11    12   0.15600  1.0 3.0
    9     8    11    13   0.15600  1.0 3.0
    8    10   -18    14   0.10000 -1.0 2.0
    8    10   -18    14   0.38300  1.0 3.0
    8    10    18    19   0.38300  1.0 3.0
    8    10    18    20   0.65000  1.0 2.0
    8    10    18    20   0.38300  1.0 3.0
   10    18   -14    11   0.15600  1.0 3.0
   10    18    14    16   1.17500  1.0 2.0
   10    18    14    16   0.14400  1.0 3.0
   10    18    14    15   0.15600  1.0 3.0
   19    18    14    11   0.15600  1.0 3.0
   19    18    14    16   0.15600  1.0 3.0
   19    18    14    15   0.15600  1.0 3.0
   20    18    14    11   0.15600  1.0 3.0
   20    18    14    16   0.15600  1.0 3.0
   20    18    14    15   0.15600  1.0 3.0
   10    18    20    29   2.50000  1.0 1.0
    8    11   -14    18   0.20000 -1.0 1.0
    8    11   -14    18   0.25000 -1.0 2.0
    8    11   -14    18   0.18000  1.0 3.0
    8    11    14    16   0.15600  1.0 3.0
    8    11    14    15   0.15600  1.0 3.0
   12    11    14    18   0.15600  1.0 3.0
   12    11    14    16   1.17500  1.0 2.0
   12    11    14    16   0.14400  1.0 3.0
   12    11    14    15   0.15600  1.0 3.0
   13    11    14    18   0.15600  1.0 3.0
   13    11    14    16   0.15600  1.0 3.0
   13    11    14    15   0.15600  1.0 3.0
   18    14    16    17   0.02500  1.0 1.0
   18    14    16    17   0.16000  1.0 3.0
   11    14    16    17   0.02500  1.0 1.0
   11    14    16    17   0.16000  1.0 3.0
   15    14    16    17   0.16700  1.0 3.0
   18    20    21    22   1.45000 -1.0 2.0
   18    20    21    23   1.45000 -1.0 2.0
   29    20    21    22   1.45000 -1.0 2.0
   29    20    21    23   1.45000 -1.0 2.0
   18    20    29    27   1.85000 -1.0 2.0
   18    20    29    30   1.85000 -1.0 2.0
   21    20    29    27   1.85000 -1.0 2.0
   21    20    29    30   1.85000 -1.0 2.0
   20    21    23    25   1.35000 -1.0 2.0
   20    21    23    24   1.35000 -1.0 2.0
   22    21    23    25   1.35000 -1.0 2.0
   22    21    23    24   1.35000 -1.0 2.0
   21    23    25    26   1.35000 -1.0 2.0
   21    23   -25    27   1.35000 -1.0 2.0
   24    23    25    26   1.35000 -1.0 2.0
   24    23    25    27   1.35000 -1.0 2.0
   23    25   -27    29   2.17500 -1.0 2.0
   23    25    27    28   2.17500 -1.0 2.0
   26    25    27    29   2.17500 -1.0 2.0
   26    25    27    29   0.30000  1.0 3.0
   26    25    27    28   2.17500 -1.0 2.0
   25    27   -29    20   6.65000 -1.0 2.0
   25    27    29    30   6.65000 -1.0 2.0
   28    27    29    20   6.65000 -1.0 2.0
   28    27    29    30   6.65000 -1.0 2.0
IPHI
   29    21    20    18   1.00000 -1.0 2.0
   20    23    21    22  10.50000 -1.0 2.0
   21    25    23    24   0.50000 -1.0 2.0
   25    21    23    24   0.50000 -1.0 2.0
   27    23    25    26  10.50000 -1.0 2.0
   25    29    27    28   1.10000 -1.0 2.0
   20    27    29    30   1.10000 -1.0 2.0
END
