* LIGAND DATABASE FILE (AMBER99sb)
*
  UE   31    32     55    102     189
    1     0 M   P2   _P__     1     1.61000   118.92005  -146.78104
    2     1 S   O2Z  _OP1     2     1.48008   109.56495   165.38546
    3     1 S   O2Z  _OP2     3     1.47974   109.61558    37.28701
    4     1 M   OS   _O5'     4     1.60053   101.35214   -78.69391
    5     4 M   CT   _C5'     5     1.43931   119.01839   -60.11804
    6     5 S   HC   _H5'    21     1.09000   109.49999   -65.10954
    7     5 S   HC   H5''    22     1.09000   109.50001    54.89046
    8     5 M   CT   _C4'     6     1.51526   110.01877   174.89040
    9     8 S   HC   _H4'    23     1.09000   109.50002   175.65413
   10     8 S   OS   _O4'     7     1.45673   108.87871   -67.73911
   11     8 M   CT   _C3'     8     1.52931   115.81901    48.86785
   12    11 S   HC   _H3'    24     1.09000   109.50005   -38.35709
   13    11 M   OH   _O3'     9     1.42270   111.96568    83.18121
   14    13 S   HO   HO3'    25     0.96000   109.49994  -180.00000
   15    11 S   CT   _C2'    10     1.52697   102.08130  -155.28068
   16    15 S   HC   _H2'    26     1.09000   109.50012   170.27834
   17    15 S   OH   _O2'    11     1.40741   110.78759   -76.40942
   18    17 S   HO   HO2'    27     0.96000   109.50002   180.00000
   19    10 S   CO   _C1'    12     1.41863   109.83712   144.73255
   20    19 S   HC   _H1'    28     1.09000   109.49993   126.26473
   21    19 S   N*   _N1_    13     1.48964   107.99391  -119.92156
   22    21 S   C    _C2_    14     1.37404   117.10085  -166.57662
   23    22 S   O    _O2_    15     1.21964   122.91307    -0.01978
   24    22 S   NNB  _N3_    16     1.38061   115.44647   180.00000
   25    24 S   H    _H3_    29     1.01000   119.99996  -179.96044
   26    24 S   C    _C4_    17     1.37997   126.43417     0.03956
   27    26 S   O    _O4_    18     1.23299   120.58567   180.00000
   28    26 S   CM   _C5_    19     1.44373   114.06826    -0.01978
   29    28 S   HC   _H5_    30     1.08000   120.00002  -179.98022
   30    21 S   CM   _C6_    20     1.36984   120.87274    13.46056
   31    30 S   HC   _H6_    31     1.08000   120.00002     0.01978
   7   3   2   7  10   5   4  12   6  11  10   6   5   1   8   5
   4   1   8   3   9   8   4   6   3   5   3   3   2   1   1
    2     3     4     5     8     6     7  
    3     4     5  
    4     5  
    5     8    10    11     6     7     9  
    8    10    11    13    15    19     6     7     9    12  
    7     9     8    10    11  
    9     8    10    11  
   10    11    13    15    17    19    21     9    12    14    16    20  
   12    10    11    13    15    19  
   11    13    15    17    19    21    22    30    12    16    20  
   13    15    17    19    21    12    14    16    18    20  
   14    16    13    15    17    19  
   15    17    19    14    16  
   15  
   17    19    21    22    30    16    18    20  
   18    20    17    19    21  
   19    21    18    20  
   19  
   21    22    23    24    28    30    20    31  
   21    22    30  
   22    23    24    26    28    30    25    29    31  
   23    24    26    27    28    30    25    31  
   24    26    30    25  
   26    27    28    30    25    29  
   26    27    28  
   27    28    30    29    31  
   28    30    29  
   30    29    31  
   31    30  
   31  
    0  
NBON
    1   2.1000   0.2000   1.1662   2.1070   1.8700   0.005000000   0.000000000
    2   1.6612   0.2100  -0.7760   1.6890   1.4900   0.001000000  -0.126889456
    3   1.6612   0.2100  -0.7760   1.6890   1.4900   0.001000000  -0.126889456
    4   1.6837   0.1700  -0.4989   1.7660   1.5600   0.020110767  -0.896042159
    5   1.9080   0.1094   0.0558   1.9750   1.7500   0.005000000  -0.741685710
    6   1.3870   0.0157   0.0679   1.4250   1.2500   0.008598240   0.268726247
    7   1.3870   0.0157   0.0679   1.4250   1.2500   0.008598240   0.268726247
    8   1.9080   0.1094   0.1065   1.9750   1.7500   0.005000000  -0.741685710
    9   1.3870   0.0157   0.1174   1.4250   1.2500   0.008598240   0.268726247
   10   1.6837   0.1700  -0.3548   1.7660   1.5600   0.020110767  -0.896042159
   11   1.9080   0.1094   0.2022   1.9750   1.7500   0.005000000  -0.741685710
   12   1.3870   0.0157   0.0615   1.4250   1.2500   0.008598240   0.268726247
   13   1.7210   0.2104  -0.6541   1.7660   1.5600   0.021068034  -0.322181743
   14   0.0000   0.0000   0.4376   0.9960   0.8600   0.030040813  -0.651083722
   15   1.9080   0.1094   0.0670   1.9750   1.7500   0.005000000  -0.741685710
   16   1.3870   0.0157   0.0972   1.4250   1.2500   0.008598240   0.268726247
   17   1.7210   0.2104  -0.6139   1.7660   1.5600   0.021068034  -0.322181743
   18   0.0000   0.0000   0.4186   0.9960   0.8600   0.030040813  -0.651083722
   19   1.9080   0.1094   0.0674   1.9750   1.7500   0.005000000  -0.741685710
   20   1.2870   0.0157   0.1824   1.3810   1.2100   0.008598240   0.268726247
   21   1.8240   0.1700   0.0418   1.8100   1.6000   0.054801302  -1.445846770
   22   1.9080   0.0860   0.4687   1.9250   1.7000   0.001000000  -0.126889456
   23   1.6612   0.2100  -0.5477   1.5250   1.4250   0.001000000  -1.480495490
   24   1.8240   0.1700  -0.3549   1.8100   1.6000   0.054801302  -1.445846770
   25   0.6000   0.0157   0.3154   1.5900   1.4000   0.030040813  -0.651083722
   26   1.9080   0.0860   0.5952   1.9250   1.7000   0.001000000  -0.126889456
   27   1.6612   0.2100  -0.5761   1.5250   1.4250   0.001000000  -1.480495490
   28   1.9080   0.0860  -0.3635   2.0020   1.7750   0.023028004  -0.852763146
   29   1.4590   0.0150   0.1811   1.4250   1.2500   0.008598240   0.268726247
   30   1.9080   0.0860  -0.1126   2.0020   1.7750   0.023028004  -0.852763146
   31   1.4090   0.0150   0.2188   1.4250   1.2500   0.008598240   0.268726247
BOND
    1     2   525.000  1.480
    1     3   525.000  1.480
    1     4   230.000  1.610
    4     5   320.000  1.410
    5     8   310.000  1.526
    5     6   340.000  1.090
    5     7   340.000  1.090
    8    10   320.000  1.410
    8    11   310.000  1.526
    8     9   340.000  1.090
   10    19   320.000  1.410
   19    15   310.000  1.526
   19    20   340.000  1.090
   19    21   337.000  1.475
   11    15   310.000  1.526
   11    13   320.000  1.410
   11    12   340.000  1.090
   15    17   320.000  1.410
   15    16   340.000  1.090
   13    14   553.000  0.960
   17    18   553.000  0.960
   21    22   424.000  1.383
   21    30   448.000  1.365
   22    23   570.000  1.229
   22    24   418.000  1.388
   24    26   418.000  1.388
   24    25   434.000  1.010
   26    27   570.000  1.229
   26    28   410.000  1.444
   28    30   549.000  1.350
   28    29   367.000  1.080
   30    31   367.000  1.080
THET
    2     1     3   140.00000  119.90000
    2     1     4   100.00000  108.23000
    3     1     4   100.00000  108.23000
    1     4     5   100.00000  120.50000
    4     5     8    50.00000  109.50000
    4     5     6    50.00000  109.50000
    4     5     7    50.00000  109.50000
    8     5     6    50.00000  109.50000
    8     5     7    50.00000  109.50000
    6     5     7    35.00000  109.50000
    5     8    10    50.00000  109.50000
    5     8    11    40.00000  109.50000
    5     8     9    50.00000  109.50000
   10     8    11    50.00000  109.50000
   10     8     9    50.00000  109.50000
   11     8     9    50.00000  109.50000
    8    10    19    60.00000  109.50000
   10    19    15    50.00000  109.50000
   10    19    20    50.00000  109.50000
   10    19    21    50.00000  109.50000
   15    19    20    50.00000  109.50000
   15    19    21    50.00000  109.50000
   20    19    21    50.00000  109.50000
    8    11    15    40.00000  109.50000
    8    11    13    50.00000  109.50000
    8    11    12    50.00000  109.50000
   15    11    13    50.00000  109.50000
   15    11    12    50.00000  109.50000
   13    11    12    50.00000  109.50000
   19    15    11    40.00000  109.50000
   19    15    17    50.00000  109.50000
   19    15    16    50.00000  109.50000
   11    15    17    50.00000  109.50000
   11    15    16    50.00000  109.50000
   17    15    16    50.00000  109.50000
   11    13    14    55.00000  108.50000
   15    17    18    55.00000  108.50000
   19    21    22    70.00000  117.60000
   19    21    30    70.00000  121.20000
   22    21    30    70.00000  121.60000
   21    22    23    80.00000  120.90000
   21    22    24    70.00000  115.40000
   23    22    24    80.00000  120.60000
   22    24    26    70.00000  126.40000
   22    24    25    50.00000  116.80000
   26    24    25    50.00000  116.80000
   24    26    27    80.00000  120.60000
   24    26    28    70.00000  114.10000
   27    26    28    80.00000  125.30000
   26    28    30    63.00000  120.70000
   26    28    29    50.00000  119.70000
   30    28    29    50.00000  119.70000
   21    30    28    70.00000  121.20000
   21    30    31    50.00000  119.10000
   28    30    31    50.00000  119.70000
PHI
    2     1     4     5   0.185181  0.928978   1.0
    2     1     4     5   1.256531  0.994881   2.0
    2     1     4     5   0.354858  0.626234   3.0
    3     1     4     5   0.185181  0.928978   1.0
    3     1     4     5   1.256531  0.994881   2.0
    3     1     4     5   0.354858  0.626234   3.0
    1     4     5     8   0.383000  1.000000   3.0
    1     4     5     6   0.383000  1.000000   3.0
    1     4     5     7   0.383000  1.000000   3.0
    4     5     8    10   0.156000  1.000000   3.0
    4     5     8    11   1.178040  -0.789611   1.0
    4     5     8    11   0.092102  0.948262   2.0
    4     5     8    11   0.962830  -0.813044   3.0
    4     5     8     9   0.250000  1.000000   1.0
    6     5     8    10   0.250000  1.000000   1.0
    6     5     8    11   0.156000  1.000000   3.0
    6     5     8     9   0.156000  1.000000   3.0
    7     5     8    10   0.250000  1.000000   1.0
    7     5     8    11   0.156000  1.000000   3.0
    7     5     8     9   0.156000  1.000000   3.0
    5     8    10    19   0.100000  -0.598460   2.0
    5     8    10    19   0.383000  1.000000   3.0
   11     8   -10    19   0.10000 -1.0 2.0
   11     8   -10    19   0.38300  1.0 3.0
    9     8    10    19   0.38300  1.0 3.0
    5     8    11    15   0.200000  -0.598460   1.0
    5     8    11    15   0.250000  -0.598460   2.0
    5     8    11    15   0.180000  1.000000   3.0
    5     8    11    13   0.156000  1.000000   3.0
    5     8    11    12   0.156000  1.000000   3.0
   10     8   -11    15   0.15600  1.0 3.0
   10     8    11    13   1.17500  1.0 2.0
   10     8    11    13   0.14400  1.0 3.0
   10     8    11    12   0.15600  1.0 3.0
    9     8    11    15   0.15600  1.0 3.0
    9     8    11    13   0.15600  1.0 3.0
    9     8    11    12   0.15600  1.0 3.0
    8    10   -19    15   0.10000 -1.0 2.0
    8    10   -19    15   0.38300  1.0 3.0
    8    10    19    20   0.38300  1.0 3.0
    8    10    19    21   0.65000  1.0 2.0
    8    10    19    21   0.38300  1.0 3.0
   10    19   -15    11   0.15600  1.0 3.0
   10    19    15    17   1.17500  1.0 2.0
   10    19    15    17   0.14400  1.0 3.0
   10    19    15    16   0.15600  1.0 3.0
   20    19    15    11   0.15600  1.0 3.0
   20    19    15    17   0.15600  1.0 3.0
   20    19    15    16   0.15600  1.0 3.0
   21    19    15    11   0.15600  1.0 3.0
   21    19    15    17   0.15600  1.0 3.0
   21    19    15    16   0.15600  1.0 3.0
   10    19    21    30   2.50000  1.0 1.0
    8    11   -15    19   0.20000 -1.0 1.0
    8    11   -15    19   0.25000 -1.0 2.0
    8    11   -15    19   0.18000  1.0 3.0
    8    11    15    17   0.15600  1.0 3.0
    8    11    15    16   0.15600  1.0 3.0
   13    11    15    19   0.15600  1.0 3.0
   13    11    15    17   1.17500  1.0 2.0
   13    11    15    17   0.14400  1.0 3.0
   13    11    15    16   0.15600  1.0 3.0
   12    11    15    19   0.15600  1.0 3.0
   12    11    15    17   0.15600  1.0 3.0
   12    11    15    16   0.15600  1.0 3.0
    8    11    13    14   0.02500  1.0 1.0
    8    11    13    14   0.16000  1.0 3.0
   15    11    13    14   0.02500  1.0 1.0
   15    11    13    14   0.16000  1.0 3.0
   12    11    13    14   0.16700  1.0 3.0
   19    15    17    18   0.02500  1.0 1.0
   19    15    17    18   0.16000  1.0 3.0
   11    15    17    18   0.02500  1.0 1.0
   11    15    17    18   0.16000  1.0 3.0
   16    15    17    18   0.16700  1.0 3.0
   19    21    22    23   1.45000 -1.0 2.0
   19    21    22    24   1.45000 -1.0 2.0
   30    21    22    23   1.45000 -1.0 2.0
   30    21    22    24   1.45000 -1.0 2.0
   19    21    30    28   1.85000 -1.0 2.0
   19    21    30    31   1.85000 -1.0 2.0
   22    21    30    28   1.85000 -1.0 2.0
   22    21    30    31   1.85000 -1.0 2.0
   21    22    24    26   1.35000 -1.0 2.0
   21    22    24    25   1.35000 -1.0 2.0
   23    22    24    26   1.35000 -1.0 2.0
   23    22    24    25   1.35000 -1.0 2.0
   22    24    26    27   1.35000 -1.0 2.0
   22    24   -26    28   1.35000 -1.0 2.0
   25    24    26    27   1.35000 -1.0 2.0
   25    24    26    28   1.35000 -1.0 2.0
   24    26   -28    30   2.17500 -1.0 2.0
   24    26    28    29   2.17500 -1.0 2.0
   27    26    28    30   2.17500 -1.0 2.0
   27    26    28    30   0.30000  1.0 3.0
   27    26    28    29   2.17500 -1.0 2.0
   26    28   -30    21   6.65000 -1.0 2.0
   26    28    30    31   6.65000 -1.0 2.0
   29    28    30    21   6.65000 -1.0 2.0
   29    28    30    31   6.65000 -1.0 2.0
IPHI
   30    22    21    19   1.00000 -1.0 2.0
   21    24    22    23  10.50000 -1.0 2.0
   22    26    24    25   0.50000 -1.0 2.0
   26    22    24    25   0.50000 -1.0 2.0
   28    24    26    27  10.50000 -1.0 2.0
   26    30    28    29   1.10000 -1.0 2.0
   21    28    30    31   1.10000 -1.0 2.0
END
