* LIGAND DATABASE FILE (OPLS2001)
*
ASNB     16    15     25     33      71
    1     0 M   N3   _N__     1    14.50972    82.61699  -141.06807
    2     1 S   H    _H1_    14     1.01000    57.72207  -168.48288
    3     1 S   H    _H2_    15     1.01000   158.82045  -111.19922
    4     1 S   H    _H3_    16     1.01000    91.37171    79.26472
    5     1 M   CT1  _CA_     2     1.46034    65.05387   -31.65872
    6     5 S   HC   _HA_    11     1.11300   107.59925  -101.40607
    7     5 M   C    _C__     3     1.53436   109.08988   142.14225
    8     7 S   O    _O__     4     1.22793   121.40884    -0.02798
    9     5 S   CT   _CB_     5     1.54120   110.81722    15.97858
   10     9 S   HC   _HB2    12     1.11300   107.66965   -58.94361
   11     9 S   HC   _HB3    13     1.11300   107.66960    58.91853
   12     9 S   C    _CG_     6     1.52818   116.62795   179.98022
   13    12 S   O    _OD1     7     1.22492   121.78344    89.99630
   14    12 S   N    _ND2     8     1.33136   116.90052   -92.18669
   15    14 S   H    HD21     9     1.00934   117.70855  -179.30283
   16    14 S   H    HD22    10     1.00851   121.28486    -2.14229
  11   6   5   4   9   6   5   1   7   4   3   4   3   2   1   1
    5     7     8     9    12     6    10    11     2     3     4  
    3     4     5     6     7     9  
    4     5     6     7     9  
    5     6     7     9  
    7     8     9    12    13    14     6    10    11  
   10    11     7     8     9    12  
    8     9    12    10    11  
    9  
   12    13    14    15    16    10    11  
   11    12    13    14  
   12    13    14  
   13    14    15    16  
   14    15    16  
   15    16  
   16  
    0  
NBON
    1   3.2500   0.1700  -0.3000   2.1000   1.6250  -0.100907100   4.805719700
    2   0.5000   0.0300   0.3300   0.9960   0.8600   0.079817800  -1.129220000
    3   0.5000   0.0300   0.3300   0.9960   0.8600   0.079817800  -1.129220000
    4   0.5000   0.0300   0.3300   0.9960   0.8600   0.079817800  -1.129220000
    5   3.5000   0.0660   0.2500   1.9750   1.7500   0.000085900  -0.754493700
    6   2.5000   0.0300   0.0600   1.4250   1.2500   0.008394800   0.285390400
    7   3.7500   0.1050   0.5000   2.1120   1.8750  -0.026933700  -0.722204000
    8   2.9600   0.2100  -0.5000   1.6780   1.4800   0.010478200   0.635855300
    9   3.5000   0.0660  -0.1200   1.9750   1.7500   0.000085900  -0.754493700
   10   2.5000   0.0300   0.0600   1.4250   1.2500   0.008394800   0.285390400
   11   2.5000   0.0300   0.0600   1.4250   1.2500   0.008394800   0.285390400
   12   3.7500   0.1050   0.5000   2.1120   1.8750  -0.026933700  -0.722204000
   13   2.9600   0.2100  -0.5000   1.6780   1.4800   0.010478200   0.635855300
   14   3.2500   0.1700  -0.7600   1.9200   1.7000   0.168599800  -5.228863800
   15   0.5000   0.0300   0.3800   0.9960   0.8600   0.079817800  -1.129220000
   16   0.5000   0.0300   0.3800   0.9960   0.8600   0.079817800  -1.129220000
BOND
    1     5   367.000  1.471
    1     2   434.000  1.010
    1     3   434.000  1.010
    1     4   434.000  1.010
    5     7   317.000  1.522
    5     9   268.000  1.529
    5     6   340.000  1.090
    7     8   570.000  1.229
    9    12   317.000  1.522
    9    10   340.000  1.090
    9    11   340.000  1.090
   12    13   570.000  1.229
   12    14   490.000  1.335
   14    15   434.000  1.010
   14    16   434.000  1.010
THET
    1     5     7    80.00000  111.20000
    1     5     9    80.00000  111.20000
    1     5     6    35.00000  109.50000
    5     7     8    80.00000  120.40000
    5     9    12    63.00000  111.10000
    5     9    10    37.50000  110.70000
    5     9    11    37.50000  110.70000
    9     5     7    63.00000  111.10000
    9    12    13    80.00000  120.40000
    9    12    14    70.00000  116.60000
   12    14    15    35.00000  119.80000
   12    14    16    35.00000  119.80000
   14    12    13    80.00000  122.90000
   16    14    15    35.00000  120.00000
    6     5     7    35.00000  109.50000
    6     5     9    37.50000  110.70000
   10     9    12    35.00000  109.50000
   11     9    12    35.00000  109.50000
   11     9    10    33.00000  107.80000
    2     1     5    35.00000  109.50000
    3     1     5    35.00000  109.50000
    3     1     2    35.00000  109.50000
    4     1     5    35.00000  109.50000
    4     1     2    35.00000  109.50000
    4     1     3    35.00000  109.50000
PHI
    1     5     7     8   0.00000  1.0 1.0
    1     5     9    12  -1.73350  1.0 1.0
    1     5     9    12  -0.33850 -1.0 2.0
    1     5     9    12   0.73250  1.0 3.0
    1     5     9    10   0.23200  1.0 3.0
    1     5     9    11   0.23200  1.0 3.0
    5     9    12    13   0.58300 -1.0 2.0
    5     9    12    14   0.27300  1.0 1.0
    5     9    12    14  -1.06350 -1.0 2.0
    5     9    12    14  -0.41600  1.0 3.0
    7     5     9    12   0.52250  1.0 1.0
    7     5     9    12  -0.80150 -1.0 2.0
    7     5     9    10  -0.03800  1.0 3.0
    7     5     9    11  -0.03800  1.0 3.0
    9     5     7     8   0.00000  1.0 1.0
    9    12    14    15   2.45000 -1.0 2.0
    9    12    14    16   2.45000 -1.0 2.0
   13    12    14    15   2.45000 -1.0 2.0
   13    12    14    16   2.45000 -1.0 2.0
    6     5     7     8   0.00000  1.0 1.0
    6     5     9    12   0.15000  1.0 3.0
    6     5     9    10   0.15000  1.0 3.0
    6     5     9    11   0.15000  1.0 3.0
   10     9    12    13   0.00000  1.0 1.0
   10     9    12    14   0.00000  1.0 1.0
   11     9    12    13   0.00000  1.0 1.0
   11     9    12    14   0.00000  1.0 1.0
    2     1     5     7   0.17350  1.0 3.0
    2     1     5     9   0.17350  1.0 3.0
    2     1     5     6   0.13050  1.0 3.0
    3     1     5     7   0.17350  1.0 3.0
    3     1     5     9   0.17350  1.0 3.0
    3     1     5     6   0.13050  1.0 3.0
    4     1     5     7   0.17350  1.0 3.0
    4     1     5     9   0.17350  1.0 3.0
    4     1     5     6   0.13050  1.0 3.0
IPHI
    9    14    12    13  10.50000 -1.0 2.0
   16    12    14    15   1.00000 -1.0 2.0
END
