* LIGAND DATABASE FILE (AMBER)
*
GLUB   17    16     28     31      75
    1     0 M   N3   _N__     1    30.68994    91.50960  -137.55896
    2     1 S   H    _H1_    15     1.01000    65.35963  -170.62235
    3     1 S   H    _H2_    16     1.01000   156.87006   -88.76125
    4     1 S   H    _H3_    17     1.01000    93.18178    79.42331
    5     1 M   CT1  _CA_     2     1.44928    56.12332   -32.00641
    6     5 S   HC   _HA_    10     1.11300   107.97776  -101.99134
    7     5 M   C    _C__     3     1.53510   110.00719   140.39664
    8     7 S   O    _O__     4     1.23085   121.41192    -0.02798
    9     5 S   CT   _CB_     5     1.53796   110.62419    15.96748
   10     9 S   HC   _HB2    11     1.11300   107.64570   -58.91029
   11     9 S   HC   _HB3    12     1.11300   107.64564    58.92660
   12     9 S   CT   _CG_     6     1.53700   116.72086  -180.00000
   13    12 S   HC   _HG2    13     1.11300   107.76455   -58.96836
   14    12 S   HC   _HG3    14     1.11300   107.76456    58.99456
   15    12 S   CO3  _CD_     7     1.52572   116.25990  -180.00000
   16    15 S   O2   _OE1     8     1.25153   117.80947    90.03548
   17    15 S   O2   _OE2     9     1.24870   116.58374   -90.21996
  11   6   5   4  10   6   5   1   8   5   4   5   4   3   2   1
   1
    5     7     8     9    12     6    10    11     2     3     4  
    3     4     5     6     7     9  
    4     5     6     7     9  
    5     6     7     9  
    7     8     9    12    15     6    10    11    13    14  
   10    11     7     8     9    12  
    8     9    12    10    11  
    9  
   12    15    16    17    10    11    13    14  
   11    13    14    12    15  
   13    14    12    15  
   15    16    17    13    14  
   14    15    16    17  
   15    16    17  
   16    17  
   17  
    0  
NBON
    1   1.8750   0.1700   0.0017   2.1000   1.6250  -0.100907100   4.805719700
    2   0.6000   0.0157   0.2391   0.9960   0.8600   0.079817800  -1.129220000
    3   0.6000   0.0157   0.2391   0.9960   0.8600   0.079817800  -1.129220000
    4   0.6000   0.0157   0.2391   0.9960   0.8600   0.079817800  -1.129220000
    5   1.9080   0.1094   0.0698   1.9750   1.7500   0.000085900  -0.754493700
    6   1.3870   0.0157   0.1202   1.4250   1.2500   0.008394800   0.285390400
    7   1.9080   0.0860   0.5621   2.1120   1.8750  -0.026933700  -0.722204000
    8   1.6612   0.2100  -0.5889   1.6780   1.4800   0.010478200   0.635855300
    9   1.9080   0.1094   0.0560   1.9750   1.7500   0.000085900  -0.754493700
   10   1.4870   0.0157  -0.0173   1.4250   1.2500   0.008394800   0.285390400
   11   1.4870   0.0157  -0.0173   1.4250   1.2500   0.008394800   0.285390400
   12   1.9080   0.1094   0.0136   1.9750   1.7500   0.000085900  -0.754493700
   13   1.4870   0.0157  -0.0425   1.4250   1.2500   0.008394800   0.285390400
   14   1.4870   0.0157  -0.0425   1.4250   1.2500   0.008394800   0.285390400
   15   1.9080   0.0860   0.8054   2.1120   1.8750  -0.026933700  -0.722204000
   16   1.6612   0.2100  -0.8188   1.6780   1.4800  -0.350477400  15.005156000
   17   1.6612   0.2100  -0.8188   1.6780   1.4800  -0.350477400  15.005156000
BOND
    1     5   367.000  1.471
    1     2   434.000  1.010
    1     3   434.000  1.010
    1     4   434.000  1.010
    5     7   317.000  1.522
    5     6   340.000  1.090
    5     9   310.000  1.526
    7     8   570.000  1.229
    9    12   310.000  1.526
    9    10   340.000  1.090
    9    11   340.000  1.090
   12    15   317.000  1.522
   12    13   340.000  1.090
   12    14   340.000  1.090
   15    16   656.000  1.250
   15    17   656.000  1.250
THET
    5     1     2    50.00000  109.50000
    5     1     3    50.00000  109.50000
    5     1     4    50.00000  109.50000
    2     1     3    35.00000  109.50000
    2     1     4    35.00000  109.50000
    3     1     4    35.00000  109.50000
    1     5     7    80.00000  111.20000
    1     5     6    50.00000  109.50000
    1     5     9    80.00000  111.20000
    7     5     6    50.00000  109.50000
    7     5     9    63.00000  111.10000
    6     5     9    50.00000  109.50000
    5     7     8    80.00000  120.40000
    5     9    12    40.00000  109.50000
    5     9    10    50.00000  109.50000
    5     9    11    50.00000  109.50000
   12     9    10    50.00000  109.50000
   12     9    11    50.00000  109.50000
   10     9    11    35.00000  109.50000
    9    12    15    63.00000  111.10000
    9    12    13    50.00000  109.50000
    9    12    14    50.00000  109.50000
   15    12    13    50.00000  109.50000
   15    12    14    50.00000  109.50000
   13    12    14    35.00000  109.50000
   12    15    16    70.00000  117.00000
   12    15    17    70.00000  117.00000
   16    15    17    80.00000  126.00000
PHI
    2     1     5     7   0.15600  1.0 3.0
    2     1     5     6   0.15600  1.0 3.0
    2     1     5     9   0.15600  1.0 3.0
    3     1     5     7   0.15600  1.0 3.0
    3     1     5     6   0.15600  1.0 3.0
    3     1     5     9   0.15600  1.0 3.0
    4     1     5     7   0.15600  1.0 3.0
    4     1     5     6   0.15600  1.0 3.0
    4     1     5     9   0.15600  1.0 3.0
    6     5     7     8   0.80000  1.0 1.0
    6     5     7     8   0.08000 -1.0 3.0
    1     5     9    12   0.15600  1.0 3.0
    1     5     9    10   0.15600  1.0 3.0
    1     5     9    11   0.15600  1.0 3.0
    7     5     9    12   0.15600  1.0 3.0
    7     5     9    10   0.15600  1.0 3.0
    7     5     9    11   0.15600  1.0 3.0
    6     5     9    12   0.15600  1.0 3.0
    6     5     9    10   0.15600  1.0 3.0
    6     5     9    11   0.15600  1.0 3.0
    5     9    12    15   0.15600  1.0 3.0
    5     9    12    13   0.16000  1.0 3.0
    5     9    12    14   0.16000  1.0 3.0
   10     9    12    15   0.15600  1.0 3.0
   10     9    12    13   0.15000  1.0 3.0
   10     9    12    14   0.15000  1.0 3.0
   11     9    12    15   0.15600  1.0 3.0
   11     9    12    13   0.15000  1.0 3.0
   11     9    12    14   0.15000  1.0 3.0
IPHI
   12    16    15    17   5.25000 -1.0 2.0
   12    17    15    16   5.25000 -1.0 2.0
END
