* LIGAND DATABASE FILE (AMBER)
*
HID    17    17     27     32      76
    1     0 M   N    _N__     1     1.33000   116.08751  -180.00000
    2     1 S   H    _H__    11     1.01000   119.99995     0.00000
    3     1 M   CT1  _CA_     2     1.45856   122.86076  -180.00000
    4     3 S   HC   _HA_    12     1.09000   109.50006   -54.24995
    5     3 M   C    _C__     3     1.53955   109.75750   179.98022
    6     5 S   O    _O__     4     1.23285   121.41258    -0.00000
    7     3 S   CT   _CB_     5     1.54002   108.78587    54.24983
    8     7 S   HC   _HB2    13     1.09000   109.49999   -60.01770
    9     7 S   HC   _HB3    14     1.09000   109.50000    59.98230
   10     7 S   CW   _CG_     6     1.51139   116.52779   180.00000
   11    10 S   NA   _ND1     7     1.33561   122.58353   -90.06197
   12    11 S   H    _HD1    15     1.01000   119.99998     0.09279
   13    10 S   CV   _CD2     8     1.37429   131.21830    89.96162
   14    13 S   HA   _HD2    16     1.08000   120.00002    -0.19979
   15    11 S   CR   _CE1     9     1.34277   108.84446  -179.90721
   16    15 S   HA   _HE1    17     1.08000   120.00002  -179.94065
   17    13 S   NB   _NE2    10     1.38945   109.28401   179.79923
   9   4   9   6   5   1   9   4   3   7   6   4   4   2   2   1
   1
    3     5     6     7    10     2     4     8     9  
    4     3     5     7  
    5     6     7    10    11    13     4     8     9  
    8     9     5     6     7    10  
    6     7    10     8     9  
    7  
   10    11    13    15    17     8     9    12    14  
    9    10    11    13  
   10    11    13  
   11    13    15    17    12    14    16  
   13    15    17    12    14    16  
   16    13    15    17  
   15    17    14    16  
   15    17  
   17    16  
   17  
    0  
NBON
    1   1.8240   0.1700  -0.4157   1.9200   1.7000   0.168599800  -5.228863800
    2   0.6000   0.0157   0.2719   0.9960   0.8600   0.079817800  -1.129220000
    3   1.9080   0.1094   0.0188   1.9750   1.7500   0.000085900  -0.754493700
    4   1.3870   0.0157   0.0881   1.4250   1.2500   0.008394800   0.285390400
    5   1.9080   0.0860   0.5973   2.1120   1.8750  -0.026933700  -0.722204000
    6   1.6612   0.2100  -0.5679   1.6780   1.4800   0.010478200   0.635855300
    7   1.9080   0.1094  -0.0462   1.9750   1.7500   0.000085900  -0.754493700
    8   1.4870   0.0157   0.0402   1.4250   1.2500   0.008394800   0.285390400
    9   1.4870   0.0157   0.0402   1.4250   1.2500   0.008394800   0.285390400
   10   1.9080   0.0860  -0.0266   2.0020   1.7750  -0.026970600   0.118943300
   11   1.8240   0.1700  -0.3811   1.8380   1.6250  -0.098957700   1.177961700
   12   0.6000   0.0157   0.3649   0.9960   0.8600   0.079817800  -1.129220000
   13   1.9080   0.0860   0.1292   2.0020   1.7750  -0.026970600   0.118943300
   14   1.4090   0.0150   0.1147   1.3810   1.2100   0.048476300  -0.590796200
   15   1.9080   0.0860   0.2057   2.0020   1.7750  -0.026970600   0.118943300
   16   1.3590   0.0150   0.1392   1.3810   1.2100   0.048476300  -0.590796200
   17   1.8240   0.1700  -0.5727   1.8380   1.6250  -0.098957700   1.177961700
BOND
    1     3   337.000  1.449
    1     2   434.000  1.010
    3     5   317.000  1.522
    3     4   340.000  1.090
    3     7   310.000  1.526
    5     6   570.000  1.229
    7    10   317.000  1.504
    7     8   340.000  1.090
    7     9   340.000  1.090
   10    11   422.000  1.385
   10    13   512.000  1.375
   11    15   477.000  1.343
   11    12   434.000  1.010
   13    17   410.000  1.394
   13    14   367.000  1.080
   15    17   488.000  1.335
   15    16   367.000  1.080
THET
    3     1     2    50.00000  118.04000
    1     3     5    63.00000  110.10000
    1     3     4    50.00000  109.50000
    1     3     7    80.00000  109.70000
    5     3     4    50.00000  109.50000
    5     3     7    63.00000  111.10000
    4     3     7    50.00000  109.50000
    3     5     6    80.00000  120.40000
    3     7    10    63.00000  113.10000
    3     7     8    50.00000  109.50000
    3     7     9    50.00000  109.50000
   10     7     8    50.00000  109.50000
   10     7     9    50.00000  109.50000
    8     7     9    35.00000  109.50000
    7    10    11    70.00000  120.00000
    7    10    13    70.00000  120.00000
   11    10    13    70.00000  120.00000
   10    11    15    70.00000  120.00000
   10    11    12    50.00000  120.00000
   15    11    12    50.00000  120.00000
   10    13    17    70.00000  120.00000
   10    13    14    50.00000  120.00000
   17    13    14    50.00000  120.00000
   11    15    17    70.00000  120.00000
   11    15    16    50.00000  120.00000
   17    15    16    50.00000  120.00000
   13    17    15    70.00000  117.00000
PHI
    4     3     5     6   0.80000  1.0 1.0
    4     3     5     6   0.08000 -1.0 3.0
    1     3     7    10   0.15600  1.0 3.0
    1     3     7     8   0.15600  1.0 3.0
    1     3     7     9   0.15600  1.0 3.0
    5     3     7    10   0.15600  1.0 3.0
    5     3     7     8   0.15600  1.0 3.0
    5     3     7     9   0.15600  1.0 3.0
    4     3     7    10   0.15600  1.0 3.0
    4     3     7     8   0.15600  1.0 3.0
    4     3     7     9   0.15600  1.0 3.0
    7    10    11    15   1.40000 -1.0 2.0
    7    10    11    12   1.40000 -1.0 2.0
   13    10   -11    15   1.40000 -1.0 2.0
   13    10    11    12   1.40000 -1.0 2.0
    7    10    13    17   5.15000 -1.0 2.0
    7    10    13    14   5.15000 -1.0 2.0
   11    10   -13    17   5.15000 -1.0 2.0
   11    10    13    14   5.15000 -1.0 2.0
   10    11   -15    17   2.32500 -1.0 2.0
   10    11    15    16   2.32500 -1.0 2.0
   12    11    15    17   2.32500 -1.0 2.0
   12    11    15    16   2.32500 -1.0 2.0
   10    13   -17    15   2.40000 -1.0 2.0
   14    13    17    15   2.40000 -1.0 2.0
   11    15   -17    13   5.00000 -1.0 2.0
   16    15    17    13   5.00000 -1.0 2.0
IPHI
   11    13    10     7   1.10000 -1.0 2.0
   10    15    11    12   1.00000 -1.0 2.0
   10    17    13    14   1.10000 -1.0 2.0
   17    11    15    16   1.10000 -1.0 2.0
   11    17    15    16   1.10000 -1.0 2.0
END
