* LIGAND DATABASE FILE (OPLS2001)
*
ALAZ     13    12     21     25      57
    1     0 M   N3   _N__     1     5.34092   127.31354   176.98773
    2     1 S   H    _H1_    11     1.00997   131.23776  -143.76010
    3     1 S   H    _H2_    12     1.00984   119.25870    33.50569
    4     1 S   H    _H3_    13     1.00943    56.88071   128.68840
    5     1 M   CT   _CA_     2     1.45671    53.03302   -59.78430
    6     5 S   HC   _HA_     7     1.11294   108.41025   170.77363
    7     5 M   C    _C__     3     1.53753   109.73329    52.50860
    8     7 S   O2   _O__     4     1.23146   121.23674    -0.02798
    9     7 S   O2   _OXT     6     1.36393   115.36821  -180.00000
   10     5 S   CT   _CB_     5     1.52981   108.73907   -71.48728
   11    10 S   HC   _HB1     8     1.11290   110.03745  -179.98022
   12    10 S   HC   _HB2     9     1.11377   109.42307   -59.69854
   13    10 S   HC   _HB3    10     1.11301   109.44615    59.65772
  12   6   5   4   8   7   6   2   1   3   2   1   1
    5     7     8    10     9     6    11    12    13     2     3     4  
    3     4     5     6     7    10  
    4     5     6     7    10  
    5     6     7    10  
    7     8    10     9     6    11    12    13  
   11    12    13     7     8     9    10  
    8    10     9    11    12    13  
   10     9  
   10  
   11    12    13  
   12    13  
   13  
    0  
NBON
    1   3.2500   0.1700  -0.3520   2.1000   1.6250  -0.100907100   4.805719700
    2   0.5000   0.0300   0.3170   0.9960   0.8600   0.079817800  -1.129220000
    3   0.5000   0.0300   0.3170   0.9960   0.8600   0.079817800  -1.129220000
    4   0.5000   0.0300   0.3170   0.9960   0.8600   0.079817800  -1.129220000
    5   3.5000   0.0660   0.0450   1.9750   1.7500   0.000085900  -0.754493700
    6   2.5000   0.0300   0.0740   1.4250   1.2500   0.008394800   0.285390400
    7   3.7500   0.1050   0.7000   2.1120   1.8750  -0.026933700  -0.722204000
    8   2.9600   0.2100  -0.7090   1.6780   1.4800  -0.350477400  15.005156000
    9   2.9600   0.2100  -0.7090   1.6780   1.4800  -0.350477400  15.005156000
   10   3.5000   0.0660  -0.1800   1.9750   1.7500   0.000085900  -0.754493700
   11   2.5000   0.0300   0.0600   1.4250   1.2500   0.008394800   0.285390400
   12   2.5000   0.0300   0.0600   1.4250   1.2500   0.008394800   0.285390400
   13   2.5000   0.0300   0.0600   1.4250   1.2500   0.008394800   0.285390400
BOND
    1     5   367.000  1.471
    1     2   434.000  1.010
    1     3   434.000  1.010
    1     4   434.000  1.010
    5     7   317.000  1.522
    5    10   268.000  1.529
    5     6   340.000  1.090
    7     8   656.000  1.250
    7     9   656.000  1.250
   10    11   340.000  1.090
   10    12   340.000  1.090
   10    13   340.000  1.090
THET
    1     5     7    80.00000  109.26000
    1     5    10    80.00000  111.20000
    1     5     6    35.00000  109.50000
    5     7     8    70.00000  117.00000
    5     7     9    70.00000  117.00000
    5    10    11    37.50000  110.70000
    5    10    12    37.50000  110.70000
    5    10    13    37.50000  110.70000
   10     5     7    70.00000  109.69300
    9     7     8    80.00000  126.00000
    6     5     7    35.00000  109.50000
    6     5    10    37.50000  110.70000
   12    10    11    33.00000  107.80000
   13    10    11    33.00000  107.80000
   13    10    12    33.00000  107.80000
    2     1     5    35.00000  109.50000
    3     1     5    35.00000  109.50000
    3     1     2    35.00000  109.50000
    4     1     5    35.00000  109.50000
    4     1     2    35.00000  109.50000
    4     1     3    35.00000  109.50000
PHI
    1     5     7     8   0.30150 -1.0 2.0
    1     5     7     9   0.30150 -1.0 2.0
    1     5    10    11   0.19200  1.0 3.0
    1     5    10    12   0.19200  1.0 3.0
    1     5    10    13   0.19200  1.0 3.0
    7     5    10    11  -0.11250  1.0 3.0
    7     5    10    12  -0.11250  1.0 3.0
    7     5    10    13  -0.11250  1.0 3.0
   10     5     7     8   0.41150 -1.0 2.0
   10     5     7     9   0.41150 -1.0 2.0
    6     5     7     8   0.00000  1.0 1.0
    6     5     7     9   0.00000  1.0 1.0
    6     5    10    11   0.15000  1.0 3.0
    6     5    10    12   0.15000  1.0 3.0
    6     5    10    13   0.15000  1.0 3.0
    2     1     5     7   0.17350  1.0 3.0
    2     1     5    10   0.17350  1.0 3.0
    2     1     5     6   0.13050  1.0 3.0
    3     1     5     7   0.17350  1.0 3.0
    3     1     5    10   0.17350  1.0 3.0
    3     1     5     6   0.13050  1.0 3.0
    4     1     5     7   0.17350  1.0 3.0
    4     1     5    10   0.17350  1.0 3.0
    4     1     5     6   0.13050  1.0 3.0
IPHI
    9     5     7     8  10.50000 -1.0 2.0
END
