* LIGAND DATABASE FILE (AMBER99)
*
ARG    24    23     38     54     115
    1     0 M   N    _N__     1     1.33000   115.40158  -179.98022
    2     1 S   H    _H__    12     1.01000   120.00005     0.02798
    3     1 M   CT1  _CA_     2     1.45763   122.78554  -180.00000
    4     3 S   HC   _HA_    13     1.09000   109.50003   -53.46101
    5     3 M   C    _C__     3     1.53812   109.33954   180.00000
    6     5 S   O    _O__     4     1.23114   121.43200    -0.02798
    7     3 S   CT   _CB_     5     1.54726   110.52105    53.46089
    8     7 S   HC   _HB2    14     1.09000   109.49997   -60.01556
    9     7 S   HC   _HB3    15     1.09000   109.49999    59.98441
   10     7 S   CT   _CG_     6     1.54539   119.58088   179.98022
   11    10 S   HC   _HG2    16     1.09000   109.49997   -59.99667
   12    10 S   HC   _HG3    17     1.09000   109.49999    60.00335
   13    10 S   CT   _CD_     7     1.52885   118.94523  -180.00000
   14    13 S   HC   _HD2    18     1.09000   109.49998   -59.99532
   15    13 S   HC   _HD3    19     1.09000   109.49994    60.00469
   16    13 S   N2   _NE_     8     1.46632   112.30627  -180.00000
   17    16 S   H3   _HE_    20     1.01000   115.32789    91.74286
   18    16 S   CZ1  _CZ_     9     1.34555   124.67216   -88.25713
   19    18 S   N2   _NH1    10     1.35073   120.32502    -2.95280
   20    19 S   H3   HH11    21     1.01000   119.99995  -180.00000
   21    19 S   H3   HH12    22     1.01000   120.00000    -0.02798
   22    18 S   N2   _NH2    11     1.34816   118.41326   177.53677
   23    22 S   H3   HH21    23     1.01000   119.99997   179.98022
   24    22 S   H3   HH22    24     1.01000   119.99993     0.00000
   9   4  10   6   5   1   9   5   4   8   5   4   7   4   3   8
   3   6   5   2   1   2   1   1
    3     5     6     7    10     2     4     8     9  
    4     3     5     7  
    5     6     7    10    13     4     8     9    11    12  
    8     9     5     6     7    10  
    6     7    10     8     9  
    7  
   10    13    16     8     9    11    12    14    15  
    9    11    12    10    13  
   11    12    10    13  
   13    16    18    11    12    14    15    17  
   12    14    15    13    16  
   14    15    13    16  
   16    18    19    22    14    15    17  
   15    17    16    18  
   17    16    18  
   18    19    22    17    20    21    23    24  
   18    19    22  
   19    22    20    21    23    24  
   22    20    21    23    24  
   21    22  
   22  
   23    24  
   24  
    0  
NBON
    1   1.8240   0.1700  -0.3479   1.9200   1.7000   0.168599800  -5.228863800
    2   0.6000   0.0157   0.2747   0.9960   0.8600   0.079817800  -1.129220000
    3   1.9080   0.1094  -0.2637   1.9750   1.7500   0.000085900  -0.754493700
    4   1.3870   0.0157   0.1560   1.4250   1.2500   0.008394800   0.285390400
    5   1.9080   0.0860   0.7341   2.1120   1.8750  -0.026933700  -0.722204000
    6   1.6612   0.2100  -0.5894   1.6780   1.4800   0.010478200   0.635855300
    7   1.9080   0.1094  -0.0007   1.9750   1.7500   0.000085900  -0.754493700
    8   1.4870   0.0157   0.0327   1.4250   1.2500   0.008394800   0.285390400
    9   1.4870   0.0157   0.0327   1.4250   1.2500   0.008394800   0.285390400
   10   1.9080   0.1094   0.0390   1.9750   1.7500   0.000085900  -0.754493700
   11   1.4870   0.0157   0.0285   1.4250   1.2500   0.008394800   0.285390400
   12   1.4870   0.0157   0.0285   1.4250   1.2500   0.008394800   0.285390400
   13   1.9080   0.1094   0.0486   1.9750   1.7500   0.000085900  -0.754493700
   14   1.3870   0.0157   0.0687   1.4250   1.2500   0.008394800   0.285390400
   15   1.3870   0.0157   0.0687   1.4250   1.2500   0.008394800   0.285390400
   16   1.8240   0.1700  -0.5295   1.8380   1.6250  -0.098957700   1.177961700
   17   0.6000   0.0157   0.3456   0.9960   0.8600   0.079817800  -1.129220000
   18   1.9080   0.0860   0.8076   1.2880   1.1250  -0.026970600   0.118943300
   19   1.8240   0.1700  -0.8627   1.8380   1.6250  -0.098957700   1.177961700
   20   0.6000   0.0157   0.4478   0.9960   0.8600   0.079817800  -1.129220000
   21   0.6000   0.0157   0.4478   0.9960   0.8600   0.079817800  -1.129220000
   22   1.8240   0.1700  -0.8627   1.8380   1.6250  -0.098957700   1.177961700
   23   0.6000   0.0157   0.4478   0.9960   0.8600   0.079817800  -1.129220000
   24   0.6000   0.0157   0.4478   0.9960   0.8600   0.079817800  -1.129220000
BOND
    1     3   337.000  1.449
    1     2   434.000  1.010
    3     5   317.000  1.522
    3     4   340.000  1.090
    3     7   310.000  1.526
    5     6   570.000  1.229
    7    10   310.000  1.526
    7     8   340.000  1.090
    7     9   340.000  1.090
   10    13   310.000  1.526
   10    11   340.000  1.090
   10    12   340.000  1.090
   13    16   337.000  1.463
   13    14   340.000  1.090
   13    15   340.000  1.090
   16    18   481.000  1.340
   16    17   434.000  1.010
   18    19   481.000  1.340
   18    22   481.000  1.340
   19    20   434.000  1.010
   19    21   434.000  1.010
   22    23   434.000  1.010
   22    24   434.000  1.010
THET
    3     1     2    50.00000  118.04000
    1     3     5    63.00000  110.10000
    1     3     4    50.00000  109.50000
    1     3     7    80.00000  109.70000
    5     3     4    50.00000  109.50000
    5     3     7    63.00000  111.10000
    4     3     7    50.00000  109.50000
    3     5     6    80.00000  120.40000
    3     7    10    40.00000  109.50000
    3     7     8    50.00000  109.50000
    3     7     9    50.00000  109.50000
   10     7     8    50.00000  109.50000
   10     7     9    50.00000  109.50000
    8     7     9    35.00000  109.50000
    7    10    13    40.00000  109.50000
    7    10    11    50.00000  109.50000
    7    10    12    50.00000  109.50000
   13    10    11    50.00000  109.50000
   13    10    12    50.00000  109.50000
   11    10    12    35.00000  109.50000
   10    13    16    80.00000  111.20000
   10    13    14    50.00000  109.50000
   10    13    15    50.00000  109.50000
   16    13    14    50.00000  109.50000
   16    13    15    50.00000  109.50000
   14    13    15    35.00000  109.50000
   13    16    18    50.00000  123.20000
   13    16    17    50.00000  118.40000
   18    16    17    50.00000  120.00000
   16    18    19    70.00000  120.00000
   16    18    22    70.00000  120.00000
   19    18    22    70.00000  120.00000
   18    19    20    50.00000  120.00000
   18    19    21    50.00000  120.00000
   20    19    21    35.00000  120.00000
   18    22    23    50.00000  120.00000
   18    22    24    50.00000  120.00000
   23    22    24    35.00000  120.00000
PHI
    4     3     5     6   0.80000  1.0 1.0
    4     3     5     6   0.08000 -1.0 3.0
    1     3     7    10   0.15600  1.0 3.0
    1     3     7     8   0.15600  1.0 3.0
    1     3     7     9   0.15600  1.0 3.0
    5     3     7    10   0.15600  1.0 3.0
    5     3     7     8   0.15600  1.0 3.0
    5     3     7     9   0.15600  1.0 3.0
    4     3     7    10   0.15600  1.0 3.0
    4     3     7     8   0.15600  1.0 3.0
    4     3     7     9   0.15600  1.0 3.0
    3     7    10    13   0.20000 -1.0 1.0
    3     7    10    13   0.25000 -1.0 2.0
    3     7    10    13   0.18000  1.0 3.0
    3     7    10    11   0.16000  1.0 3.0
    3     7    10    12   0.16000  1.0 3.0
    8     7    10    13   0.16000  1.0 3.0
    8     7    10    11   0.15000  1.0 3.0
    8     7    10    12   0.15000  1.0 3.0
    9     7    10    13   0.16000  1.0 3.0
    9     7    10    11   0.15000  1.0 3.0
    9     7    10    12   0.15000  1.0 3.0
    7    10    13    16   0.15600  1.0 3.0
    7    10    13    14   0.15600  1.0 3.0
    7    10    13    15   0.15600  1.0 3.0
   11    10    13    16   0.15600  1.0 3.0
   11    10    13    14   0.15600  1.0 3.0
   11    10    13    15   0.15600  1.0 3.0
   12    10    13    16   0.15600  1.0 3.0
   12    10    13    14   0.15600  1.0 3.0
   12    10    13    15   0.15600  1.0 3.0
   13    16    18    19   2.40000 -1.0 2.0
   13    16    18    22   2.40000 -1.0 2.0
   17    16    18    19   2.40000 -1.0 2.0
   17    16    18    22   2.40000 -1.0 2.0
   16    18    19    20   2.40000 -1.0 2.0
   16    18    19    21   2.40000 -1.0 2.0
   22    18    19    20   2.40000 -1.0 2.0
   22    18    19    21   2.40000 -1.0 2.0
   16    18    22    23   2.40000 -1.0 2.0
   16    18    22    24   2.40000 -1.0 2.0
   19    18    22    23   2.40000 -1.0 2.0
   19    18    22    24   2.40000 -1.0 2.0
IPHI
   13    18    16    17   1.00000 -1.0 2.0
   16    19    18    22   1.75000 -1.0 2.0
   19    16    18    22   1.75000 -1.0 2.0
   16    22    18    19   1.75000 -1.0 2.0
   22    16    18    19   1.75000 -1.0 2.0
   19    22    18    16   1.75000 -1.0 2.0
   22    19    18    16   1.75000 -1.0 2.0
   18    20    19    21   0.50000 -1.0 2.0
   18    21    19    20   0.50000 -1.0 2.0
   18    23    22    24   0.50000 -1.0 2.0
   18    24    22    23   0.50000 -1.0 2.0
END
