* LIGAND DATABASE FILE (AMBER99)
*
ARGE   25    24     40     54     118
    1     0 M   N    _N__     2     1.38000   115.28364   180.00000
    2     1 S   H    _H__     1     1.00808   118.55427    -0.02798
    3     1 M   CT1  _CA_     3     1.45763   122.78565  -180.00000
    4     3 S   HC   _HA_    19     1.11300   107.50147   -63.58590
    5     3 M   CO3  _C__     4     1.53812   109.33963  -180.00000
    6     5 S   O2   _O__     5     1.23114   121.43198    -0.02798
    7     5 S   O2   _OXT    18     1.34094   115.28359  -180.00000
    8     3 S   CT   _CB_     6     1.54726   110.52098    53.46090
    9     8 S   HC   _HB2    20     1.11300   106.90333   -58.55381
   10     8 S   HC   _HB3    21     1.11300   106.90328    58.52281
   11     8 S   CT   _CG_     7     1.54539   119.58088   180.00000
   12    11 S   HC   _HG2    22     1.11300   107.06898   -58.61774
   13    11 S   HC   _HG3    23     1.11300   107.06896    58.62453
   14    11 S   CT   _CD_     8     1.52886   118.94525  -180.00000
   15    14 S   HC   _HD2    24     1.11300   108.77497   -59.53775
   16    14 S   HC   _HD3    25     1.11300   108.77492    59.54721
   17    14 S   N2   _NE_     9     1.46632   112.30631  -180.00000
   18    17 S   H3   _HE_    13     1.01170   116.12475    90.00982
   19    17 S   CZ1  _CZ_    10     1.34555   124.67222   -88.25705
   20    19 S   N2   _NH1    11     1.35073   120.32497    -2.95287
   21    20 S   H3   HH11    14     1.01240   120.04134    -0.40445
   22    20 S   H3   HH12    15     1.01056   121.62614  -179.46551
   23    19 S   N2   _NH2    12     1.34816   118.41327   177.53685
   24    23 S   H3   HH21    16     1.01423   123.88757   179.50228
   25    23 S   H3   HH22    17     1.01472   119.84999     0.30001
  10   4  11   7   6   2   1   9   5   4   8   5   4   7   4   3
   8   3   6   5   2   1   2   1   1
    3     5     6     8    11     7     4     9    10     2  
    3     5     8     4  
    5     6     8    11    14     7     4     9    10    12    13  
    9    10     5     6     7     8    11  
    6     8    11     7     9    10  
    8     7  
    8  
   11    14    17     9    10    12    13    15    16  
   10    12    13    11    14  
   12    13    11    14  
   14    17    19    18    12    13    15    16  
   13    15    16    14    17  
   15    16    14    17  
   17    19    20    23    18    15    16  
   16    17    18    19  
   17    18    19  
   19    20    23    18    21    22    24    25  
   19    20    23  
   20    23    21    22    24    25  
   23    21    22    24    25  
   22    23  
   23  
   24    25  
   25  
    0  
NBON
    1   1.8240   0.1700  -0.3481   1.9200   1.7000   0.168599800  -5.228863800
    2   0.6000   0.0157   0.2764   0.9960   0.8600   0.079817800  -1.129220000
    3   1.9080   0.1094  -0.3117   1.9750   1.7500   0.000085900  -0.754493700
    4   1.3870   0.0157   0.1447   1.4250   1.2500   0.008394800   0.285390400
    5   1.9080   0.0860   0.8557   2.1120   1.8750  -0.026933700  -0.722204000
    6   1.6612   0.2100  -0.8266   1.6780   1.4800  -0.350477400  15.005156000
    7   1.6612   0.2100  -0.8266   1.6780   1.4800  -0.350477400  15.005156000
    8   1.9080   0.1094  -0.0007   1.9750   1.7500   0.000085900  -0.754493700
    9   1.4870   0.0157   0.0327   1.4250   1.2500   0.008394800   0.285390400
   10   1.4870   0.0157   0.0327   1.4250   1.2500   0.008394800   0.285390400
   11   1.9080   0.1094   0.0390   1.9750   1.7500   0.000085900  -0.754493700
   12   1.4870   0.0157   0.0285   1.4250   1.2500   0.008394800   0.285390400
   13   1.4870   0.0157   0.0285   1.4250   1.2500   0.008394800   0.285390400
   14   1.9080   0.1094   0.0486   1.9750   1.7500   0.000085900  -0.754493700
   15   1.3870   0.0157   0.0687   1.4250   1.2500   0.008394800   0.285390400
   16   1.3870   0.0157   0.0687   1.4250   1.2500   0.008394800   0.285390400
   17   1.8240   0.1700  -0.5295   1.8380   1.6250  -0.098957700   1.177961700
   18   0.6000   0.0157   0.3456   0.9960   0.8600   0.079817800  -1.129220000
   19   1.9080   0.0860   0.8076   1.2880   1.1250  -0.026970600   0.118943300
   20   1.8240   0.1700  -0.8627   1.8380   1.6250  -0.098957700   1.177961700
   21   0.6000   0.0157   0.4478   0.9960   0.8600   0.079817800  -1.129220000
   22   0.6000   0.0157   0.4478   0.9960   0.8600   0.079817800  -1.129220000
   23   1.8240   0.1700  -0.8627   1.8380   1.6250  -0.098957700   1.177961700
   24   0.6000   0.0157   0.4478   0.9960   0.8600   0.079817800  -1.129220000
   25   0.6000   0.0157   0.4478   0.9960   0.8600   0.079817800  -1.129220000
BOND
    1     3   337.000  1.449
    1     2   434.000  1.010
    3     5   317.000  1.522
    3     4   340.000  1.090
    3     8   310.000  1.526
    5     6   656.000  1.250
    5     7   656.000  1.250
    8    11   310.000  1.526
    8     9   340.000  1.090
    8    10   340.000  1.090
   11    14   310.000  1.526
   11    12   340.000  1.090
   11    13   340.000  1.090
   14    17   337.000  1.463
   14    15   340.000  1.090
   14    16   340.000  1.090
   17    19   481.000  1.340
   17    18   434.000  1.010
   19    20   481.000  1.340
   19    23   481.000  1.340
   20    21   434.000  1.010
   20    22   434.000  1.010
   23    24   434.000  1.010
   23    25   434.000  1.010
THET
    3     1     2    50.00000  118.04000
    1     3     5    63.00000  110.10000
    1     3     4    50.00000  109.50000
    1     3     8    80.00000  109.70000
    5     3     4    50.00000  109.50000
    5     3     8    63.00000  111.10000
    4     3     8    50.00000  109.50000
    3     5     6    70.00000  117.00000
    3     5     7    70.00000  117.00000
    6     5     7    80.00000  126.00000
    3     8    11    40.00000  109.50000
    3     8     9    50.00000  109.50000
    3     8    10    50.00000  109.50000
   11     8     9    50.00000  109.50000
   11     8    10    50.00000  109.50000
    9     8    10    35.00000  109.50000
    8    11    14    40.00000  109.50000
    8    11    12    50.00000  109.50000
    8    11    13    50.00000  109.50000
   14    11    12    50.00000  109.50000
   14    11    13    50.00000  109.50000
   12    11    13    35.00000  109.50000
   11    14    17    80.00000  111.20000
   11    14    15    50.00000  109.50000
   11    14    16    50.00000  109.50000
   17    14    15    50.00000  109.50000
   17    14    16    50.00000  109.50000
   15    14    16    35.00000  109.50000
   14    17    19    50.00000  123.20000
   14    17    18    50.00000  118.40000
   19    17    18    50.00000  120.00000
   17    19    20    70.00000  120.00000
   17    19    23    70.00000  120.00000
   20    19    23    70.00000  120.00000
   19    20    21    50.00000  120.00000
   19    20    22    50.00000  120.00000
   21    20    22    35.00000  120.00000
   19    23    24    50.00000  120.00000
   19    23    25    50.00000  120.00000
   24    23    25    35.00000  120.00000
PHI
    1     3     8    11   0.15600  1.0 3.0
    1     3     8     9   0.15600  1.0 3.0
    1     3     8    10   0.15600  1.0 3.0
    5     3     8    11   0.15600  1.0 3.0
    5     3     8     9   0.15600  1.0 3.0
    5     3     8    10   0.15600  1.0 3.0
    4     3     8    11   0.15600  1.0 3.0
    4     3     8     9   0.15600  1.0 3.0
    4     3     8    10   0.15600  1.0 3.0
    3     8    11    14   0.20000 -1.0 1.0
    3     8    11    14   0.25000 -1.0 2.0
    3     8    11    14   0.18000  1.0 3.0
    3     8    11    12   0.16000  1.0 3.0
    3     8    11    13   0.16000  1.0 3.0
    9     8    11    14   0.16000  1.0 3.0
    9     8    11    12   0.15000  1.0 3.0
    9     8    11    13   0.15000  1.0 3.0
   10     8    11    14   0.16000  1.0 3.0
   10     8    11    12   0.15000  1.0 3.0
   10     8    11    13   0.15000  1.0 3.0
    8    11    14    17   0.15600  1.0 3.0
    8    11    14    15   0.15600  1.0 3.0
    8    11    14    16   0.15600  1.0 3.0
   12    11    14    17   0.15600  1.0 3.0
   12    11    14    15   0.15600  1.0 3.0
   12    11    14    16   0.15600  1.0 3.0
   13    11    14    17   0.15600  1.0 3.0
   13    11    14    15   0.15600  1.0 3.0
   13    11    14    16   0.15600  1.0 3.0
   14    17    19    20   2.40000 -1.0 2.0
   14    17    19    23   2.40000 -1.0 2.0
   18    17    19    20   2.40000 -1.0 2.0
   18    17    19    23   2.40000 -1.0 2.0
   17    19    20    21   2.40000 -1.0 2.0
   17    19    20    22   2.40000 -1.0 2.0
   23    19    20    21   2.40000 -1.0 2.0
   23    19    20    22   2.40000 -1.0 2.0
   17    19    23    24   2.40000 -1.0 2.0
   17    19    23    25   2.40000 -1.0 2.0
   20    19    23    24   2.40000 -1.0 2.0
   20    19    23    25   2.40000 -1.0 2.0
IPHI
    3     6     5     7   5.25000 -1.0 2.0
    3     7     5     6   5.25000 -1.0 2.0
   14    19    17    18   1.00000 -1.0 2.0
   17    20    19    23   1.75000 -1.0 2.0
   20    17    19    23   1.75000 -1.0 2.0
   17    23    19    20   1.75000 -1.0 2.0
   23    17    19    20   1.75000 -1.0 2.0
   20    23    19    17   1.75000 -1.0 2.0
   23    20    19    17   1.75000 -1.0 2.0
   19    21    20    22   0.50000 -1.0 2.0
   19    22    20    21   0.50000 -1.0 2.0
   19    24    23    25   0.50000 -1.0 2.0
   19    25    23    24   0.50000 -1.0 2.0
END
