* LIGAND DATABASE FILE (AMBER99)
*
ASNB   16    15     25     35      75
    1     0 M   N3   _N__     1    14.50972    82.61699  -141.06807
    2     1 S   H    _H1_    14     1.01000    57.72207  -168.48288
    3     1 S   H    _H2_    15     1.01000   158.82045  -111.19922
    4     1 S   H    _H3_    16     1.01000    91.37171    79.26472
    5     1 M   CT1  _CA_     2     1.46034    65.05387   -31.65872
    6     5 S   HC   _HA_    11     1.11300   107.59925  -101.40607
    7     5 M   C    _C__     3     1.53436   109.08988   142.14225
    8     7 S   O    _O__     4     1.22793   121.40884    -0.02798
    9     5 S   CT   _CB_     5     1.54120   110.81722    15.97858
   10     9 S   HC   _HB2    12     1.11300   107.66965   -58.94361
   11     9 S   HC   _HB3    13     1.11300   107.66960    58.91853
   12     9 S   C    _CG_     6     1.52818   116.62795   179.98022
   13    12 S   O    _OD1     7     1.22492   121.78344    89.99630
   14    12 S   N    _ND2     8     1.33136   116.90052   -92.18669
   15    14 S   H    HD21     9     1.00934   117.70855  -179.30283
   16    14 S   H    HD22    10     1.00851   121.28486    -2.14229
  11   6   5   4   9   6   5   1   7   4   3   4   3   2   1   1
    5     7     8     9    12     6    10    11     2     3     4  
    3     4     5     6     7     9  
    4     5     6     7     9  
    5     6     7     9  
    7     8     9    12    13    14     6    10    11  
   10    11     7     8     9    12  
    8     9    12    10    11  
    9  
   12    13    14    15    16    10    11  
   11    12    13    14  
   12    13    14  
   13    14    15    16  
   14    15    16  
   15    16  
   16  
    0  
NBON
    1   1.8750   0.1700   0.1801   2.1000   1.6250  -0.100907100   4.805719700
    2   0.6000   0.0157   0.1921   0.9960   0.8600   0.079817800  -1.129220000
    3   0.6000   0.0157   0.1921   0.9960   0.8600   0.079817800  -1.129220000
    4   0.6000   0.0157   0.1921   0.9960   0.8600   0.079817800  -1.129220000
    5   1.9080   0.1094   0.0811   1.9750   1.7500   0.000085900  -0.754493700
    6   1.3870   0.0157   0.1231   1.4250   1.2500   0.008394800   0.285390400
    7   1.9080   0.0860   0.6163   2.1120   1.8750  -0.026933700  -0.722204000
    8   1.6612   0.2100  -0.5722   1.6780   1.4800   0.010478200   0.635855300
    9   1.9080   0.1094  -0.2041   1.9750   1.7500   0.000085900  -0.754493700
   10   1.4870   0.0157   0.0797   1.4250   1.2500   0.008394800   0.285390400
   11   1.4870   0.0157   0.0797   1.4250   1.2500   0.008394800   0.285390400
   12   1.9080   0.0860   0.7130   2.1120   1.8750  -0.026933700  -0.722204000
   13   1.6612   0.2100  -0.5931   1.6780   1.4800   0.010478200   0.635855300
   14   1.8240   0.1700  -0.9191   1.9200   1.7000   0.168599800  -5.228863800
   15   0.6000   0.0157   0.4196   0.9960   0.8600   0.079817800  -1.129220000
   16   0.6000   0.0157   0.4196   0.9960   0.8600   0.079817800  -1.129220000
BOND
    1     5   367.000  1.471
    1     2   434.000  1.010
    1     3   434.000  1.010
    1     4   434.000  1.010
    5     7   317.000  1.522
    5     6   340.000  1.090
    5     9   310.000  1.526
    7     8   570.000  1.229
    9    12   317.000  1.522
    9    10   340.000  1.090
    9    11   340.000  1.090
   12    13   570.000  1.229
   12    14   490.000  1.335
   14    15   434.000  1.010
   14    16   434.000  1.010
THET
    5     1     2    50.00000  109.50000
    5     1     3    50.00000  109.50000
    5     1     4    50.00000  109.50000
    2     1     3    35.00000  109.50000
    2     1     4    35.00000  109.50000
    3     1     4    35.00000  109.50000
    1     5     7    80.00000  111.20000
    1     5     6    50.00000  109.50000
    1     5     9    80.00000  111.20000
    7     5     6    50.00000  109.50000
    7     5     9    63.00000  111.10000
    6     5     9    50.00000  109.50000
    5     7     8    80.00000  120.40000
    5     9    12    63.00000  111.10000
    5     9    10    50.00000  109.50000
    5     9    11    50.00000  109.50000
   12     9    10    50.00000  109.50000
   12     9    11    50.00000  109.50000
   10     9    11    35.00000  109.50000
    9    12    13    80.00000  120.40000
    9    12    14    70.00000  116.60000
   13    12    14    80.00000  122.90000
   12    14    15    50.00000  120.00000
   12    14    16    50.00000  120.00000
   15    14    16    35.00000  120.00000
PHI
    2     1     5     7   0.15600  1.0 3.0
    2     1     5     6   0.15600  1.0 3.0
    2     1     5     9   0.15600  1.0 3.0
    3     1     5     7   0.15600  1.0 3.0
    3     1     5     6   0.15600  1.0 3.0
    3     1     5     9   0.15600  1.0 3.0
    4     1     5     7   0.15600  1.0 3.0
    4     1     5     6   0.15600  1.0 3.0
    4     1     5     9   0.15600  1.0 3.0
    6     5     7     8   0.80000  1.0 1.0
    6     5     7     8   0.08000 -1.0 3.0
    1     5     9    12   0.15600  1.0 3.0
    1     5     9    10   0.15600  1.0 3.0
    1     5     9    11   0.15600  1.0 3.0
    7     5     9    12   0.15600  1.0 3.0
    7     5     9    10   0.15600  1.0 3.0
    7     5     9    11   0.15600  1.0 3.0
    6     5     9    12   0.15600  1.0 3.0
    6     5     9    10   0.15600  1.0 3.0
    6     5     9    11   0.15600  1.0 3.0
    5     9    12    14   0.07000  1.0 2.0
    5     9    12    14   0.10000  1.0 4.0
   10     9    12    13   0.80000  1.0 1.0
   10     9    12    13   0.08000 -1.0 3.0
   11     9    12    13   0.80000  1.0 1.0
   11     9    12    13   0.08000 -1.0 3.0
    9    12    14    15   2.50000 -1.0 2.0
    9    12    14    16   2.50000 -1.0 2.0
   13    12    14    15   2.00000  1.0 1.0
   13    12    14    15   2.50000 -1.0 2.0
   13    12    14    16   2.00000  1.0 1.0
   13    12    14    16   2.50000 -1.0 2.0
IPHI
    9    14    12    13  10.50000 -1.0 2.0
   12    15    14    16   0.50000 -1.0 2.0
   12    16    14    15   0.50000 -1.0 2.0
END
