* LIGAND DATABASE FILE (AMBER99)
*
ASPE   13    12     19     13      44
    1     0 M   N    _N__     2     1.38000   115.16076  -180.00000
    2     1 S   H    _H__     1     1.02030   121.15258     0.00000
    3     1 M   CT1  _CA_     3     1.45400   124.76842   180.00000
    4     3 S   HC   _HA_    11     1.11300   108.09625   -62.47327
    5     3 M   CO3  _C__     4     1.53618   109.47459   180.00000
    6     5 S   O2   _O__     5     1.23126   121.86554     0.02798
    7     5 S   O2   _OXT    10     1.34414   115.16082  -180.00000
    8     3 S   CT   _CB_     6     1.54081   108.80347    54.68609
    9     8 S   HC   _HB2    12     1.11300   107.81110   -58.98949
   10     8 S   HC   _HB3    13     1.11300   107.81108    59.02326
   11     8 S   CO3  _CG_     7     1.53082   116.07899  -180.00000
   12    11 S   O2   _OD1     8     1.25262   117.15643    89.98070
   13    11 S   O2   _OD2     9     1.24847   116.97831   -87.88328
  10   4  10   7   6   2   1   5   4   3   2   1   1
    3     5     6     8    11     7     4     9    10     2  
    3     5     8     4  
    5     6     8    11    12    13     7     4     9    10  
    9    10     5     6     7     8    11  
    6     8    11     7     9    10  
    8     7  
    8  
   11    12    13     9    10  
   10    11    12    13  
   11    12    13  
   12    13  
   13  
    0  
NBON
    1   1.8240   0.1700  -0.5192   1.9200   1.7000   0.168599800  -5.228863800
    2   0.6000   0.0157   0.3055   0.9960   0.8600   0.079817800  -1.129220000
    3   1.9080   0.1094  -0.1810   1.9750   1.7500   0.000085900  -0.754493700
    4   1.3870   0.0157   0.1046   1.4250   1.2500   0.008394800   0.285390400
    5   1.9080   0.0860   0.7256   2.1120   1.8750  -0.026933700  -0.722204000
    6   1.6612   0.2100  -0.7887   1.6780   1.4800  -0.350477400  15.005156000
    7   1.6612   0.2100  -0.7887   1.6780   1.4800  -0.350477400  15.005156000
    8   1.9080   0.1094  -0.0303   1.9750   1.7500   0.000085900  -0.754493700
    9   1.4870   0.0157  -0.0122   1.4250   1.2500   0.008394800   0.285390400
   10   1.4870   0.0157  -0.0122   1.4250   1.2500   0.008394800   0.285390400
   11   1.9080   0.0860   0.7994   2.1120   1.8750  -0.026933700  -0.722204000
   12   1.6612   0.2100  -0.8014   1.6780   1.4800  -0.350477400  15.005156000
   13   1.6612   0.2100  -0.8014   1.6780   1.4800  -0.350477400  15.005156000
BOND
    1     3   337.000  1.449
    1     2   434.000  1.010
    3     5   317.000  1.522
    3     4   340.000  1.090
    3     8   310.000  1.526
    5     6   656.000  1.250
    5     7   656.000  1.250
    8    11   317.000  1.522
    8     9   340.000  1.090
    8    10   340.000  1.090
   11    12   656.000  1.250
   11    13   656.000  1.250
THET
    3     1     2    50.00000  118.04000
    1     3     5    63.00000  110.10000
    1     3     4    50.00000  109.50000
    1     3     8    80.00000  109.70000
    5     3     4    50.00000  109.50000
    5     3     8    63.00000  111.10000
    4     3     8    50.00000  109.50000
    3     5     6    70.00000  117.00000
    3     5     7    70.00000  117.00000
    6     5     7    80.00000  126.00000
    3     8    11    63.00000  111.10000
    3     8     9    50.00000  109.50000
    3     8    10    50.00000  109.50000
   11     8     9    50.00000  109.50000
   11     8    10    50.00000  109.50000
    9     8    10    35.00000  109.50000
    8    11    12    70.00000  117.00000
    8    11    13    70.00000  117.00000
   12    11    13    80.00000  126.00000
PHI
    1     3     8    11   0.15600  1.0 3.0
    1     3     8     9   0.15600  1.0 3.0
    1     3     8    10   0.15600  1.0 3.0
    5     3     8    11   0.15600  1.0 3.0
    5     3     8     9   0.15600  1.0 3.0
    5     3     8    10   0.15600  1.0 3.0
    4     3     8    11   0.15600  1.0 3.0
    4     3     8     9   0.15600  1.0 3.0
    4     3     8    10   0.15600  1.0 3.0
IPHI
    3     6     5     7   5.25000 -1.0 2.0
    3     7     5     6   5.25000 -1.0 2.0
    8    12    11    13   5.25000 -1.0 2.0
    8    13    11    12   5.25000 -1.0 2.0
END
