* LIGAND DATABASE FILE (AMBER99)
*
HIPB   20    20     34     46     100
    1     0 M   N3   _N__     1    36.69755   107.29079  -148.36575
    2     1 S   H    _H1_    17     1.01000    83.22453  -167.00402
    3     1 S   H    _H2_    18     1.01000   159.39423   -37.47513
    4     1 S   H    _H3_    19     1.01000    79.94760    81.80431
    5     1 M   CT1  _CA_     2     1.45856    50.01487   -44.43205
    6     5 S   HC   _HA_    12     1.11300   107.92976  -125.20327
    7     5 M   C    _C__     3     1.53955   109.75754   117.40811
    8     7 S   O    _O__     4     1.23285   121.41254     0.00000
    9     5 S   CT   _CB_     5     1.54002   108.78580    -8.34205
   10     9 S   HC   _HB2    13     1.11300   107.69552   -58.96241
   11     9 S   HC   _HB3    14     1.11300   107.69558    58.92717
   12     9 S   CX   _CG_     6     1.51139   116.52776   180.00000
   13    12 S   NA   _ND1     7     1.33561   122.58349   -90.06192
   14    13 S   H    _HD1    11     1.01750   124.31679    -0.40348
   15    12 S   CX   _CD2     8     1.37429   131.21830    89.96162
   16    15 S   HA   _HD2    15     1.10100   125.35798    -0.19979
   17    13 S   CR   _CE1     9     1.34277   108.84439  -179.90721
   18    17 S   HA   _HE1    16     1.10100   124.44696  -179.94065
   19    15 S   NA   _NE2    10     1.38945   109.28398   179.80021
   20    19 S   H    _HE2    20     1.01000   120.00000  -179.78786
  11   6   5   4   9   6   5   1   9   4   3   8   7   4   5   3
   3   2   1   1
    5     7     8     9    12     6    10    11     2     3     4  
    3     4     5     6     7     9  
    4     5     6     7     9  
    5     6     7     9  
    7     8     9    12    13    15     6    10    11  
   10    11     7     8     9    12  
    8     9    12    10    11  
    9  
   12    13    15    17    19    14    10    11    16  
   11    12    13    15  
   12    13    15  
   13    15    17    19    14    16    18    20  
   15    17    19    14    16    18    20  
   18    15    17    19  
   17    19    16    18    20  
   20    17    19  
   19    18    20  
   20    19  
   20  
    0  
NBON
    1   1.8750   0.1700   0.2560   2.1000   1.6250  -0.100907100   4.805719700
    2   0.6000   0.0157   0.1704   0.9960   0.8600   0.079817800  -1.129220000
    3   0.6000   0.0157   0.1704   0.9960   0.8600   0.079817800  -1.129220000
    4   0.6000   0.0157   0.1704   0.9960   0.8600   0.079817800  -1.129220000
    5   1.9080   0.1094   0.0653   1.9750   1.7500   0.000085900  -0.754493700
    6   1.3870   0.0157   0.1047   1.4250   1.2500   0.008394800   0.285390400
    7   1.9080   0.0860   0.7214   2.1120   1.8750  -0.026933700  -0.722204000
    8   1.6612   0.2100  -0.6013   1.6780   1.4800   0.010478200   0.635855300
    9   1.9080   0.1094  -0.0414   1.9750   1.7500   0.000085900  -0.754493700
   10   1.4870   0.0157   0.0810   1.4250   1.2500   0.008394800   0.285390400
   11   1.4870   0.0157   0.0810   1.4250   1.2500   0.008394800   0.285390400
   12   1.9080   0.0860  -0.0012   2.0020   1.7750  -0.026970600   0.118943300
   13   1.8240   0.1700  -0.1513   1.8380   1.6250  -0.098957700   1.177961700
   14   0.6000   0.0157   0.3866   0.9960   0.8600   0.079817800  -1.129220000
   15   1.9080   0.0860  -0.1141   2.0020   1.7750  -0.026970600   0.118943300
   16   1.4090   0.0150   0.2317   1.3810   1.2100   0.048476300  -0.590796200
   17   1.9080   0.0860  -0.0170   2.0020   1.7750  -0.026970600   0.118943300
   18   1.3590   0.0150   0.2681   1.3810   1.2100   0.048476300  -0.590796200
   19   1.8240   0.1700  -0.1718   1.8380   1.6250  -0.098957700   1.177961700
   20   0.6000   0.0157   0.3911   0.9960   0.8600   0.079817800  -1.129220000
BOND
    1     5   367.000  1.471
    1     2   434.000  1.010
    1     3   434.000  1.010
    1     4   434.000  1.010
    5     7   317.000  1.522
    5     6   340.000  1.090
    5     9   310.000  1.526
    7     8   570.000  1.229
    9    12   317.000  1.504
    9    10   340.000  1.090
    9    11   340.000  1.090
   12    13   422.000  1.385
   12    15   518.000  1.371
   13    17   477.000  1.343
   13    14   434.000  1.010
   15    19   427.000  1.381
   15    16   367.000  1.080
   17    19   477.000  1.343
   17    18   367.000  1.080
   19    20   434.000  1.010
THET
    5     1     2    50.00000  109.50000
    5     1     3    50.00000  109.50000
    5     1     4    50.00000  109.50000
    2     1     3    35.00000  109.50000
    2     1     4    35.00000  109.50000
    3     1     4    35.00000  109.50000
    1     5     7    80.00000  111.20000
    1     5     6    50.00000  109.50000
    1     5     9    80.00000  111.20000
    7     5     6    50.00000  109.50000
    7     5     9    63.00000  111.10000
    6     5     9    50.00000  109.50000
    5     7     8    80.00000  120.40000
    5     9    12    63.00000  113.10000
    5     9    10    50.00000  109.50000
    5     9    11    50.00000  109.50000
   12     9    10    50.00000  109.50000
   12     9    11    50.00000  109.50000
   10     9    11    35.00000  109.50000
    9    12    13    70.00000  120.00000
    9    12    15    70.00000  120.00000
   13    12    15    70.00000  120.00000
   12    13    17    70.00000  120.00000
   12    13    14    50.00000  120.00000
   17    13    14    50.00000  120.00000
   12    15    19    70.00000  120.00000
   12    15    16    50.00000  120.00000
   19    15    16    50.00000  120.00000
   13    17    19    70.00000  120.00000
   13    17    18    50.00000  120.00000
   19    17    18    50.00000  120.00000
   15    19    17    70.00000  120.00000
   15    19    20    50.00000  120.00000
   17    19    20    50.00000  120.00000
PHI
    2     1     5     7   0.15600  1.0 3.0
    2     1     5     6   0.15600  1.0 3.0
    2     1     5     9   0.15600  1.0 3.0
    3     1     5     7   0.15600  1.0 3.0
    3     1     5     6   0.15600  1.0 3.0
    3     1     5     9   0.15600  1.0 3.0
    4     1     5     7   0.15600  1.0 3.0
    4     1     5     6   0.15600  1.0 3.0
    4     1     5     9   0.15600  1.0 3.0
    6     5     7     8   0.80000  1.0 1.0
    6     5     7     8   0.08000 -1.0 3.0
    1     5     9    12   0.15600  1.0 3.0
    1     5     9    10   0.15600  1.0 3.0
    1     5     9    11   0.15600  1.0 3.0
    7     5     9    12   0.15600  1.0 3.0
    7     5     9    10   0.15600  1.0 3.0
    7     5     9    11   0.15600  1.0 3.0
    6     5     9    12   0.15600  1.0 3.0
    6     5     9    10   0.15600  1.0 3.0
    6     5     9    11   0.15600  1.0 3.0
    9    12    13    17   1.40000 -1.0 2.0
    9    12    13    14   1.40000 -1.0 2.0
   15    12    13    17   1.40000 -1.0 2.0
   15    12    13    14   1.40000 -1.0 2.0
    9    12    15    19   5.37500 -1.0 2.0
    9    12    15    16   5.37500 -1.0 2.0
   13    12    15    19   5.37500 -1.0 2.0
   13    12    15    16   5.37500 -1.0 2.0
   12    13    17    19   2.32500 -1.0 2.0
   12    13    17    18   2.32500 -1.0 2.0
   14    13    17    19   2.32500 -1.0 2.0
   14    13    17    18   2.32500 -1.0 2.0
   12    15    19    17   1.50000 -1.0 2.0
   12    15    19    20   1.50000 -1.0 2.0
   16    15    19    17   1.50000 -1.0 2.0
   16    15    19    20   1.50000 -1.0 2.0
   13    17    19    15   2.32500 -1.0 2.0
   13    17    19    20   2.32500 -1.0 2.0
   18    17    19    15   2.32500 -1.0 2.0
   18    17    19    20   2.32500 -1.0 2.0
IPHI
   13    15    12     9   1.10000 -1.0 2.0
   12    17    13    14   1.00000 -1.0 2.0
   12    19    15    16   1.10000 -1.0 2.0
   13    19    17    18   0.55000 -1.0 2.0
   19    13    17    18   0.55000 -1.0 2.0
   17    15    19    20   1.00000 -1.0 2.0
END
