* LIGAND DATABASE FILE (AMBER99)
*
HIPE   19    19     31     37      87
    1     0 M   N    _N__     2     1.38000   115.29891   180.00000
    2     1 S   H    _H__     1     1.00974   118.63080     0.02798
    3     1 M   CT1  _CA_     3     1.45856   122.86085  -180.00000
    4     3 S   HC   _HA_    14     1.11300   107.92972   -62.61139
    5     3 M   CO3  _C__     4     1.53955   109.75751  -180.00000
    6     5 S   O2   _O__     5     1.23285   121.41264     0.02798
    7     5 S   O2   _OXT    13     1.34028   115.29878  -180.00000
    8     3 S   CT   _CB_     6     1.54002   108.78578    54.24990
    9     8 S   HC   _HB2    15     1.11300   107.69562   -58.96241
   10     8 S   HC   _HB3    16     1.11300   107.69551    58.92716
   11     8 S   CX   _CG_     7     1.51139   116.52779   179.98022
   12    11 S   NA   _ND1     8     1.33561   122.58347   -90.06184
   13    12 S   H    _HD1    12     1.01750   124.31678    -0.40397
   14    11 S   CX   _CD2     9     1.37429   131.21831    89.96152
   15    14 S   HA   _HD2    17     1.10100   125.35801    -0.19979
   16    12 S   CR   _CE1    10     1.34277   108.84439  -179.90513
   17    16 S   HA   _HE1    18     1.10100   124.44693  -179.93744
   18    14 S   NA   _NE2    11     1.38946   109.28398   179.79923
   19    18 S   H    _HE2    19     1.01000   119.99999  -179.78786
  10   4  10   7   6   2   1   9   4   3   8   7   4   5   3   3
   2   1   1
    3     5     6     8    11     7     4     9    10     2  
    3     5     8     4  
    5     6     8    11    12    14     7     4     9    10  
    9    10     5     6     7     8    11  
    6     8    11     7     9    10  
    8     7  
    8  
   11    12    14    16    18    13     9    10    15  
   10    11    12    14  
   11    12    14  
   12    14    16    18    13    15    17    19  
   14    16    18    13    15    17    19  
   17    14    16    18  
   16    18    15    17    19  
   19    16    18  
   18    17    19  
   19    18  
   19  
    0  
NBON
    1   1.8240   0.1700  -0.3481   1.9200   1.7000   0.168599800  -5.228863800
    2   0.6000   0.0157   0.2764   0.9960   0.8600   0.079817800  -1.129220000
    3   1.9080   0.1094  -0.1503   1.9750   1.7500   0.000085900  -0.754493700
    4   1.3870   0.0157   0.1115   1.4250   1.2500   0.008394800   0.285390400
    5   1.9080   0.0860   0.8032   2.1120   1.8750  -0.026933700  -0.722204000
    6   1.6612   0.2100  -0.8177   1.6780   1.4800  -0.350477400  15.005156000
    7   1.6612   0.2100  -0.8177   1.6780   1.4800  -0.350477400  15.005156000
    8   1.9080   0.1094  -0.0414   1.9750   1.7500   0.000085900  -0.754493700
    9   1.4870   0.0157   0.0810   1.4250   1.2500   0.008394800   0.285390400
   10   1.4870   0.0157   0.0810   1.4250   1.2500   0.008394800   0.285390400
   11   1.9080   0.0860  -0.0012   2.0020   1.7750  -0.026970600   0.118943300
   12   1.8240   0.1700  -0.1513   1.8380   1.6250  -0.098957700   1.177961700
   13   0.6000   0.0157   0.3866   0.9960   0.8600   0.079817800  -1.129220000
   14   1.9080   0.0860  -0.1141   2.0020   1.7750  -0.026970600   0.118943300
   15   1.4090   0.0150   0.2317   1.3810   1.2100   0.048476300  -0.590796200
   16   1.9080   0.0860  -0.0170   2.0020   1.7750  -0.026970600   0.118943300
   17   1.3590   0.0150   0.2681   1.3810   1.2100   0.048476300  -0.590796200
   18   1.8240   0.1700  -0.1718   1.8380   1.6250  -0.098957700   1.177961700
   19   0.6000   0.0157   0.3911   0.9960   0.8600   0.079817800  -1.129220000
BOND
    1     3   337.000  1.449
    1     2   434.000  1.010
    3     5   317.000  1.522
    3     4   340.000  1.090
    3     8   310.000  1.526
    5     6   656.000  1.250
    5     7   656.000  1.250
    8    11   317.000  1.504
    8     9   340.000  1.090
    8    10   340.000  1.090
   11    12   422.000  1.385
   11    14   518.000  1.371
   12    16   477.000  1.343
   12    13   434.000  1.010
   14    18   427.000  1.381
   14    15   367.000  1.080
   16    18   477.000  1.343
   16    17   367.000  1.080
   18    19   434.000  1.010
THET
    3     1     2    50.00000  118.04000
    1     3     5    63.00000  110.10000
    1     3     4    50.00000  109.50000
    1     3     8    80.00000  109.70000
    5     3     4    50.00000  109.50000
    5     3     8    63.00000  111.10000
    4     3     8    50.00000  109.50000
    3     5     6    70.00000  117.00000
    3     5     7    70.00000  117.00000
    6     5     7    80.00000  126.00000
    3     8    11    63.00000  113.10000
    3     8     9    50.00000  109.50000
    3     8    10    50.00000  109.50000
   11     8     9    50.00000  109.50000
   11     8    10    50.00000  109.50000
    9     8    10    35.00000  109.50000
    8    11    12    70.00000  120.00000
    8    11    14    70.00000  120.00000
   12    11    14    70.00000  120.00000
   11    12    16    70.00000  120.00000
   11    12    13    50.00000  120.00000
   16    12    13    50.00000  120.00000
   11    14    18    70.00000  120.00000
   11    14    15    50.00000  120.00000
   18    14    15    50.00000  120.00000
   12    16    18    70.00000  120.00000
   12    16    17    50.00000  120.00000
   18    16    17    50.00000  120.00000
   14    18    16    70.00000  120.00000
   14    18    19    50.00000  120.00000
   16    18    19    50.00000  120.00000
PHI
    1     3     8    11   0.15600  1.0 3.0
    1     3     8     9   0.15600  1.0 3.0
    1     3     8    10   0.15600  1.0 3.0
    5     3     8    11   0.15600  1.0 3.0
    5     3     8     9   0.15600  1.0 3.0
    5     3     8    10   0.15600  1.0 3.0
    4     3     8    11   0.15600  1.0 3.0
    4     3     8     9   0.15600  1.0 3.0
    4     3     8    10   0.15600  1.0 3.0
    8    11    12    16   1.40000 -1.0 2.0
    8    11    12    13   1.40000 -1.0 2.0
   14    11    12    16   1.40000 -1.0 2.0
   14    11    12    13   1.40000 -1.0 2.0
    8    11    14    18   5.37500 -1.0 2.0
    8    11    14    15   5.37500 -1.0 2.0
   12    11    14    18   5.37500 -1.0 2.0
   12    11    14    15   5.37500 -1.0 2.0
   11    12    16    18   2.32500 -1.0 2.0
   11    12    16    17   2.32500 -1.0 2.0
   13    12    16    18   2.32500 -1.0 2.0
   13    12    16    17   2.32500 -1.0 2.0
   11    14    18    16   1.50000 -1.0 2.0
   11    14    18    19   1.50000 -1.0 2.0
   15    14    18    16   1.50000 -1.0 2.0
   15    14    18    19   1.50000 -1.0 2.0
   12    16    18    14   2.32500 -1.0 2.0
   12    16    18    19   2.32500 -1.0 2.0
   17    16    18    14   2.32500 -1.0 2.0
   17    16    18    19   2.32500 -1.0 2.0
IPHI
    3     6     5     7   5.25000 -1.0 2.0
    3     7     5     6   5.25000 -1.0 2.0
   12    14    11     8   1.10000 -1.0 2.0
   11    16    12    13   1.00000 -1.0 2.0
   11    18    14    15   1.10000 -1.0 2.0
   12    18    16    17   0.55000 -1.0 2.0
   18    12    16    17   0.55000 -1.0 2.0
   16    14    18    19   1.00000 -1.0 2.0
END
