* LIGAND DATABASE FILE (AMBER99)
*
ILEE   20    19     34     42      95
    1     0 M   N    _N__     2     1.38000   115.36686  -180.00000
    2     1 S   H    _H__     1     1.00968   118.72847    -0.00000
    3     1 M   CT1  _CA_     3     1.46261   122.78219  -180.00000
    4     3 S   HC   _HA_    11     1.11300   107.38443   -64.16939
    5     3 M   CO3  _C__     4     1.53713   108.60148   179.98022
    6     5 S   O2   _O__     5     1.23138   121.28347     0.00000
    7     5 S   O2   _OXT    10     1.34000   115.36688  -179.98022
    8     3 S   CT   _CB_     6     1.55529   111.73715    53.33878
    9     8 S   HC   _HB_    12     1.11300   107.64323    55.70165
   10     8 S   CT   _CG1     7     1.54269   111.26435   -62.01265
   11    10 S   HC   HG12    13     1.11300   107.26938   -58.84274
   12    10 S   HC   HG13    14     1.11300   107.26920    58.60311
   13     8 S   CT   _CG2     8     1.53912   111.06642   173.30461
   14    13 S   HC   HG21    15     1.11300   109.99988  -180.00000
   15    13 S   HC   HG22    16     1.11300   109.45562   -59.70234
   16    13 S   HC   HG23    17     1.11300   109.45562    59.70242
   17    10 S   CT   _CD1     9     1.53712   118.17495   179.87967
   18    17 S   HC   HD11    18     1.11300   110.00004  -180.00000
   19    17 S   HC   HD12    19     1.11300   109.45576   -59.70238
   20    17 S   HC   HD13    20     1.11300   109.45564    59.70247
  10   4  14   7   6   2   1  12   8  10   6   5   4   2   1   1
   3   2   1   1
    3     5     6     8    10    13     7     4     9     2  
    3     5     8     4  
    5     6     8    10    13    17     7     4     9    11    12    14    15    16  
    9     5     6     7     8    10    13  
    6     8    10    13     7     9  
    8     7  
    8  
   10    13    17     9    11    12    14    15    16    18    19    20  
   11    12    14    15    16    10    13    17  
   13    17    11    12    14    15    16    18    19    20  
   12    18    19    20    13    17  
   18    19    20    13    17  
   17    14    15    16  
   15    16  
   16  
    0  
   18    19    20  
   19    20  
   20  
    0  
NBON
    1   1.8240   0.1700  -0.3821   1.9200   1.7000   0.168599800  -5.228863800
    2   0.6000   0.0157   0.2681   0.9960   0.8600   0.079817800  -1.129220000
    3   1.9080   0.1094  -0.3070   1.9750   1.7500   0.000085900  -0.754493700
    4   1.3870   0.0157   0.1375   1.4250   1.2500   0.008394800   0.285390400
    5   1.9080   0.0860   0.8343   2.1120   1.8750  -0.026933700  -0.722204000
    6   1.6612   0.2100  -0.8190   1.6780   1.4800  -0.350477400  15.005156000
    7   1.6612   0.2100  -0.8190   1.6780   1.4800  -0.350477400  15.005156000
    8   1.9080   0.1094   0.1303   1.9750   1.7500   0.000085900  -0.754493700
    9   1.4870   0.0157   0.0187   1.4250   1.2500   0.008394800   0.285390400
   10   1.9080   0.1094  -0.0430   1.9750   1.7500   0.000085900  -0.754493700
   11   1.4870   0.0157   0.0236   1.4250   1.2500   0.008394800   0.285390400
   12   1.4870   0.0157   0.0236   1.4250   1.2500   0.008394800   0.285390400
   13   1.9080   0.1094  -0.3204   1.9750   1.7500   0.000085900  -0.754493700
   14   1.4870   0.0157   0.0882   1.4250   1.2500   0.008394800   0.285390400
   15   1.4870   0.0157   0.0882   1.4250   1.2500   0.008394800   0.285390400
   16   1.4870   0.0157   0.0882   1.4250   1.2500   0.008394800   0.285390400
   17   1.9080   0.1094  -0.0660   1.9750   1.7500   0.000085900  -0.754493700
   18   1.4870   0.0157   0.0186   1.4250   1.2500   0.008394800   0.285390400
   19   1.4870   0.0157   0.0186   1.4250   1.2500   0.008394800   0.285390400
   20   1.4870   0.0157   0.0186   1.4250   1.2500   0.008394800   0.285390400
BOND
    1     3   337.000  1.449
    1     2   434.000  1.010
    3     5   317.000  1.522
    3     4   340.000  1.090
    3     8   310.000  1.526
    5     6   656.000  1.250
    5     7   656.000  1.250
    8    10   310.000  1.526
    8    13   310.000  1.526
    8     9   340.000  1.090
   10    17   310.000  1.526
   10    11   340.000  1.090
   10    12   340.000  1.090
   13    14   340.000  1.090
   13    15   340.000  1.090
   13    16   340.000  1.090
   17    18   340.000  1.090
   17    19   340.000  1.090
   17    20   340.000  1.090
THET
    3     1     2    50.00000  118.04000
    1     3     5    63.00000  110.10000
    1     3     4    50.00000  109.50000
    1     3     8    80.00000  109.70000
    5     3     4    50.00000  109.50000
    5     3     8    63.00000  111.10000
    4     3     8    50.00000  109.50000
    3     5     6    70.00000  117.00000
    3     5     7    70.00000  117.00000
    6     5     7    80.00000  126.00000
    3     8    10    40.00000  109.50000
    3     8    13    40.00000  109.50000
    3     8     9    50.00000  109.50000
   10     8    13    40.00000  109.50000
   10     8     9    50.00000  109.50000
   13     8     9    50.00000  109.50000
    8    10    17    40.00000  109.50000
    8    10    11    50.00000  109.50000
    8    10    12    50.00000  109.50000
   17    10    11    50.00000  109.50000
   17    10    12    50.00000  109.50000
   11    10    12    35.00000  109.50000
    8    13    14    50.00000  109.50000
    8    13    15    50.00000  109.50000
    8    13    16    50.00000  109.50000
   14    13    15    35.00000  109.50000
   14    13    16    35.00000  109.50000
   15    13    16    35.00000  109.50000
   10    17    18    50.00000  109.50000
   10    17    19    50.00000  109.50000
   10    17    20    50.00000  109.50000
   18    17    19    35.00000  109.50000
   18    17    20    35.00000  109.50000
   19    17    20    35.00000  109.50000
PHI
    1     3     8    10   0.15600  1.0 3.0
    1     3     8    13   0.15600  1.0 3.0
    1     3     8     9   0.15600  1.0 3.0
    5     3     8    10   0.15600  1.0 3.0
    5     3     8    13   0.15600  1.0 3.0
    5     3     8     9   0.15600  1.0 3.0
    4     3     8    10   0.15600  1.0 3.0
    4     3     8    13   0.15600  1.0 3.0
    4     3     8     9   0.15600  1.0 3.0
    3     8    10    17   0.20000 -1.0 1.0
    3     8    10    17   0.25000 -1.0 2.0
    3     8    10    17   0.18000  1.0 3.0
    3     8    10    11   0.16000  1.0 3.0
    3     8    10    12   0.16000  1.0 3.0
   13     8    10    17   0.20000 -1.0 1.0
   13     8    10    17   0.25000 -1.0 2.0
   13     8    10    17   0.18000  1.0 3.0
   13     8    10    11   0.16000  1.0 3.0
   13     8    10    12   0.16000  1.0 3.0
    9     8    10    17   0.16000  1.0 3.0
    9     8    10    11   0.15000  1.0 3.0
    9     8    10    12   0.15000  1.0 3.0
    3     8    13    14   0.16000  1.0 3.0
    3     8    13    15   0.16000  1.0 3.0
    3     8    13    16   0.16000  1.0 3.0
   10     8    13    14   0.16000  1.0 3.0
   10     8    13    15   0.16000  1.0 3.0
   10     8    13    16   0.16000  1.0 3.0
    9     8    13    14   0.15000  1.0 3.0
    9     8    13    15   0.15000  1.0 3.0
    9     8    13    16   0.15000  1.0 3.0
    8    10    17    18   0.16000  1.0 3.0
    8    10    17    19   0.16000  1.0 3.0
    8    10    17    20   0.16000  1.0 3.0
   11    10    17    18   0.15000  1.0 3.0
   11    10    17    19   0.15000  1.0 3.0
   11    10    17    20   0.15000  1.0 3.0
   12    10    17    18   0.15000  1.0 3.0
   12    10    17    19   0.15000  1.0 3.0
   12    10    17    20   0.15000  1.0 3.0
IPHI
    3     6     5     7   5.25000 -1.0 2.0
    3     7     5     6   5.25000 -1.0 2.0
END
