* LIGAND DATABASE FILE (AMBER99)
*
LYSB   24    23     43     60     126
    1     0 M   N3   _N__     1    34.27195   130.19582   177.04196
    2     1 S   H    _H1_    22     1.01000   114.74612  -153.07038
    3     1 S   H    _H2_    23     1.01000   135.61354    32.73147
    4     1 S   H    _H3_    24     1.01000    51.60619   111.05237
    5     1 M   CT1  _CA_     2     1.45478    59.23975   -54.24610
    6     5 S   HC   _HA_    13     1.11300   108.46495  -169.66951
    7     5 M   C    _C__     3     1.53467   109.41862    72.18128
    8     7 S   O    _O__     4     1.23139   121.10815     0.01978
    9     5 S   CT   _CB_     5     1.53147   108.74473   -51.89907
   10     9 S   HC   _HB2    14     1.11300   108.51591   -51.94476
   11     9 S   HC   _HB3    15     1.11300   108.51586    66.84368
   12     9 S   CT   _CG_     6     1.53176   113.32620  -172.55062
   13    12 S   HC   _HG2    16     1.11300   108.22338   -57.10711
   14    12 S   HC   _HG3    17     1.11300   108.22324    61.35385
   15    12 S   CT   _CD_     7     1.53383   114.47268  -177.87671
   16    15 S   HC   _HD2    18     1.11300   108.02581   -59.12096
   17    15 S   HC   _HD3    19     1.11300   108.02576    59.12335
   18    15 S   CT   _CE_     8     1.53461   115.24385  -179.98022
   19    18 S   HC   _HE2    20     1.11300   108.59183   -59.43579
   20    18 S   HC   _HE3    21     1.11300   108.59174    59.43885
   21    18 S   NZ1  _NZ_     9     1.47344   113.02797  -179.98022
   22    21 S   H    _HZ1    10     1.01010   110.14768  -166.77425
   23    21 S   H    _HZ2    11     1.01043   109.53580   -44.52488
   24    21 S   H    _HZ3    12     1.01004   108.75204    73.41394
  11   6   5   4  10   6   5   1   9   5   4   9   5   4   9   5
   4   6   5   4   3   2   1   1
    5     7     8     9    12     6    10    11     2     3     4  
    3     4     5     6     7     9  
    4     5     6     7     9  
    5     6     7     9  
    7     8     9    12    15     6    10    11    13    14  
   10    11     7     8     9    12  
    8     9    12    10    11  
    9  
   12    15    18    10    11    13    14    16    17  
   11    13    14    12    15  
   13    14    12    15  
   15    18    21    13    14    16    17    19    20  
   14    16    17    15    18  
   16    17    15    18  
   18    21    22    23    24    16    17    19    20  
   17    19    20    18    21  
   19    20    18    21  
   21    22    23    24    19    20  
   20    21    22    23    24  
   21    22    23    24  
   22    23    24  
   23    24  
   24  
    0  
NBON
    1   1.8750   0.1700   0.0966   2.1000   1.6250  -0.100907100   4.805719700
    2   0.6000   0.0157   0.2165   0.9960   0.8600   0.079817800  -1.129220000
    3   0.6000   0.0157   0.2165   0.9960   0.8600   0.079817800  -1.129220000
    4   0.6000   0.0157   0.2165   0.9960   0.8600   0.079817800  -1.129220000
    5   1.9080   0.1094  -0.0101   1.9750   1.7500   0.000085900  -0.754493700
    6   1.3870   0.0157   0.1180   1.4250   1.2500   0.008394800   0.285390400
    7   1.9080   0.0860   0.7214   2.1120   1.8750  -0.026933700  -0.722204000
    8   1.6612   0.2100  -0.6013   1.6780   1.4800   0.010478200   0.635855300
    9   1.9080   0.1094  -0.0094   1.9750   1.7500   0.000085900  -0.754493700
   10   1.4870   0.0157   0.0362   1.4250   1.2500   0.008394800   0.285390400
   11   1.4870   0.0157   0.0362   1.4250   1.2500   0.008394800   0.285390400
   12   1.9080   0.1094   0.0187   1.9750   1.7500   0.000085900  -0.754493700
   13   1.4870   0.0157   0.0103   1.4250   1.2500   0.008394800   0.285390400
   14   1.4870   0.0157   0.0103   1.4250   1.2500   0.008394800   0.285390400
   15   1.9080   0.1094  -0.0479   1.9750   1.7500   0.000085900  -0.754493700
   16   1.4870   0.0157   0.0621   1.4250   1.2500   0.008394800   0.285390400
   17   1.4870   0.0157   0.0621   1.4250   1.2500   0.008394800   0.285390400
   18   1.9080   0.1094  -0.0143   1.9750   1.7500   0.000085900  -0.754493700
   19   1.1000   0.0157   0.1135   1.4250   1.2500   0.008394800   0.285390400
   20   1.1000   0.0157   0.1135   1.4250   1.2500   0.008394800   0.285390400
   21   1.8750   0.1700  -0.3854   2.1000   1.6250  -0.100907100   4.805719700
   22   0.6000   0.0157   0.3400   0.9960   0.8600   0.079817800  -1.129220000
   23   0.6000   0.0157   0.3400   0.9960   0.8600   0.079817800  -1.129220000
   24   0.6000   0.0157   0.3400   0.9960   0.8600   0.079817800  -1.129220000
BOND
    1     5   367.000  1.471
    1     2   434.000  1.010
    1     3   434.000  1.010
    1     4   434.000  1.010
    5     7   317.000  1.522
    5     6   340.000  1.090
    5     9   310.000  1.526
    7     8   570.000  1.229
    9    12   310.000  1.526
    9    10   340.000  1.090
    9    11   340.000  1.090
   12    15   310.000  1.526
   12    13   340.000  1.090
   12    14   340.000  1.090
   15    18   310.000  1.526
   15    16   340.000  1.090
   15    17   340.000  1.090
   18    21   367.000  1.471
   18    19   340.000  1.090
   18    20   340.000  1.090
   21    22   434.000  1.010
   21    23   434.000  1.010
   21    24   434.000  1.010
THET
    5     1     2    50.00000  109.50000
    5     1     3    50.00000  109.50000
    5     1     4    50.00000  109.50000
    2     1     3    35.00000  109.50000
    2     1     4    35.00000  109.50000
    3     1     4    35.00000  109.50000
    1     5     7    80.00000  111.20000
    1     5     6    50.00000  109.50000
    1     5     9    80.00000  111.20000
    7     5     6    50.00000  109.50000
    7     5     9    63.00000  111.10000
    6     5     9    50.00000  109.50000
    5     7     8    80.00000  120.40000
    5     9    12    40.00000  109.50000
    5     9    10    50.00000  109.50000
    5     9    11    50.00000  109.50000
   12     9    10    50.00000  109.50000
   12     9    11    50.00000  109.50000
   10     9    11    35.00000  109.50000
    9    12    15    40.00000  109.50000
    9    12    13    50.00000  109.50000
    9    12    14    50.00000  109.50000
   15    12    13    50.00000  109.50000
   15    12    14    50.00000  109.50000
   13    12    14    35.00000  109.50000
   12    15    18    40.00000  109.50000
   12    15    16    50.00000  109.50000
   12    15    17    50.00000  109.50000
   18    15    16    50.00000  109.50000
   18    15    17    50.00000  109.50000
   16    15    17    35.00000  109.50000
   15    18    21    80.00000  111.20000
   15    18    19    50.00000  109.50000
   15    18    20    50.00000  109.50000
   21    18    19    50.00000  109.50000
   21    18    20    50.00000  109.50000
   19    18    20    35.00000  109.50000
   18    21    22    50.00000  109.50000
   18    21    23    50.00000  109.50000
   18    21    24    50.00000  109.50000
   22    21    23    35.00000  109.50000
   22    21    24    35.00000  109.50000
   23    21    24    35.00000  109.50000
PHI
    2     1     5     7   0.15600  1.0 3.0
    2     1     5     6   0.15600  1.0 3.0
    2     1     5     9   0.15600  1.0 3.0
    3     1     5     7   0.15600  1.0 3.0
    3     1     5     6   0.15600  1.0 3.0
    3     1     5     9   0.15600  1.0 3.0
    4     1     5     7   0.15600  1.0 3.0
    4     1     5     6   0.15600  1.0 3.0
    4     1     5     9   0.15600  1.0 3.0
    6     5     7     8   0.80000  1.0 1.0
    6     5     7     8   0.08000 -1.0 3.0
    1     5     9    12   0.15600  1.0 3.0
    1     5     9    10   0.15600  1.0 3.0
    1     5     9    11   0.15600  1.0 3.0
    7     5     9    12   0.15600  1.0 3.0
    7     5     9    10   0.15600  1.0 3.0
    7     5     9    11   0.15600  1.0 3.0
    6     5     9    12   0.15600  1.0 3.0
    6     5     9    10   0.15600  1.0 3.0
    6     5     9    11   0.15600  1.0 3.0
    5     9    12    15   0.20000 -1.0 1.0
    5     9    12    15   0.25000 -1.0 2.0
    5     9    12    15   0.18000  1.0 3.0
    5     9    12    13   0.16000  1.0 3.0
    5     9    12    14   0.16000  1.0 3.0
   10     9    12    15   0.16000  1.0 3.0
   10     9    12    13   0.15000  1.0 3.0
   10     9    12    14   0.15000  1.0 3.0
   11     9    12    15   0.16000  1.0 3.0
   11     9    12    13   0.15000  1.0 3.0
   11     9    12    14   0.15000  1.0 3.0
    9    12    15    18   0.20000 -1.0 1.0
    9    12    15    18   0.25000 -1.0 2.0
    9    12    15    18   0.18000  1.0 3.0
    9    12    15    16   0.16000  1.0 3.0
    9    12    15    17   0.16000  1.0 3.0
   13    12    15    18   0.16000  1.0 3.0
   13    12    15    16   0.15000  1.0 3.0
   13    12    15    17   0.15000  1.0 3.0
   14    12    15    18   0.16000  1.0 3.0
   14    12    15    16   0.15000  1.0 3.0
   14    12    15    17   0.15000  1.0 3.0
   12    15    18    21   0.15600  1.0 3.0
   12    15    18    19   0.15600  1.0 3.0
   12    15    18    20   0.15600  1.0 3.0
   16    15    18    21   0.15600  1.0 3.0
   16    15    18    19   0.15600  1.0 3.0
   16    15    18    20   0.15600  1.0 3.0
   17    15    18    21   0.15600  1.0 3.0
   17    15    18    19   0.15600  1.0 3.0
   17    15    18    20   0.15600  1.0 3.0
   15    18    21    22   0.15600  1.0 3.0
   15    18    21    23   0.15600  1.0 3.0
   15    18    21    24   0.15600  1.0 3.0
   19    18    21    22   0.15600  1.0 3.0
   19    18    21    23   0.15600  1.0 3.0
   19    18    21    24   0.15600  1.0 3.0
   20    18    21    22   0.15600  1.0 3.0
   20    18    21    23   0.15600  1.0 3.0
   20    18    21    24   0.15600  1.0 3.0
IPHI
END
