* LIGAND DATABASE FILE (AMBER99)
*
PHE    20    20     32     47      99
    1     0 M   N    _N__     1     1.33000   115.31758   179.98022
    2     1 S   H    _H__    12     1.01000   119.99995    -0.01978
    3     1 M   CT1  _CA_     2     1.45046   123.94331  -180.00000
    4     3 S   HC   _HA_    13     1.09000   109.49992   -57.35695
    5     3 M   C    _C__     3     1.52609   108.26408  -180.00000
    6     5 S   O    _O__     4     1.23206   119.55014    -0.00000
    7     3 S   CT   _CB_     5     1.53440   110.44566    57.35702
    8     7 S   HC   _HB2    14     1.09000   109.50003   -60.01212
    9     7 S   HC   _HB3    15     1.09000   109.50001    59.98784
   10     7 S   CA   _CG_     6     1.51287   115.52636   180.00000
   11    10 S   CA   _CD1     7     1.40625   119.85900    90.00763
   12    11 S   HA   _HD1    16     1.08000   119.99994    -0.28599
   13    10 S   CA   _CD2     8     1.40544   120.14891   -89.97544
   14    13 S   HA   _HD2    17     1.08000   119.99996     0.26020
   15    11 S   CA   _CE1     9     1.40547   120.01148   179.71333
   16    15 S   HA   _HE1    18     1.08000   120.00004  -179.80923
   17    13 S   CA   _CE2    10     1.40630   119.99370  -179.74056
   18    17 S   HA   _HE2    19     1.08000   120.00000   179.86152
   19    15 S   CA   _CZ_    11     1.40526   120.01631     0.19077
   20    19 S   HA   _HZ_    20     1.08000   119.99998   179.94405
   9   4   9   6   5   1   9   4   3   9   8   4   6   3   5   3
   3   2   1   1
    3     5     6     7    10     2     4     8     9  
    4     3     5     7  
    5     6     7    10    11    13     4     8     9  
    8     9     5     6     7    10  
    6     7    10     8     9  
    7  
   10    11    13    15    17     8     9    12    14  
    9    10    11    13  
   10    11    13  
   11    13    15    17    19    12    14    16    18  
   13    15    17    19    12    14    16    20  
   16    13    15    19  
   15    17    19    14    18    20  
   18    17    19  
   17    19    16    18    20  
   20    17    19  
   19    18    20  
   20    19  
   20  
    0  
NBON
    1   1.8240   0.1700  -0.4157   1.9200   1.7000   0.168599800  -5.228863800
    2   0.6000   0.0157   0.2719   0.9960   0.8600   0.079817800  -1.129220000
    3   1.9080   0.1094  -0.0024   1.9750   1.7500   0.000085900  -0.754493700
    4   1.3870   0.0157   0.0978   1.4250   1.2500   0.008394800   0.285390400
    5   1.9080   0.0860   0.5973   2.1120   1.8750  -0.026933700  -0.722204000
    6   1.6612   0.2100  -0.5679   1.6780   1.4800   0.010478200   0.635855300
    7   1.9080   0.1094  -0.0343   1.9750   1.7500   0.000085900  -0.754493700
    8   1.4870   0.0157   0.0295   1.4250   1.2500   0.008394800   0.285390400
    9   1.4870   0.0157   0.0295   1.4250   1.2500   0.008394800   0.285390400
   10   1.9080   0.0860   0.0118   2.0020   1.7750  -0.026970600   0.118943300
   11   1.9080   0.0860  -0.1256   2.0020   1.7750  -0.026970600   0.118943300
   12   1.4590   0.0150   0.1330   1.3810   1.2100   0.048476300  -0.590796200
   13   1.9080   0.0860  -0.1256   2.0020   1.7750  -0.026970600   0.118943300
   14   1.4590   0.0150   0.1330   1.3810   1.2100   0.048476300  -0.590796200
   15   1.9080   0.0860  -0.1704   2.0020   1.7750  -0.026970600   0.118943300
   16   1.4590   0.0150   0.1430   1.3810   1.2100   0.048476300  -0.590796200
   17   1.9080   0.0860  -0.1704   2.0020   1.7750  -0.026970600   0.118943300
   18   1.4590   0.0150   0.1430   1.3810   1.2100   0.048476300  -0.590796200
   19   1.9080   0.0860  -0.1072   2.0020   1.7750  -0.026970600   0.118943300
   20   1.4590   0.0150   0.1297   1.3810   1.2100   0.048476300  -0.590796200
BOND
    1     3   337.000  1.449
    1     2   434.000  1.010
    3     5   317.000  1.522
    3     4   340.000  1.090
    3     7   310.000  1.526
    5     6   570.000  1.229
    7    10   317.000  1.510
    7     8   340.000  1.090
    7     9   340.000  1.090
   10    11   469.000  1.400
   10    13   469.000  1.400
   11    15   469.000  1.400
   11    12   367.000  1.080
   13    17   469.000  1.400
   13    14   367.000  1.080
   15    19   469.000  1.400
   15    16   367.000  1.080
   17    19   469.000  1.400
   17    18   367.000  1.080
   19    20   367.000  1.080
THET
    3     1     2    50.00000  118.04000
    1     3     5    63.00000  110.10000
    1     3     4    50.00000  109.50000
    1     3     7    80.00000  109.70000
    5     3     4    50.00000  109.50000
    5     3     7    63.00000  111.10000
    4     3     7    50.00000  109.50000
    3     5     6    80.00000  120.40000
    3     7    10    63.00000  114.00000
    3     7     8    50.00000  109.50000
    3     7     9    50.00000  109.50000
   10     7     8    50.00000  109.50000
   10     7     9    50.00000  109.50000
    8     7     9    35.00000  109.50000
    7    10    11    70.00000  120.00000
    7    10    13    70.00000  120.00000
   11    10    13    63.00000  120.00000
   10    11    15    63.00000  120.00000
   10    11    12    50.00000  120.00000
   15    11    12    50.00000  120.00000
   10    13    17    63.00000  120.00000
   10    13    14    50.00000  120.00000
   17    13    14    50.00000  120.00000
   11    15    19    63.00000  120.00000
   11    15    16    50.00000  120.00000
   19    15    16    50.00000  120.00000
   13    17    19    63.00000  120.00000
   13    17    18    50.00000  120.00000
   19    17    18    50.00000  120.00000
   15    19    17    63.00000  120.00000
   15    19    20    50.00000  120.00000
   17    19    20    50.00000  120.00000
PHI
    4     3     5     6   0.80000  1.0 1.0
    4     3     5     6   0.08000 -1.0 3.0
    1     3     7    10   0.15600  1.0 3.0
    1     3     7     8   0.15600  1.0 3.0
    1     3     7     9   0.15600  1.0 3.0
    5     3     7    10   0.15600  1.0 3.0
    5     3     7     8   0.15600  1.0 3.0
    5     3     7     9   0.15600  1.0 3.0
    4     3     7    10   0.15600  1.0 3.0
    4     3     7     8   0.15600  1.0 3.0
    4     3     7     9   0.15600  1.0 3.0
    7    10    11    15   3.62500 -1.0 2.0
    7    10    11    12   3.62500 -1.0 2.0
   13    10    11    15   3.62500 -1.0 2.0
   13    10    11    12   3.62500 -1.0 2.0
    7    10    13    17   3.62500 -1.0 2.0
    7    10    13    14   3.62500 -1.0 2.0
   11    10    13    17   3.62500 -1.0 2.0
   11    10    13    14   3.62500 -1.0 2.0
   10    11    15    19   3.62500 -1.0 2.0
   10    11    15    16   3.62500 -1.0 2.0
   12    11    15    19   3.62500 -1.0 2.0
   12    11    15    16   3.62500 -1.0 2.0
   10    13   -17    19   3.62500 -1.0 2.0
   10    13    17    18   3.62500 -1.0 2.0
   14    13    17    19   3.62500 -1.0 2.0
   14    13    17    18   3.62500 -1.0 2.0
   11    15   -19    17   3.62500 -1.0 2.0
   11    15    19    20   3.62500 -1.0 2.0
   16    15    19    17   3.62500 -1.0 2.0
   16    15    19    20   3.62500 -1.0 2.0
   13    17   -19    15   3.62500 -1.0 2.0
   13    17    19    20   3.62500 -1.0 2.0
   18    17    19    15   3.62500 -1.0 2.0
   18    17    19    20   3.62500 -1.0 2.0
IPHI
   11    13    10     7   0.55000 -1.0 2.0
   13    11    10     7   0.55000 -1.0 2.0
   10    15    11    12   0.55000 -1.0 2.0
   15    10    11    12   0.55000 -1.0 2.0
   10    17    13    14   0.55000 -1.0 2.0
   17    10    13    14   0.55000 -1.0 2.0
   11    19    15    16   0.55000 -1.0 2.0
   19    11    15    16   0.55000 -1.0 2.0
   13    19    17    18   0.55000 -1.0 2.0
   19    13    17    18   0.55000 -1.0 2.0
   15    17    19    20   0.55000 -1.0 2.0
   17    15    19    20   0.55000 -1.0 2.0
END
