* LIGAND DATABASE FILE (AMBER99)
*
PRO    14    14     26     31      71
    1     0 M   N    _N__     1     1.33500   116.60000   180.00000
    2     1 M   CT1  _CA_     2     1.44900   121.90000   180.00000
    3     2 S   HC   _HA_     3     1.09000   109.50000    45.00000
    4     2 M   C    _C__     4     1.52200   110.10000   -75.00000
    5     4 S   O    _O__     5     1.22900   120.40000     0.00000
    6     2 S   CT   _CB_     6     1.52900   104.50000   165.00000
    7     6 S   HC   _HB2     7     1.09000   110.70000   150.00000
    8     6 S   HC   _HB3     8     1.09000   110.70000   -90.00000
    9     6 S   CT   _CG_     9     1.52900   104.50000    30.00000
   10     9 S   HC   _HG2    10     1.09000   110.70000    90.00000
   11     9 S   HC   _HG3    11     1.09000   110.70000  -150.00000
   12     9 S   CP1  _CD_    12     1.52900   104.50000   -30.00000
   13    12 S   HC   _HD2    13     1.09000   110.70000   150.00000
   14    12 S   HC   _HD3    14     1.09000   110.70000   -90.00000
  13  12   7   6   1   8   5   4   5   4   3   2   1   1
    2     3     4     5     6     7     8     9    10    11    12    13    14  
    3     4     5     6     7     8     9    10    11    12    13    14  
    4     5     6     7     8     9    12  
    5     6     7     8     9    12  
    6  
    7     8     9    10    11    12    13    14  
    8     9    10    11    12  
    9    10    11    12  
   10    11    12    13    14  
   11    12    13    14  
   12    13    14  
   13    14  
   14  
    0  
NBON
    1   1.8240   0.1700  -0.2548   1.9200   1.7000   0.168599800  -5.228863800
    2   1.9080   0.1094  -0.0266   1.9750   1.7500   0.000085900  -0.754493700
    3   1.3870   0.0157   0.0641   1.4250   1.2500   0.008394800   0.285390400
    4   1.9080   0.0860   0.5896   2.1120   1.8750  -0.026933700  -0.722204000
    5   1.6612   0.2100  -0.5748   1.6780   1.4800   0.010478200   0.635855300
    6   1.9080   0.1094  -0.0070   1.9750   1.7500   0.000085900  -0.754493700
    7   1.4870   0.0157   0.0253   1.4250   1.2500   0.008394800   0.285390400
    8   1.4870   0.0157   0.0253   1.4250   1.2500   0.008394800   0.285390400
    9   1.9080   0.1094   0.0189   1.9750   1.7500   0.000085900  -0.754493700
   10   1.4870   0.0157   0.0213   1.4250   1.2500   0.008394800   0.285390400
   11   1.4870   0.0157   0.0213   1.4250   1.2500   0.008394800   0.285390400
   12   1.9080   0.1094   0.0192   1.9750   1.7500   0.000085900  -0.754493700
   13   1.3870   0.0157   0.0391   1.4250   1.2500   0.008394800   0.285390400
   14   1.3870   0.0157   0.0391   1.4250   1.2500   0.008394800   0.285390400
BOND
    1     2   337.000  1.449
    1    12   337.000  1.449
    2     4   317.000  1.522
    2     3   340.000  1.090
    2     6   310.000  1.526
    4     5   570.000  1.229
    6     9   310.000  1.526
    6     7   340.000  1.090
    6     8   340.000  1.090
    9    12   310.000  1.526
    9    10   340.000  1.090
    9    11   340.000  1.090
   12    13   340.000  1.090
   12    14   340.000  1.090
THET
    2     1    12    50.00000  118.00000
    1     2     4    63.00000  110.10000
    1     2     3    50.00000  109.50000
    1     2     6    80.00000  109.70000
    4     2     3    50.00000  109.50000
    4     2     6    63.00000  111.10000
    3     2     6    50.00000  109.50000
    2     4     5    80.00000  120.40000
    2     6     9    40.00000  109.50000
    2     6     7    50.00000  109.50000
    2     6     8    50.00000  109.50000
    9     6     7    50.00000  109.50000
    9     6     8    50.00000  109.50000
    7     6     8    35.00000  109.50000
    6     9    12    40.00000  109.50000
    6     9    10    50.00000  109.50000
    6     9    11    50.00000  109.50000
   12     9    10    50.00000  109.50000
   12     9    11    50.00000  109.50000
   10     9    11    35.00000  109.50000
    1    12     9    80.00000  109.70000
    1    12    13    50.00000  109.50000
    1    12    14    50.00000  109.50000
    9    12    13    50.00000  109.50000
    9    12    14    50.00000  109.50000
   13    12    14    35.00000  109.50000
PHI
    3     2     4     5   0.80000  1.0 1.0
    3     2     4     5   0.08000 -1.0 3.0
    1     2     6     9   0.15600  1.0 3.0
    1     2     6     7   0.15600  1.0 3.0
    1     2     6     8   0.15600  1.0 3.0
    4     2     6     9   0.15600  1.0 3.0
    4     2     6     7   0.15600  1.0 3.0
    4     2     6     8   0.15600  1.0 3.0
    3     2     6     9   0.15600  1.0 3.0
    3     2     6     7   0.15600  1.0 3.0
    3     2     6     8   0.15600  1.0 3.0
    2     6     9    12   0.20000 -1.0 1.0
    2     6     9    12   0.25000 -1.0 2.0
    2     6     9    12   0.18000  1.0 3.0
    2     6     9    10   0.16000  1.0 3.0
    2     6     9    11   0.16000  1.0 3.0
    7     6     9    12   0.16000  1.0 3.0
    7     6     9    10   0.15000  1.0 3.0
    7     6     9    11   0.15000  1.0 3.0
    8     6     9    12   0.16000  1.0 3.0
    8     6     9    10   0.15000  1.0 3.0
    8     6     9    11   0.15000  1.0 3.0
    6     9    12     1   0.15600  1.0 3.0
    6     9    12    13   0.15600  1.0 3.0
    6     9    12    14   0.15600  1.0 3.0
   10     9    12     1   0.15600  1.0 3.0
   10     9    12    13   0.15600  1.0 3.0
   10     9    12    14   0.15600  1.0 3.0
   11     9    12     1   0.15600  1.0 3.0
   11     9    12    13   0.15600  1.0 3.0
   11     9    12    14   0.15600  1.0 3.0
IPHI
END
