* LIGAND DATABASE FILE (AMBER99)
*
PROB   16    16     31     49      96
    1     0 M   N3   _N__     1     5.49187   138.47155   164.85275
    2     1 S   H    _H1_     2     1.01061   166.32563   -56.10205
    3     1 S   H    _H2_     3     1.00981    75.48846  -168.95275
    4     1 M   CT1  _CA_     4     1.46144    57.85118   -45.37956
    5     4 S   HC   _HA_     5     1.11286   109.68675   -68.02400
    6     4 M   C    _C__     6     1.53597   111.00405   170.56208
    7     6 S   O    _O__     7     1.23106   120.71822     0.02798
    8     4 S   CT   _CB_     8     1.53063   103.60687    49.04996
    9     8 S   HC   _HB2     9     1.11312   110.94232   150.61668
   10     8 S   HC   _HB3    10     1.11267   110.94202   -87.59803
   11     8 S   CT   _CG_    11     1.51844   103.58293    31.50696
   12    11 S   HC   _HG2    12     1.11296   111.21203    81.25431
   13    11 S   HC   _HG3    13     1.11370   111.22110  -156.59718
   14    11 S   CT   _CD_    14     1.52122   102.47230   -37.66456
   15    14 S   HC   _HD2    15     1.11318   110.58343   149.18860
   16    14 S   HC   _HD3    16     1.11360   110.55733   -89.53477
  15   9   8  12   7   6   1   8   5   4   5   4   3   2   1   1
    2     3     4     5     6     7     8     9    10    11    12    13    14    15    16  
    3     4     5     6     8    11    14    15    16  
    4     5     6     8    11    14    15    16  
    5     6     7     8     9    10    11    12    13    14    15    16  
    6     7     8     9    10    11    14  
    7     8     9    10    11    14  
    8  
    9    10    11    12    13    14    15    16  
   10    11    12    13    14  
   11    12    13    14  
   12    13    14    15    16  
   13    14    15    16  
   14    15    16  
   15    16  
   16  
    0  
NBON
    1   1.8750   0.1700  -0.2020   2.1000   1.6250  -0.100907100   4.805719700
    2   0.6000   0.0157   0.3120   0.9960   0.8600   0.079817800  -1.129220000
    3   0.6000   0.0157   0.3120   0.9960   0.8600   0.079817800  -1.129220000
    4   1.9080   0.1094   0.1589   1.9750   1.7500   0.000085900  -0.754493700
    5   1.3870   0.0157   0.1000   1.4250   1.2500   0.008394800   0.285390400
    6   1.9080   0.0860   0.5260   2.1120   1.8750  -0.026933700  -0.722204000
    7   1.6612   0.2100  -0.5000   1.6780   1.4800   0.010478200   0.635855300
    8   1.9080   0.1094  -0.0070   1.9750   1.7500   0.000085900  -0.754493700
    9   1.4870   0.0157   0.0253   1.4250   1.2500   0.008394800   0.285390400
   10   1.4870   0.0157   0.0253   1.4250   1.2500   0.008394800   0.285390400
   11   1.9080   0.1094   0.0189   1.9750   1.7500   0.000085900  -0.754493700
   12   1.4870   0.0157   0.0213   1.4250   1.2500   0.008394800   0.285390400
   13   1.4870   0.0157   0.0213   1.4250   1.2500   0.008394800   0.285390400
   14   1.9080   0.1094  -0.0120   1.9750   1.7500   0.000085900  -0.754493700
   15   1.1000   0.0157   0.1000   1.4250   1.2500   0.008394800   0.285390400
   16   1.1000   0.0157   0.1000   1.4250   1.2500   0.008394800   0.285390400
BOND
    1     4   367.000  1.471
    1     3   434.000  1.010
    1     2   434.000  1.010
    1    14   367.000  1.471
    4     6   317.000  1.522
    4     5   340.000  1.090
    4     8   310.000  1.526
    6     7   570.000  1.229
    8    11   310.000  1.526
    8     9   340.000  1.090
    8    10   340.000  1.090
   11    14   310.000  1.526
   11    12   340.000  1.090
   11    13   340.000  1.090
   14    15   340.000  1.090
   14    16   340.000  1.090
THET
    4     1     3    50.00000  109.50000
    4     1     2    50.00000  109.50000
    4     1    14    50.00000  109.50000
    3     1     2    35.00000  109.50000
    3     1    14    50.00000  109.50000
    2     1    14    50.00000  109.50000
    1     4     6    80.00000  111.20000
    1     4     5    50.00000  109.50000
    1     4     8    80.00000  111.20000
    6     4     5    50.00000  109.50000
    6     4     8    63.00000  111.10000
    5     4     8    50.00000  109.50000
    4     6     7    80.00000  120.40000
    4     8    11    40.00000  109.50000
    4     8     9    50.00000  109.50000
    4     8    10    50.00000  109.50000
   11     8     9    50.00000  109.50000
   11     8    10    50.00000  109.50000
    9     8    10    35.00000  109.50000
    8    11    14    40.00000  109.50000
    8    11    12    50.00000  109.50000
    8    11    13    50.00000  109.50000
   14    11    12    50.00000  109.50000
   14    11    13    50.00000  109.50000
   12    11    13    35.00000  109.50000
    1    14    11    80.00000  111.20000
    1    14    15    50.00000  109.50000
    1    14    16    50.00000  109.50000
   11    14    15    50.00000  109.50000
   11    14    16    50.00000  109.50000
   15    14    16    35.00000  109.50000
PHI
    3     1     4     6   0.15600  1.0 3.0
    3     1     4     5   0.15600  1.0 3.0
    3     1     4     8   0.15600  1.0 3.0
    2     1     4     6   0.15600  1.0 3.0
    2     1     4     5   0.15600  1.0 3.0
    2     1     4     8   0.15600  1.0 3.0
   14     1     4     6   0.15600  1.0 3.0
   14     1     4     5   0.15600  1.0 3.0
   14     1     4     8   0.15600  1.0 3.0
    4     1    14    11   0.15600  1.0 3.0
    4     1    14    15   0.15600  1.0 3.0
    4     1    14    16   0.15600  1.0 3.0
    3     1    14    11   0.15600  1.0 3.0
    3     1    14    15   0.15600  1.0 3.0
    3     1    14    16   0.15600  1.0 3.0
    2     1    14    11   0.15600  1.0 3.0
    2     1    14    15   0.15600  1.0 3.0
    2     1    14    16   0.15600  1.0 3.0
    5     4     6     7   0.80000  1.0 1.0
    5     4     6     7   0.08000 -1.0 3.0
    1     4     8    11   0.15600  1.0 3.0
    1     4     8     9   0.15600  1.0 3.0
    1     4     8    10   0.15600  1.0 3.0
    6     4     8    11   0.15600  1.0 3.0
    6     4     8     9   0.15600  1.0 3.0
    6     4     8    10   0.15600  1.0 3.0
    5     4     8    11   0.15600  1.0 3.0
    5     4     8     9   0.15600  1.0 3.0
    5     4     8    10   0.15600  1.0 3.0
    4     8    11    14   0.20000 -1.0 1.0
    4     8    11    14   0.25000 -1.0 2.0
    4     8    11    14   0.18000  1.0 3.0
    4     8    11    12   0.16000  1.0 3.0
    4     8    11    13   0.16000  1.0 3.0
    9     8    11    14   0.16000  1.0 3.0
    9     8    11    12   0.15000  1.0 3.0
    9     8    11    13   0.15000  1.0 3.0
   10     8    11    14   0.16000  1.0 3.0
   10     8    11    12   0.15000  1.0 3.0
   10     8    11    13   0.15000  1.0 3.0
    8    11    14     1   0.15600  1.0 3.0
    8    11    14    15   0.15600  1.0 3.0
    8    11    14    16   0.15600  1.0 3.0
   12    11    14     1   0.15600  1.0 3.0
   12    11    14    15   0.15600  1.0 3.0
   12    11    14    16   0.15600  1.0 3.0
   13    11    14     1   0.15600  1.0 3.0
   13    11    14    15   0.15600  1.0 3.0
   13    11    14    16   0.15600  1.0 3.0
IPHI
END
