* LIGAND DATABASE FILE (AMBER99)
*
PROE   15    15     28     31      74
    1     0 M   N    _N__     1     1.38037   115.58721  -179.97202
    2     1 M   CT1  _CA_     2     1.46078   137.62318  -179.95577
    3     2 S   HC   _HA_     3     1.11235   109.76130    49.71319
    4     2 M   CO3  _C__     4     1.53682   110.99804   -71.67127
    5     4 S   O2   _O__     5     1.23139   120.65779     0.02798
    6     4 S   O2   _OXT     6     1.36380   115.61507  -180.00000
    7     2 S   CT   _CB_     7     1.53016   103.62783   166.84914
    8     7 S   HC   _HB2     8     1.11329   110.93901   150.60272
    9     7 S   HC   _HB3     9     1.11295   110.92591   -87.62029
   10     7 S   CT   _CG_    10     1.51863   103.60628    31.49853
   11    10 S   HC   _HG2    11     1.11295   111.24353    81.23767
   12    10 S   HC   _HG3    12     1.11277   111.25618  -156.56783
   13    10 S   CP1  _CD_    13     1.52230   102.43091   -37.68205
   14    13 S   HC   _HD2    14     1.11354   110.53266   149.17407
   15    13 S   HC   _HD3    15     1.11271   110.56737   -89.56852
  14  13   8   7   2   1   8   5   4   5   4   3   2   1   1
    2     3     4     5     6     7     8     9    10    11    12    13    14    15  
    3     4     5     6     7     8     9    10    11    12    13    14    15  
    4     5     6     7     8     9    10    13  
    5     6     7     8     9    10    13  
    6     7  
    7  
    8     9    10    11    12    13    14    15  
    9    10    11    12    13  
   10    11    12    13  
   11    12    13    14    15  
   12    13    14    15  
   13    14    15  
   14    15  
   15  
    0  
NBON
    1   1.8240   0.1700  -0.2802   1.9200   1.7000   0.168599800  -5.228863800
    2   1.9080   0.1094  -0.1236   1.9750   1.7500   0.000085900  -0.754493700
    3   1.3870   0.0157   0.0776   1.4250   1.2500   0.008394800   0.285390400
    4   1.9080   0.0860   0.6631   2.1120   1.8750  -0.026933700  -0.722204000
    5   1.6612   0.2100  -0.7697   1.6780   1.4800  -0.350477400  15.005156000
    6   1.6612   0.2100  -0.7697   1.6780   1.4800  -0.350477400  15.005156000
    7   1.9080   0.1094  -0.0070   1.9750   1.7500   0.000085900  -0.754493700
    8   1.4870   0.0157   0.0253   1.4250   1.2500   0.008394800   0.285390400
    9   1.4870   0.0157   0.0253   1.4250   1.2500   0.008394800   0.285390400
   10   1.9080   0.1094   0.0189   1.9750   1.7500   0.000085900  -0.754493700
   11   1.4870   0.0157   0.0213   1.4250   1.2500   0.008394800   0.285390400
   12   1.4870   0.0157   0.0213   1.4250   1.2500   0.008394800   0.285390400
   13   1.9080   0.1094   0.0192   1.9750   1.7500   0.000085900  -0.754493700
   14   1.3870   0.0157   0.0391   1.4250   1.2500   0.008394800   0.285390400
   15   1.3870   0.0157   0.0391   1.4250   1.2500   0.008394800   0.285390400
BOND
    1     2   337.000  1.449
    1    13   337.000  1.449
    2     4   317.000  1.522
    2     3   340.000  1.090
    2     7   310.000  1.526
    4     5   656.000  1.250
    4     6   656.000  1.250
    7    10   310.000  1.526
    7     8   340.000  1.090
    7     9   340.000  1.090
   10    13   310.000  1.526
   10    11   340.000  1.090
   10    12   340.000  1.090
   13    14   340.000  1.090
   13    15   340.000  1.090
THET
    2     1    13    50.00000  118.00000
    1     2     4    63.00000  110.10000
    1     2     3    50.00000  109.50000
    1     2     7    80.00000  109.70000
    4     2     3    50.00000  109.50000
    4     2     7    63.00000  111.10000
    3     2     7    50.00000  109.50000
    2     4     5    70.00000  117.00000
    2     4     6    70.00000  117.00000
    5     4     6    80.00000  126.00000
    2     7    10    40.00000  109.50000
    2     7     8    50.00000  109.50000
    2     7     9    50.00000  109.50000
   10     7     8    50.00000  109.50000
   10     7     9    50.00000  109.50000
    8     7     9    35.00000  109.50000
    7    10    13    40.00000  109.50000
    7    10    11    50.00000  109.50000
    7    10    12    50.00000  109.50000
   13    10    11    50.00000  109.50000
   13    10    12    50.00000  109.50000
   11    10    12    35.00000  109.50000
    1    13    10    80.00000  109.70000
    1    13    14    50.00000  109.50000
    1    13    15    50.00000  109.50000
   10    13    14    50.00000  109.50000
   10    13    15    50.00000  109.50000
   14    13    15    35.00000  109.50000
PHI
    1     2     7    10   0.15600  1.0 3.0
    1     2     7     8   0.15600  1.0 3.0
    1     2     7     9   0.15600  1.0 3.0
    4     2     7    10   0.15600  1.0 3.0
    4     2     7     8   0.15600  1.0 3.0
    4     2     7     9   0.15600  1.0 3.0
    3     2     7    10   0.15600  1.0 3.0
    3     2     7     8   0.15600  1.0 3.0
    3     2     7     9   0.15600  1.0 3.0
    2     7    10    13   0.20000 -1.0 1.0
    2     7    10    13   0.25000 -1.0 2.0
    2     7    10    13   0.18000  1.0 3.0
    2     7    10    11   0.16000  1.0 3.0
    2     7    10    12   0.16000  1.0 3.0
    8     7    10    13   0.16000  1.0 3.0
    8     7    10    11   0.15000  1.0 3.0
    8     7    10    12   0.15000  1.0 3.0
    9     7    10    13   0.16000  1.0 3.0
    9     7    10    11   0.15000  1.0 3.0
    9     7    10    12   0.15000  1.0 3.0
    7    10    13     1   0.15600  1.0 3.0
    7    10    13    14   0.15600  1.0 3.0
    7    10    13    15   0.15600  1.0 3.0
   11    10    13     1   0.15600  1.0 3.0
   11    10    13    14   0.15600  1.0 3.0
   11    10    13    15   0.15600  1.0 3.0
   12    10    13     1   0.15600  1.0 3.0
   12    10    13    14   0.15600  1.0 3.0
   12    10    13    15   0.15600  1.0 3.0
IPHI
    2     5     4     6   5.25000 -1.0 2.0
    2     6     4     5   5.25000 -1.0 2.0
END
