* LIGAND DATABASE FILE (AMBER99)
*
SER    11    10     15     15      40
    1     0 M   N    _N__     1     1.33000   115.61021   180.00000
    2     1 S   H    _H__     7     1.01000   120.00002    -0.02798
    3     1 M   CT1  _CA_     2     1.45197   124.49229   180.00000
    4     3 S   HC   _HA_     8     1.09000   109.50004   -56.64792
    5     3 M   C    _C__     3     1.53725   110.51892   180.00000
    6     5 S   O    _O__     4     1.22925   121.07032     0.02798
    7     3 S   CT   _CB_     5     1.53393   106.56370    56.64793
    8     7 S   HC   _HB2     9     1.09000   109.49995   -60.02904
    9     7 S   HC   _HB3    10     1.09000   109.50002    59.97089
   10     7 S   OH   _OG_     6     1.43280   109.89487   179.97202
   11    10 S   HO   _HG_    11     0.96000   109.49994  -180.00000
   9   4   8   6   5   1   4   3   2   1   1
    3     5     6     7    10     2     4     8     9  
    4     3     5     7  
    5     6     7    10     4     8     9    11  
    8     9     5     6     7    10  
    6     7    10     8     9  
    7  
   10     8     9    11  
    9    11    10  
   11    10  
   11  
    0  
NBON
    1   1.8240   0.1700  -0.4157   1.9200   1.7000   0.168599800  -5.228863800
    2   0.6000   0.0157   0.2719   0.9960   0.8600   0.079817800  -1.129220000
    3   1.9080   0.1094  -0.0249   1.9750   1.7500   0.000085900  -0.754493700
    4   1.3870   0.0157   0.0843   1.4250   1.2500   0.008394800   0.285390400
    5   1.9080   0.0860   0.5973   2.1120   1.8750  -0.026933700  -0.722204000
    6   1.6612   0.2100  -0.5679   1.6780   1.4800   0.010478200   0.635855300
    7   1.9080   0.1094   0.2117   1.9750   1.7500   0.000085900  -0.754493700
    8   1.3870   0.0157   0.0352   1.4250   1.2500   0.008394800   0.285390400
    9   1.3870   0.0157   0.0352   1.4250   1.2500   0.008394800   0.285390400
   10   1.7210   0.2104  -0.6546   1.7660   1.5600   0.009360800   0.302472000
   11   0.0000   0.0000   0.4275   0.9960   0.8600   0.079817800  -1.129220000
BOND
    1     3   337.000  1.449
    1     2   434.000  1.010
    3     5   317.000  1.522
    3     4   340.000  1.090
    3     7   310.000  1.526
    5     6   570.000  1.229
    7    10   320.000  1.410
    7     8   340.000  1.090
    7     9   340.000  1.090
   10    11   553.000  0.960
THET
    3     1     2    50.00000  118.04000
    1     3     5    63.00000  110.10000
    1     3     4    50.00000  109.50000
    1     3     7    80.00000  109.70000
    5     3     4    50.00000  109.50000
    5     3     7    63.00000  111.10000
    4     3     7    50.00000  109.50000
    3     5     6    80.00000  120.40000
    3     7    10    50.00000  109.50000
    3     7     8    50.00000  109.50000
    3     7     9    50.00000  109.50000
   10     7     8    50.00000  109.50000
   10     7     9    50.00000  109.50000
    8     7     9    35.00000  109.50000
    7    10    11    55.00000  108.50000
PHI
    4     3     5     6   0.80000  1.0 1.0
    4     3     5     6   0.08000 -1.0 3.0
    1     3     7    10   0.15600  1.0 3.0
    1     3     7     8   0.15600  1.0 3.0
    1     3     7     9   0.15600  1.0 3.0
    5     3     7    10   0.15600  1.0 3.0
    5     3     7     8   0.15600  1.0 3.0
    5     3     7     9   0.15600  1.0 3.0
    4     3     7    10   0.15600  1.0 3.0
    4     3     7     8   0.15600  1.0 3.0
    4     3     7     9   0.15600  1.0 3.0
    3     7    10    11   0.02500  1.0 1.0
    3     7    10    11   0.16000  1.0 3.0
    8     7    10    11   0.16700  1.0 3.0
    9     7    10    11   0.16700  1.0 3.0
IPHI
END
