* LIGAND DATABASE FILE (AMBER99)
*
THR    14    13     21     28      62
    1     0 M   N    _N__     1     1.33000   115.39859  -180.00000
    2     1 S   H    _H__     8     1.01000   119.99999    -0.01978
    3     1 M   CT1  _CA_     2     1.45306   124.09908  -180.00000
    4     3 S   HC   _HA_     9     1.09000   109.49995   -55.06078
    5     3 M   C    _C__     3     1.53295   107.44434   180.00000
    6     5 S   O    _O__     4     1.23358   119.77895     0.01978
    7     3 S   CT   _CB_     5     1.54521   111.47333    55.06070
    8     7 S   HC   _HB_    10     1.09000   109.50002    62.73012
    9     7 S   OH   _OG1     6     1.43159   109.02479   -58.62410
   10     9 S   HO   _HG1    11     0.96000   109.49996   180.00000
   11     7 S   CT   _CG2     7     1.53357   113.40286  -180.00000
   12    11 S   HC   HG21    12     1.09000   109.49999   180.00000
   13    11 S   HC   HG22    13     1.09000   109.49995   -59.99996
   14    11 S   HC   HG23    14     1.09000   109.49993    59.99991
   9   4  11   6   5   1   7   6   5   1   3   2   1   1
    3     5     6     7     9    11     2     4     8  
    4     3     5     7  
    5     6     7     9    11     4     8    10    12    13    14  
    8     5     6     7     9    11  
    6     7     9    11     8  
    7  
    9    11     8    10    12    13    14  
   10    12    13    14     9    11  
   11    10    12    13    14  
   11  
   12    13    14  
   13    14  
   14  
    0  
NBON
    1   1.8240   0.1700  -0.4157   1.9200   1.7000   0.168599800  -5.228863800
    2   0.6000   0.0157   0.2719   0.9960   0.8600   0.079817800  -1.129220000
    3   1.9080   0.1094  -0.0389   1.9750   1.7500   0.000085900  -0.754493700
    4   1.3870   0.0157   0.1007   1.4250   1.2500   0.008394800   0.285390400
    5   1.9080   0.0860   0.5973   2.1120   1.8750  -0.026933700  -0.722204000
    6   1.6612   0.2100  -0.5679   1.6780   1.4800   0.010478200   0.635855300
    7   1.9080   0.1094   0.3654   1.9750   1.7500   0.000085900  -0.754493700
    8   1.3870   0.0157   0.0043   1.4250   1.2500   0.008394800   0.285390400
    9   1.7210   0.2104  -0.6761   1.7660   1.5600   0.009360800   0.302472000
   10   0.0000   0.0000   0.4102   0.9960   0.8600   0.079817800  -1.129220000
   11   1.9080   0.1094  -0.2438   1.9750   1.7500   0.000085900  -0.754493700
   12   1.4870   0.0157   0.0642   1.4250   1.2500   0.008394800   0.285390400
   13   1.4870   0.0157   0.0642   1.4250   1.2500   0.008394800   0.285390400
   14   1.4870   0.0157   0.0642   1.4250   1.2500   0.008394800   0.285390400
BOND
    1     3   337.000  1.449
    1     2   434.000  1.010
    3     5   317.000  1.522
    3     4   340.000  1.090
    3     7   310.000  1.526
    5     6   570.000  1.229
    7     9   320.000  1.410
    7    11   310.000  1.526
    7     8   340.000  1.090
    9    10   553.000  0.960
   11    12   340.000  1.090
   11    13   340.000  1.090
   11    14   340.000  1.090
THET
    3     1     2    50.00000  118.04000
    1     3     5    63.00000  110.10000
    1     3     4    50.00000  109.50000
    1     3     7    80.00000  109.70000
    5     3     4    50.00000  109.50000
    5     3     7    63.00000  111.10000
    4     3     7    50.00000  109.50000
    3     5     6    80.00000  120.40000
    3     7     9    50.00000  109.50000
    3     7    11    40.00000  109.50000
    3     7     8    50.00000  109.50000
    9     7    11    50.00000  109.50000
    9     7     8    50.00000  109.50000
   11     7     8    50.00000  109.50000
    7     9    10    55.00000  108.50000
    7    11    12    50.00000  109.50000
    7    11    13    50.00000  109.50000
    7    11    14    50.00000  109.50000
   12    11    13    35.00000  109.50000
   12    11    14    35.00000  109.50000
   13    11    14    35.00000  109.50000
PHI
    4     3     5     6   0.80000  1.0 1.0
    4     3     5     6   0.08000 -1.0 3.0
    1     3     7     9   0.15600  1.0 3.0
    1     3     7    11   0.15600  1.0 3.0
    1     3     7     8   0.15600  1.0 3.0
    5     3     7     9   0.15600  1.0 3.0
    5     3     7    11   0.15600  1.0 3.0
    5     3     7     8   0.15600  1.0 3.0
    4     3     7     9   0.15600  1.0 3.0
    4     3     7    11   0.15600  1.0 3.0
    4     3     7     8   0.15600  1.0 3.0
    3     7     9    10   0.02500  1.0 1.0
    3     7     9    10   0.16000  1.0 3.0
   11     7     9    10   0.02500  1.0 1.0
   11     7     9    10   0.16000  1.0 3.0
    8     7     9    10   0.16700  1.0 3.0
    3     7    11    12   0.16000  1.0 3.0
    3     7    11    13   0.16000  1.0 3.0
    3     7    11    14   0.16000  1.0 3.0
    9     7    11    12   0.25000  1.0 1.0
    9     7    11    12   0.15600  1.0 3.0
    9     7    11    13   0.25000  1.0 1.0
    9     7    11    13   0.15600  1.0 3.0
    9     7    11    14   0.25000  1.0 1.0
    9     7    11    14   0.15600  1.0 3.0
    8     7    11    12   0.15600  1.0 3.0
    8     7    11    13   0.15600  1.0 3.0
    8     7    11    14   0.15600  1.0 3.0
IPHI
END
