#Task    Step    numberOfAcceptedPeleSteps    currentEnergy    Binding Energy    sasaLig    RMSD_core    
1    0    0    -5712.54    -21.8051    0.000457693    1.97767    
1    1    1    -6759.91    -21.7635    0.000457693    2.03897    
1    2    2    -6762.82    -21.6564    0.000457693    2.06021    
1    4    3    -6763.09    -21.5924    0    2.11394    
1    5    4    -6761.21    -21.9112    0    2.03247    
1    6    5    -6762.49    -21.4859    0    2.08027    
1    7    6    -6758.57    -21.593    0    2.10822    
1    8    7    -6761.82    -21.7471    0.000457693    2.02063    
1    9    8    -6760.15    -21.8557    0.000457693    1.99935    
1    10    9    -6760.05    -21.7362    0.000457693    1.97171    
1    11    10    -6758.17    -21.6097    0.000915387    2.01629    
1    12    11    -6760.6    -21.7196    0    2.06526    
1    14    12    -6761.93    -22.0339    0    1.95998    
1    15    13    -6760.7    -22.0447    0    1.92553    
1    16    14    -6761.1    -21.969    0    2.02417    
