#Task    Step    numberOfAcceptedPeleSteps    currentEnergy    Binding Energy    sasaLig    RMSD_core    
1    0    0    -5715.16    -21.8527    0.00091499    1.98361    
1    1    1    -6759.68    -21.5363    0.00137248    2.02331    
1    2    2    -6762.78    -21.5598    0.00137248    2.02909    
1    4    3    -6763.34    -21.7584    0.000457495    1.97438    
1    8    4    -6763.71    -21.6106    0.00091499    2.10822    
1    9    5    -6763.29    -21.6275    0.00091499    1.99441    
1    10    6    -6762.95    -21.5657    0.000766653    1.99984    
1    12    7    -6763.96    -21.7395    0.000766653    1.92557    
1    13    8    -6761.76    -21.546    0.00091499    2.00644    
1    14    9    -6762.67    -21.5622    0.00122415    2.00385    
1    15    10    -6762.95    -21.5545    0.00091499    2.01613    
1    16    11    -6764.29    -21.5912    0.000457495    1.91397    
1    17    12    -6764.82    -22.0745    0.000309158    1.96139    
1    18    13    -6764.75    -21.8246    0    2.05328    
