#Task    Step    numberOfAcceptedPeleSteps    currentEnergy    Binding Energy    sasaLig    RMSD_core    
1    0    0    -6761.62    -25.5712    0.00091499    1.98361    
1    1    1    -6759.33    -25.9779    0.00137248    2.00443    
1    2    2    -6759.09    -25.4528    0.00137248    2.02251    
1    3    3    -6757.6    -26.1033    0.000457495    1.98141    
1    4    4    -6757.67    -26.1549    0.00091499    1.98146    
1    5    5    -6758.2    -26.1076    0.000457495    2.00029    
1    6    6    -6757.57    -26.1087    0.00091499    2.00705    
1    8    7    -6757.41    -26.0687    0.00091499    1.9998    
1    9    8    -6757.68    -26.0913    0.000457495    1.98286    
1    10    9    -6760.21    -25.9698    0.00091499    2.02912    
1    11    10    -6758.62    -26.082    0.000457495    2.00742    
1    12    11    -6758.24    -26.0254    0.000457495    2.0062    
1    13    12    -6756.26    -26.2006    0    2.00961    
1    14    13    -6757.23    -26.0827    0    1.95792    
1    15    14    -6756.08    -26.0433    0    1.9751    
1    16    15    -6756.1    -26.248    0    1.93048    
1    17    16    -6759.14    -25.9585    0    1.94023    
1    18    17    -6761.01    -26.1108    0    1.93699    
1    20    18    -6761.3    -26.0794    0    1.94565    
