* LIGAND DATABASE FILE (AMBER99sb)
*
 DC    30    31     54     92     177
    1     0 M   P2   _P__     1     1.61000   118.62299   159.31597
    2     1 S   O2Z  _OP1     2     1.48018   109.62270   144.88514
    3     1 S   O2Z  _OP2     3     1.48015   109.64614    16.81486
    4     1 M   OS   _O5'     4     1.59955   101.33404   -99.12400
    5     4 M   CT   _C5'     5     1.44012   119.00528   -39.20800
    6     5 S   HC   _H5'    20     1.09000   109.49996   -31.39290
    7     5 S   HC   H5''    21     1.09000   109.49999    88.60705
    8     5 M   CT   _C4'     6     1.51604   110.03762  -151.39292
    9     8 S   HC   _H4'    22     1.09000   109.49994   156.58646
   10     8 S   OS   _O4'     7     1.45716   108.85561   -86.26598
   11     8 M   CT   _C3'     8     1.52843   115.77739    30.88163
   12    11 M   OS   _O3'     9     1.42421   111.12631   158.27133
   13    11 S   HC   _H3'    23     1.09000   109.50003    42.84804
   14    11 S   CT   _C2'    10     1.52848   102.77564   -86.30539
   15    14 S   HC   _H2'    24     1.09000   109.49997    85.21276
   16    14 S   HC   H2''    25     1.09000   109.50002  -154.78732
   17    10 S   CO   _C1'    11     1.41972   110.07363   105.57362
   18    17 S   HC   _H1'    26     1.09000   109.49998   119.31028
   19    17 S   N*   _N1_    12     1.48964   108.06014  -127.21203
   20    19 S   C    _C2_    13     1.39236   117.78950   -95.44472
   21    20 S   O    _O2_    14     1.23776   118.82326     0.00000
   22    20 S   NNC  _N3_    15     1.35768   118.71112   180.00000
   23    22 S   CDX  _C4_    16     1.33865   120.61030    -0.02798
   24    23 S   NND  _N4_    17     1.32460   118.32240  -180.00000
   25    24 S   H    _H41    27     1.01000   120.00000   179.98022
   26    24 S   H    _H42    28     1.01000   120.00004     0.01978
   27    23 S   CM   _C5_    18     1.43309   121.58262     0.01978
   28    27 S   HC   _H5_    29     1.08000   120.00000  -179.98022
   29    19 S   CNA  _C6_    19     1.35943   121.07523    84.53909
   30    29 S   HC   _H6_    30     1.08000   119.99998     0.03426
   7   3   2   7  10   5   4  11   6  11   8   5   4   7   4   3
   8   3   8   7   3   7   7   5   2   1   3   2   1   1
    2     3     4     5     8     6     7  
    3     4     5  
    4     5  
    5     8    10    11     6     7     9  
    8    10    11    12    14    17     6     7     9    13  
    7     9     8    10    11  
    9     8    10    11  
   10    11    12    14    17    19     9    13    15    16    18  
   13    10    11    12    14    17  
   11    12    14    17    19    20    29    13    15    16    18  
   12    14    17    19    13    15    16    18  
   14    17    13    15    16  
   15    16    14    17  
   17    19    20    29    15    16    18  
   16    18    17    19  
   18    17    19  
   19    20    21    22    27    29    18    30  
   19    20    29  
   20    21    22    23    27    29    28    30  
   21    22    23    24    27    29    30  
   22    23    29  
   23    24    27    29    25    26    28  
   24    27    29    25    26    28    30  
   27    29    25    26    28  
   26    27  
   27  
   29    28    30  
   30    29  
   30  
    0  
NBON
    1   2.1000   0.2000   1.1659   2.1070   1.8700   0.005000000   0.000000000
    2   1.6612   0.2100  -0.7761   1.6890   1.4900   0.001000000  -0.126889456
    3   1.6612   0.2100  -0.7761   1.6890   1.4900   0.001000000  -0.126889456
    4   1.6837   0.1700  -0.4954   1.7660   1.5600   0.020110767  -0.896042159
    5   1.9080   0.1094  -0.0069   1.9750   1.7500   0.005000000  -0.741685710
    6   1.3870   0.0157   0.0754   1.4250   1.2500   0.008598240   0.268726247
    7   1.3870   0.0157   0.0754   1.4250   1.2500   0.008598240   0.268726247
    8   1.9080   0.1094   0.1629   1.9750   1.7500   0.005000000  -0.741685710
    9   1.3870   0.0157   0.1176   1.4250   1.2500   0.008598240   0.268726247
   10   1.6837   0.1700  -0.3691   1.7660   1.5600   0.020110767  -0.896042159
   11   1.9080   0.1094   0.0713   1.9750   1.7500   0.005000000  -0.741685710
   12   1.6837   0.1700  -0.5232   1.7660   1.5600   0.020110767  -0.896042159
   13   1.3870   0.0157   0.0985   1.4250   1.2500   0.008598240   0.268726247
   14   1.9080   0.1094  -0.0854   1.9750   1.7500   0.005000000  -0.741685710
   15   1.4870   0.0157   0.0718   1.4250   1.2500   0.008598240   0.268726247
   16   1.4870   0.0157   0.0718   1.4250   1.2500   0.008598240   0.268726247
   17   1.9080   0.1094  -0.0116   1.9750   1.7500   0.005000000  -0.741685710
   18   1.2870   0.0157   0.1963   1.3810   1.2100   0.008598240   0.268726247
   19   1.8240   0.1700  -0.0339   1.8100   1.6000   0.054801302  -1.445846770
   20   1.9080   0.0860   0.7959   1.9250   1.7000   0.001000000  -0.126889456
   21   1.6612   0.2100  -0.6548   1.5250   1.4250   0.001000000  -1.480495490
   22   1.8240   0.1700  -0.7748   1.8375   1.6250   0.005000000   0.000000000
   23   1.9080   0.0860   0.8439   2.0020   1.7750   0.023028004  -0.852763146
   24   1.8240   0.1700  -0.9773   1.8650   1.6500   0.051222218  -2.220205820
   25   0.6000   0.0157   0.4314   0.9960   0.8600   0.030040813  -0.651083722
   26   0.6000   0.0157   0.4314   0.9960   0.8600   0.030040813  -0.651083722
   27   1.9080   0.0860  -0.5222   2.0020   1.7750   0.023028004  -0.852763146
   28   1.4590   0.0150   0.1863   1.4250   1.2500   0.008598240   0.268726247
   29   1.9080   0.0860  -0.0183   2.0020   1.7750   0.023028004  -0.852763146
   30   1.4090   0.0150   0.2293   1.4250   1.2500   0.008598240   0.268726247
BOND
    1     2   525.000  1.480
    1     3   525.000  1.480
    1     4   230.000  1.610
    4     5   320.000  1.410
    5     8   310.000  1.526
    5     6   340.000  1.090
    5     7   340.000  1.090
    8    10   320.000  1.410
    8    11   310.000  1.526
    8     9   340.000  1.090
   10    17   320.000  1.410
   17    14   310.000  1.526
   17    18   340.000  1.090
   17    19   337.000  1.475
   11    14   310.000  1.526
   11    12   320.000  1.410
   11    13   340.000  1.090
   14    15   340.000  1.090
   14    16   340.000  1.090
   19    20   424.000  1.383
   19    29   448.000  1.365
   20    21   570.000  1.229
   20    22   457.000  1.358
   22    23   483.000  1.339
   23    24   481.000  1.340
   23    27   427.000  1.433
   24    25   434.000  1.010
   24    26   434.000  1.010
   27    29   549.000  1.350
   27    28   367.000  1.080
   29    30   367.000  1.080
THET
    2     1     3   140.00000  119.90000
    2     1     4   100.00000  108.23000
    3     1     4   100.00000  108.23000
    1     4     5   100.00000  120.50000
    4     5     8    50.00000  109.50000
    4     5     6    50.00000  109.50000
    4     5     7    50.00000  109.50000
    8     5     6    50.00000  109.50000
    8     5     7    50.00000  109.50000
    6     5     7    35.00000  109.50000
    5     8    10    50.00000  109.50000
    5     8    11    40.00000  109.50000
    5     8     9    50.00000  109.50000
   10     8    11    50.00000  109.50000
   10     8     9    50.00000  109.50000
   11     8     9    50.00000  109.50000
    8    10    17    60.00000  109.50000
   10    17    14    50.00000  109.50000
   10    17    18    50.00000  109.50000
   10    17    19    50.00000  109.50000
   14    17    18    50.00000  109.50000
   14    17    19    50.00000  109.50000
   18    17    19    50.00000  109.50000
    8    11    14    40.00000  109.50000
    8    11    12    50.00000  109.50000
    8    11    13    50.00000  109.50000
   14    11    12    50.00000  109.50000
   14    11    13    50.00000  109.50000
   12    11    13    50.00000  109.50000
   17    14    11    40.00000  109.50000
   17    14    15    50.00000  109.50000
   17    14    16    50.00000  109.50000
   11    14    15    50.00000  109.50000
   11    14    16    50.00000  109.50000
   15    14    16    35.00000  109.50000
   17    19    20    70.00000  117.60000
   17    19    29    70.00000  121.20000
   20    19    29    70.00000  121.60000
   19    20    21    80.00000  120.90000
   19    20    22    70.00000  118.60000
   21    20    22    80.00000  122.50000
   20    22    23    70.00000  120.50000
   22    23    24    70.00000  119.30000
   22    23    27    70.00000  121.50000
   24    23    27    70.00000  120.10000
   23    24    25    50.00000  120.00000
   23    24    26    50.00000  120.00000
   25    24    26    35.00000  120.00000
   23    27    29    63.00000  117.00000
   23    27    28    50.00000  123.30000
   29    27    28    50.00000  119.70000
   19    29    27    70.00000  121.20000
   19    29    30    50.00000  119.10000
   27    29    30    50.00000  119.70000
PHI
    2     1     4     5   0.185181  0.928978   1.0
    2     1     4     5   1.256531  0.994881   2.0
    2     1     4     5   0.354858  0.626234   3.0
    3     1     4     5   0.185181  0.928978   1.0
    3     1     4     5   1.256531  0.994881   2.0
    3     1     4     5   0.354858  0.626234   3.0
    1     4     5     8   0.383000  1.000000   3.0
    1     4     5     6   0.383000  1.000000   3.0
    1     4     5     7   0.383000  1.000000   3.0
    4     5     8    10   0.156000  1.000000   3.0
    4     5     8    11   1.178040  -0.789611   1.0
    4     5     8    11   0.092102  0.948262   2.0
    4     5     8    11   0.962830  -0.813044   3.0
    4     5     8     9   0.250000  1.000000   1.0
    6     5     8    10   0.250000  1.000000   1.0
    6     5     8    11   0.156000  1.000000   3.0
    6     5     8     9   0.156000  1.000000   3.0
    7     5     8    10   0.250000  1.000000   1.0
    7     5     8    11   0.156000  1.000000   3.0
    7     5     8     9   0.156000  1.000000   3.0
    5     8    10    17   0.100000  -0.598460   2.0
    5     8    10    17   0.383000  1.000000   3.0
   11     8   -10    17   0.10000 -1.0 2.0
   11     8   -10    17   0.38300  1.0 3.0
    9     8    10    17   0.38300  1.0 3.0
    5     8    11    14   0.200000  -0.598460   1.0
    5     8    11    14   0.250000  -0.598460   2.0
    5     8    11    14   0.180000  1.000000   3.0
    5     8    11    12   0.156000  1.000000   3.0
    5     8    11    13   0.156000  1.000000   3.0
   10     8   -11    14   0.15600  1.0 3.0
   10     8    11    12   1.17500  1.0 2.0
   10     8    11    12   0.14400  1.0 3.0
   10     8    11    13   0.15600  1.0 3.0
    9     8    11    14   0.15600  1.0 3.0
    9     8    11    12   0.15600  1.0 3.0
    9     8    11    13   0.15600  1.0 3.0
    8    10   -17    14   0.10000 -1.0 2.0
    8    10   -17    14   0.38300  1.0 3.0
    8    10    17    18   0.38300  1.0 3.0
    8    10    17    19   0.65000  1.0 2.0
    8    10    17    19   0.38300  1.0 3.0
   10    17   -14    11   0.15600  1.0 3.0
   10    17    14    15   0.25000  1.0 1.0
   10    17    14    15   0.15600  1.0 3.0
   10    17    14    16   0.25000  1.0 1.0
   10    17    14    16   0.15600  1.0 3.0
   18    17    14    11   0.15600  1.0 3.0
   18    17    14    15   0.15600  1.0 3.0
   18    17    14    16   0.15600  1.0 3.0
   19    17    14    11   0.15600  1.0 3.0
   19    17    14    15   0.15600  1.0 3.0
   19    17    14    16   0.15600  1.0 3.0
   10    17    19    29   2.50000  1.0 1.0
    8    11   -14    17   0.20000 -1.0 1.0
    8    11   -14    17   0.25000 -1.0 2.0
    8    11   -14    17   0.18000  1.0 3.0
    8    11    14    15   0.16000  1.0 3.0
    8    11    14    16   0.16000  1.0 3.0
   12    11    14    17   0.15600  1.0 3.0
   12    11    14    15   0.25000  1.0 1.0
   12    11    14    15   0.15600  1.0 3.0
   12    11    14    16   0.25000  1.0 1.0
   12    11    14    16   0.15600  1.0 3.0
   13    11    14    17   0.15600  1.0 3.0
   13    11    14    15   0.15600  1.0 3.0
   13    11    14    16   0.15600  1.0 3.0
   17    19    20    21   1.45000 -1.0 2.0
   17    19    20    22   1.45000 -1.0 2.0
   29    19    20    21   1.45000 -1.0 2.0
   29    19    20    22   1.45000 -1.0 2.0
   17    19    29    27   1.85000 -1.0 2.0
   17    19    29    30   1.85000 -1.0 2.0
   20    19    29    27   1.85000 -1.0 2.0
   20    19    29    30   1.85000 -1.0 2.0
   19    20    22    23   4.00000 -1.0 2.0
   21    20    22    23   4.00000 -1.0 2.0
   20    22    23    24   4.80000 -1.0 2.0
   20    22   -23    27   4.80000 -1.0 2.0
   22    23    24    25   2.40000 -1.0 2.0
   22    23    24    26   2.40000 -1.0 2.0
   27    23    24    25   2.40000 -1.0 2.0
   27    23    24    26   2.40000 -1.0 2.0
   22    23   -27    29   2.55000 -1.0 2.0
   22    23    27    28   2.55000 -1.0 2.0
   24    23    27    29   2.55000 -1.0 2.0
   24    23    27    28   2.55000 -1.0 2.0
   23    27   -29    19   6.65000 -1.0 2.0
   23    27    29    30   6.65000 -1.0 2.0
   28    27    29    19   6.65000 -1.0 2.0
   28    27    29    30   6.65000 -1.0 2.0
IPHI
   29    20    19    17   1.00000 -1.0 2.0
   22    27    23    24   1.10000 -1.0 2.0
   23    25    24    26   0.50000 -1.0 2.0
   23    26    24    25   0.50000 -1.0 2.0
   29    23    27    28   1.10000 -1.0 2.0
   19    27    29    30   1.10000 -1.0 2.0
END
