* LIGAND DATABASE FILE (AMBER99sb)
*
 DTE   33    34     60    105     199
    1     0 M   P2   _P__     1     1.61000   118.62308   159.31594
    2     1 S   O2Z  _OP1     2     1.48011   109.62431   144.88137
    3     1 S   O2Z  _OP2     3     1.48021   109.63975    16.81313
    4     1 M   OS   _O5'     4     1.59959   101.33504   -99.12391
    5     4 M   CT   _C5'     5     1.44003   119.00386   -39.20807
    6     5 S   HC   _H5'    21     1.09000   109.50006   -31.39297
    7     5 S   HC   H5''    22     1.09000   109.50002    88.60695
    8     5 M   CT   _C4'     6     1.51598   110.03504  -151.39302
    9     8 S   HC   _H4'    23     1.09000   109.49994   156.57700
   10     8 S   OS   _O4'     7     1.45722   108.85859   -86.27020
   11     8 M   CT   _C3'     8     1.52839   115.78405    30.88281
   12    11 S   HC   _H3'    24     1.09000   109.50002    42.84025
   13    11 M   OH   _O3'     9     1.42414   111.13554   158.26963
   14    13 S   HO   HO3'    25     0.96000   109.50006  -179.97202
   15    11 S   CT   _C2'    10     1.52845   102.77644   -86.30124
   16    15 S   HC   _H2'    26     1.09000   109.50005    85.20760
   17    15 S   HC   H2''    27     1.09000   109.50002  -154.79248
   18    10 S   CO   _C1'    11     1.41970   110.06920   105.57162
   19    18 S   HC   _H1'    28     1.09000   109.50014   119.32139
   20    18 S   N*   _N1_    12     1.48960   108.06067  -127.20720
   21    20 S   C    _C2_    13     1.37460   117.05445   -95.42725
   22    21 S   O    _O2_    14     1.21907   122.91818    -0.03956
   23    21 S   NNB  _N3_    15     1.38125   115.38301  -180.00000
   24    23 S   H    _H3_    29     1.01000   120.00002   179.92598
   25    23 S   C    _C4_    16     1.37948   126.46137    -0.07133
   26    25 S   O    _O4_    17     1.23270   120.58978  -179.98022
   27    25 S   CM   _C5_    18     1.44399   114.06260     0.04423
   28    27 S   CT   _C7_    19     1.50006   117.58864   179.94405
   29    28 S   HC   _H71    30     1.09000   109.50000  -179.98022
   30    28 S   HC   _H72    31     1.09000   109.50006   -59.99990
   31    28 S   HC   _H73    32     1.09000   109.49991    60.00010
   32    20 S   CM   _C6_    20     1.37031   120.86235    84.52194
   33    32 S   HC   _H6_    33     1.08000   120.00000     0.01978
   7   3   2   7  10   5   4  12   6  11   9   6   5   1   7   4
   3   8   3   9   8   4   6   3   8   3   6   5   3   2   1   1
   1
    2     3     4     5     8     6     7  
    3     4     5  
    4     5  
    5     8    10    11     6     7     9  
    8    10    11    13    15    18     6     7     9    12  
    7     9     8    10    11  
    9     8    10    11  
   10    11    13    15    18    20     9    12    14    16    17    19  
   12    10    11    13    15    18  
   11    13    15    18    20    21    32    12    16    17    19  
   13    15    18    20    12    14    16    17    19  
   14    16    17    13    15    18  
   15    18    14    16    17  
   15  
   18    20    21    32    16    17    19  
   17    19    18    20  
   19    18    20  
   20    21    22    23    27    32    19    33  
   20    21    32  
   21    22    23    25    27    28    32    24    33  
   22    23    25    26    27    32    24    33  
   23    25    32    24  
   25    26    27    28    32    24  
   25    26    27  
   26    27    28    32    29    30    31    33  
   27    28    32  
   28    32    29    30    31    33  
   32    29    30    31    33  
   30    31    32  
   31    32  
   32  
   33  
    0  
NBON
    1   2.1000   0.2000   1.1659   2.1070   1.8700   0.005000000   0.000000000
    2   1.6612   0.2100  -0.7761   1.6890   1.4900   0.001000000  -0.126889456
    3   1.6612   0.2100  -0.7761   1.6890   1.4900   0.001000000  -0.126889456
    4   1.6837   0.1700  -0.4954   1.7660   1.5600   0.020110767  -0.896042159
    5   1.9080   0.1094  -0.0069   1.9750   1.7500   0.005000000  -0.741685710
    6   1.3870   0.0157   0.0754   1.4250   1.2500   0.008598240   0.268726247
    7   1.3870   0.0157   0.0754   1.4250   1.2500   0.008598240   0.268726247
    8   1.9080   0.1094   0.1629   1.9750   1.7500   0.005000000  -0.741685710
    9   1.3870   0.0157   0.1176   1.4250   1.2500   0.008598240   0.268726247
   10   1.6837   0.1700  -0.3691   1.7660   1.5600   0.020110767  -0.896042159
   11   1.9080   0.1094   0.0713   1.9750   1.7500   0.005000000  -0.741685710
   12   1.3870   0.0157   0.0985   1.4250   1.2500   0.008598240   0.268726247
   13   1.7210   0.2104  -0.6549   1.7660   1.5600   0.021068034  -0.322181743
   14   0.0000   0.0000   0.4396   0.9960   0.8600   0.030040813  -0.651083722
   15   1.9080   0.1094  -0.0854   1.9750   1.7500   0.005000000  -0.741685710
   16   1.4870   0.0157   0.0718   1.4250   1.2500   0.008598240   0.268726247
   17   1.4870   0.0157   0.0718   1.4250   1.2500   0.008598240   0.268726247
   18   1.9080   0.1094   0.0680   1.9750   1.7500   0.005000000  -0.741685710
   19   1.2870   0.0157   0.1804   1.3810   1.2100   0.008598240   0.268726247
   20   1.8240   0.1700  -0.0239   1.8100   1.6000   0.054801302  -1.445846770
   21   1.9080   0.0860   0.5677   1.9250   1.7000   0.001000000  -0.126889456
   22   1.6612   0.2100  -0.5881   1.5250   1.4250   0.001000000  -1.480495490
   23   1.8240   0.1700  -0.4340   1.8100   1.6000   0.054801302  -1.445846770
   24   0.6000   0.0157   0.3420   1.5900   1.4000   0.030040813  -0.651083722
   25   1.9080   0.0860   0.5194   1.9250   1.7000   0.001000000  -0.126889456
   26   1.6612   0.2100  -0.5563   1.5250   1.4250   0.001000000  -1.480495490
   27   1.9080   0.0860   0.0025   2.0020   1.7750   0.023028004  -0.852763146
   28   1.9080   0.1094  -0.2269   1.9750   1.7500   0.005000000  -0.741685710
   29   1.4870   0.0157   0.0770   1.4250   1.2500   0.008598240   0.268726247
   30   1.4870   0.0157   0.0770   1.4250   1.2500   0.008598240   0.268726247
   31   1.4870   0.0157   0.0770   1.4250   1.2500   0.008598240   0.268726247
   32   1.9080   0.0860  -0.2209   2.0020   1.7750   0.023028004  -0.852763146
   33   1.4090   0.0150   0.2607   1.4250   1.2500   0.008598240   0.268726247
BOND
    1     2   525.000  1.480
    1     3   525.000  1.480
    1     4   230.000  1.610
    4     5   320.000  1.410
    5     8   310.000  1.526
    5     6   340.000  1.090
    5     7   340.000  1.090
    8    10   320.000  1.410
    8    11   310.000  1.526
    8     9   340.000  1.090
   10    18   320.000  1.410
   18    15   310.000  1.526
   18    19   340.000  1.090
   18    20   337.000  1.475
   11    15   310.000  1.526
   11    13   320.000  1.410
   11    12   340.000  1.090
   15    16   340.000  1.090
   15    17   340.000  1.090
   13    14   553.000  0.960
   20    21   424.000  1.383
   20    32   448.000  1.365
   21    22   570.000  1.229
   21    23   418.000  1.388
   23    25   418.000  1.388
   23    24   434.000  1.010
   25    26   570.000  1.229
   25    27   410.000  1.444
   27    28   317.000  1.510
   27    32   549.000  1.350
   28    29   340.000  1.090
   28    30   340.000  1.090
   28    31   340.000  1.090
   32    33   367.000  1.080
THET
    2     1     3   140.00000  119.90000
    2     1     4   100.00000  108.23000
    3     1     4   100.00000  108.23000
    1     4     5   100.00000  120.50000
    4     5     8    50.00000  109.50000
    4     5     6    50.00000  109.50000
    4     5     7    50.00000  109.50000
    8     5     6    50.00000  109.50000
    8     5     7    50.00000  109.50000
    6     5     7    35.00000  109.50000
    5     8    10    50.00000  109.50000
    5     8    11    40.00000  109.50000
    5     8     9    50.00000  109.50000
   10     8    11    50.00000  109.50000
   10     8     9    50.00000  109.50000
   11     8     9    50.00000  109.50000
    8    10    18    60.00000  109.50000
   10    18    15    50.00000  109.50000
   10    18    19    50.00000  109.50000
   10    18    20    50.00000  109.50000
   15    18    19    50.00000  109.50000
   15    18    20    50.00000  109.50000
   19    18    20    50.00000  109.50000
    8    11    15    40.00000  109.50000
    8    11    13    50.00000  109.50000
    8    11    12    50.00000  109.50000
   15    11    13    50.00000  109.50000
   15    11    12    50.00000  109.50000
   13    11    12    50.00000  109.50000
   18    15    11    40.00000  109.50000
   18    15    16    50.00000  109.50000
   18    15    17    50.00000  109.50000
   11    15    16    50.00000  109.50000
   11    15    17    50.00000  109.50000
   16    15    17    35.00000  109.50000
   11    13    14    55.00000  108.50000
   18    20    21    70.00000  117.60000
   18    20    32    70.00000  121.20000
   21    20    32    70.00000  121.60000
   20    21    22    80.00000  120.90000
   20    21    23    70.00000  115.40000
   22    21    23    80.00000  120.60000
   21    23    25    70.00000  126.40000
   21    23    24    50.00000  116.80000
   25    23    24    50.00000  116.80000
   23    25    26    80.00000  120.60000
   23    25    27    70.00000  114.10000
   26    25    27    80.00000  125.30000
   25    27    28    70.00000  119.70000
   25    27    32    63.00000  120.70000
   28    27    32    70.00000  119.70000
   27    28    29    50.00000  109.50000
   27    28    30    50.00000  109.50000
   27    28    31    50.00000  109.50000
   29    28    30    35.00000  109.50000
   29    28    31    35.00000  109.50000
   30    28    31    35.00000  109.50000
   20    32    27    70.00000  121.20000
   20    32    33    50.00000  119.10000
   27    32    33    50.00000  119.70000
PHI
    2     1     4     5   0.185181  0.928978   1.0
    2     1     4     5   1.256531  0.994881   2.0
    2     1     4     5   0.354858  0.626234   3.0
    3     1     4     5   0.185181  0.928978   1.0
    3     1     4     5   1.256531  0.994881   2.0
    3     1     4     5   0.354858  0.626234   3.0
    1     4     5     8   0.383000  1.000000   3.0
    1     4     5     6   0.383000  1.000000   3.0
    1     4     5     7   0.383000  1.000000   3.0
    4     5     8    10   0.156000  1.000000   3.0
    4     5     8    11   1.178040  -0.789611   1.0
    4     5     8    11   0.092102  0.948262   2.0
    4     5     8    11   0.962830  -0.813044   3.0
    4     5     8     9   0.250000  1.000000   1.0
    6     5     8    10   0.250000  1.000000   1.0
    6     5     8    11   0.156000  1.000000   3.0
    6     5     8     9   0.156000  1.000000   3.0
    7     5     8    10   0.250000  1.000000   1.0
    7     5     8    11   0.156000  1.000000   3.0
    7     5     8     9   0.156000  1.000000   3.0
    5     8    10    18   0.100000  -0.598460   2.0
    5     8    10    18   0.383000  1.000000   3.0
   11     8   -10    18   0.10000 -1.0 2.0
   11     8   -10    18   0.38300  1.0 3.0
    9     8    10    18   0.38300  1.0 3.0
    5     8    11    15   0.200000  -0.598460   1.0
    5     8    11    15   0.250000  -0.598460   2.0
    5     8    11    15   0.180000  1.000000   3.0
    5     8    11    13   0.156000  1.000000   3.0
    5     8    11    12   0.156000  1.000000   3.0
   10     8   -11    15   0.15600  1.0 3.0
   10     8    11    13   1.17500  1.0 2.0
   10     8    11    13   0.14400  1.0 3.0
   10     8    11    12   0.15600  1.0 3.0
    9     8    11    15   0.15600  1.0 3.0
    9     8    11    13   0.15600  1.0 3.0
    9     8    11    12   0.15600  1.0 3.0
    8    10    18    15   0.10000 -1.0 2.0
    8    10   -18    15   0.38300  1.0 3.0
    8    10    18    19   0.38300  1.0 3.0
    8    10    18    20   0.65000  1.0 2.0
    8    10    18    20   0.38300  1.0 3.0
   10    18   -15    11   0.15600  1.0 3.0
   10    18    15    16   0.25000  1.0 1.0
   10    18    15    16   0.15600  1.0 3.0
   10    18    15    17   0.25000  1.0 1.0
   10    18    15    17   0.15600  1.0 3.0
   19    18    15    11   0.15600  1.0 3.0
   19    18    15    16   0.15600  1.0 3.0
   19    18    15    17   0.15600  1.0 3.0
   20    18    15    11   0.15600  1.0 3.0
   20    18    15    16   0.15600  1.0 3.0
   20    18    15    17   0.15600  1.0 3.0
   10    18    20    32   2.50000  1.0 1.0
    8    11   -15    18   0.20000 -1.0 1.0
    8    11   -15    18   0.25000 -1.0 2.0
    8    11   -15    18   0.18000  1.0 3.0
    8    11    15    16   0.16000  1.0 3.0
    8    11    15    17   0.16000  1.0 3.0
   13    11    15    18   0.15600  1.0 3.0
   13    11    15    16   0.25000  1.0 1.0
   13    11    15    16   0.15600  1.0 3.0
   13    11    15    17   0.25000  1.0 1.0
   13    11    15    17   0.15600  1.0 3.0
   12    11    15    18   0.15600  1.0 3.0
   12    11    15    16   0.15600  1.0 3.0
   12    11    15    17   0.15600  1.0 3.0
    8    11    13    14   0.02500  1.0 1.0
    8    11    13    14   0.16000  1.0 3.0
   15    11    13    14   0.02500  1.0 1.0
   15    11    13    14   0.16000  1.0 3.0
   12    11    13    14   0.16700  1.0 3.0
   18    20    21    22   1.45000 -1.0 2.0
   18    20    21    23   1.45000 -1.0 2.0
   32    20    21    22   1.45000 -1.0 2.0
   32    20    21    23   1.45000 -1.0 2.0
   18    20    32    27   1.85000 -1.0 2.0
   18    20    32    33   1.85000 -1.0 2.0
   21    20    32    27   1.85000 -1.0 2.0
   21    20    32    33   1.85000 -1.0 2.0
   20    21    23    25   1.35000 -1.0 2.0
   20    21    23    24   1.35000 -1.0 2.0
   22    21    23    25   1.35000 -1.0 2.0
   22    21    23    24   1.35000 -1.0 2.0
   21    23    25    26   1.35000 -1.0 2.0
   21    23   -25    27   1.35000 -1.0 2.0
   24    23    25    26   1.35000 -1.0 2.0
   24    23    25    27   1.35000 -1.0 2.0
   23    25    27    28   2.17500 -1.0 2.0
   23    25   -27    32   2.17500 -1.0 2.0
   26    25    27    28   2.17500 -1.0 2.0
   26    25    27    32   2.17500 -1.0 2.0
   26    25    27    32   0.30000  1.0 3.0
   32    27    28    29   1.15000  1.0 1.0
   32    27    28    29   0.38000 -1.0 3.0
   32    27    28    30   1.15000  1.0 1.0
   32    27    28    30   0.38000 -1.0 3.0
   32    27    28    31   1.15000  1.0 1.0
   32    27    28    31   0.38000 -1.0 3.0
   25    27   -32    20   6.65000 -1.0 2.0
   25    27    32    33   6.65000 -1.0 2.0
   28    27    32    20   6.65000 -1.0 2.0
   28    27    32    33   6.65000 -1.0 2.0
IPHI
   32    21    20    18   1.00000 -1.0 2.0
   20    23    21    22  10.50000 -1.0 2.0
   21    25    23    24   0.50000 -1.0 2.0
   25    21    23    24   0.50000 -1.0 2.0
   27    23    25    26  10.50000 -1.0 2.0
   25    32    27    28   1.10000 -1.0 2.0
   20    27    32    33   1.10000 -1.0 2.0
END
