* LIGAND DATABASE FILE (OPLS2005)
*
GRW      24    24    42      63       0
    1     0 M   CA   _C1_     6   26.758521   19.473284  -97.336608
    2     1 M   CA   _C2_     6    1.369780   95.889298 -105.938437
    3     1 M   CA   _C6_     6    1.361324  127.036133   29.103821
    4     1 M   HA   _H1_     6    1.079699   45.188113  126.740738
    5     2 M   CA   _C3_     6    1.366466  120.833733  139.895714
    6     2 M   HA   _H2_     6    1.079492  119.985723  -40.095903
    7     5 M   CA   _C4_     6    1.348191  119.437164   -2.006590
    8     5 M   HA   _H3_     6    1.080284  120.012955  177.976328
    9     7 M   CA   _C5_     6    1.380537  120.439656    1.499259
   10     9 M   HA   _H5_     6    1.079801  120.007693 -179.530410
   11     3 M   HA   _H6_     6    1.079921  120.004533   55.658206
   12     7 S   CT   _G0_     6    1.084083  120.006994 -178.490697
   13    12 S   CT   _G1_     6    1.531787  111.003686   74.958081
   14    12 S   HC   _G4_     6    1.091525  107.698908  -46.998752
   15    12 S   HC   _G5_     6    1.090768  107.714454 -163.034868
   16    13 S   CT   _G2_     6    1.532186  112.567728  179.989155
   17    13 S   CT   _G3_     6    1.526113  109.467140  -58.027751
   18    13 S   HC   _G6_     6    1.091336  109.443978   58.075760
   19    16 S   HC   _G7_     6    1.090689  110.953538  179.978000
   20    16 S   HC   _G8_     6    1.090530  111.289449  -60.066669
   21    16 S   HC   _G9_     6    1.090276  111.246546   60.136902
   22    17 S   HC   _G10     6    1.119688  109.484186  179.970923
   23    17 S   HC   _G11     6    1.118890  109.495952  -60.066735
   24    17 S   HC   _G12     6    1.118639  109.511742   59.925360
NBON
     1   3.5500   0.0700  -0.115000   2.5000   1.7750   0.001000000  -0.843144165
     2   3.5500   0.0700  -0.115000   2.5000   1.7750   0.001000000  -0.843144165
     3   3.5500   0.0700  -0.115000   2.5000   1.7750   0.001000000  -0.843144165
     4   2.4200   0.0300   0.115000   1.3810   1.2100   0.030040813   0.268726247
     5   3.5500   0.0700  -0.115000   2.5000   1.7750   0.001000000  -0.843144165
     6   2.4200   0.0300   0.115000   1.3810   1.2100   0.030040813   0.268726247
     7   3.5500   0.0700  -0.115000   2.5000   1.7750   0.001000000  -0.843144165
     8   2.4200   0.0300   0.115000   1.3810   1.2100   0.030040813   0.268726247
     9   3.5500   0.0700  -0.115000   2.5000   1.7750   0.001000000  -0.843144165
    10   2.4200   0.0300   0.115000   1.3810   1.2100   0.030040813   0.268726247
    11   2.4200   0.0300   0.115000   1.3810   1.2100   0.030040813   0.268726247
    12   3.5000   0.0660  -0.005000   1.9750   1.7500   0.005000000  -0.741685710
    13   3.5000   0.0660  -0.060000   1.9750   1.7500   0.005000000  -0.741685710
    14   2.5000   0.0300   0.060000   1.4250   1.2500   0.008598240   0.268726247
    15   2.5000   0.0300   0.060000   1.4250   1.2500   0.008598240   0.268726247
    16   3.5000   0.0660  -0.180000   1.9750   1.7500   0.005000000  -0.741685710
    17   3.5000   0.0660  -0.180000   1.9750   1.7500   0.005000000  -0.741685710
    18   2.5000   0.0300   0.060000   1.4250   1.2500   0.008598240   0.268726247
    19   2.5000   0.0300   0.060000   1.4250   1.2500   0.008598240   0.268726247
    20   2.5000   0.0300   0.060000   1.4250   1.2500   0.008598240   0.268726247
    21   2.5000   0.0300   0.060000   1.4250   1.2500   0.008598240   0.268726247
    22   2.5000   0.0300   0.060000   1.4250   1.2500   0.008598240   0.268726247
    23   2.5000   0.0300   0.060000   1.4250   1.2500   0.008598240   0.268726247
    24   2.5000   0.0300   0.060000   1.4250   1.2500   0.008598240   0.268726247
BOND
     1     2   469.000  1.400
     1     3   469.000  1.400
     1     4   367.000  1.080
     2     5   469.000  1.400
     2     6   367.000  1.080
     5     7   469.000  1.400
     5     8   367.000  1.080
     7     9   469.000  1.400
     7    12   317.000  1.510
     9     3   469.000  1.400
     9    10   367.000  1.080
     3    11   367.000  1.080
    12    13   268.000  1.529
    12    14   340.000  1.090
    12    15   340.000  1.090
    13    16   268.000  1.529
    13    17   268.000  1.529
    13    18   340.000  1.090
    16    19   340.000  1.090
    16    20   340.000  1.090
    16    21   340.000  1.090
    17    22   340.000  1.090
    17    23   340.000  1.090
    17    24   340.000  1.090
THET
     2     1     3    63.00000  120.00000
     2     1     4    35.00000  120.00000
     3     1     4    35.00000  120.00000
     1     2     5    63.00000  120.00000
     1     2     6    35.00000  120.00000
     5     2     6    35.00000  120.00000
     2     5     7    63.00000  120.00000
     2     5     8    35.00000  120.00000
     7     5     8    35.00000  120.00000
     5     7     9    63.00000  120.00000
     5     7    12    70.00000  120.00000
     9     7    12    70.00000  120.00000
     7     9     3    63.00000  120.00000
     7     9    10    35.00000  120.00000
     3     9    10    35.00000  120.00000
     1     3     9    63.00000  120.00000
     1     3    11    35.00000  120.00000
     9     3    11    35.00000  120.00000
     7    12    13    70.00000  112.17500
     7    12    14    35.00000  109.50000
     7    12    15    35.00000  109.50000
    13    12    14    37.50000  110.70000
    13    12    15    37.50000  110.70000
    14    12    15    33.00000  107.80000
    12    13    16    58.35000  112.70000
    12    13    17    58.35000  112.70000
    12    13    18    37.50000  110.70000
    16    13    17    58.35000  112.70000
    16    13    18    37.50000  110.70000
    17    13    18    37.50000  110.70000
    13    16    19    37.50000  110.70000
    13    16    20    37.50000  110.70000
    13    16    21    37.50000  110.70000
    19    16    20    33.00000  107.80000
    19    16    21    33.00000  107.80000
    20    16    21    33.00000  107.80000
    13    17    22    37.50000  110.70000
    13    17    23    37.50000  110.70000
    13    17    24    37.50000  110.70000
    22    17    23    33.00000  107.80000
    22    17    24    33.00000  107.80000
    23    17    24    33.00000  107.80000
PHI
    3     1     2     5   0.00000  1.0 1.0
    3     1     2     5   3.62500 -1.0 2.0
    3     1     2     5   0.00000  1.0 3.0
    3     1     2     5   0.00000 -1.0 4.0
    3     1     2     6   0.00000  1.0 1.0
    3     1     2     6   3.62500 -1.0 2.0
    3     1     2     6   0.00000  1.0 3.0
    3     1     2     6   0.00000 -1.0 4.0
    4     1     2     5   0.00000  1.0 1.0
    4     1     2     5   3.62500 -1.0 2.0
    4     1     2     5   0.00000  1.0 3.0
    4     1     2     5   0.00000 -1.0 4.0
    4     1     2     6   0.00000  1.0 1.0
    4     1     2     6   3.62500 -1.0 2.0
    4     1     2     6   0.00000  1.0 3.0
    4     1     2     6   0.00000 -1.0 4.0
    2     1     3     9   0.00000  1.0 1.0
    2     1     3     9   3.62500 -1.0 2.0
    2     1     3     9   0.00000  1.0 3.0
    2     1     3     9   0.00000 -1.0 4.0
    2     1     3    11   0.00000  1.0 1.0
    2     1     3    11   3.62500 -1.0 2.0
    2     1     3    11   0.00000  1.0 3.0
    2     1     3    11   0.00000 -1.0 4.0
    4     1     3     9   0.00000  1.0 1.0
    4     1     3     9   3.62500 -1.0 2.0
    4     1     3     9   0.00000  1.0 3.0
    4     1     3     9   0.00000 -1.0 4.0
    4     1     3    11   0.00000  1.0 1.0
    4     1     3    11   3.62500 -1.0 2.0
    4     1     3    11   0.00000  1.0 3.0
    4     1     3    11   0.00000 -1.0 4.0
    1     2     5     7   0.00000  1.0 1.0
    1     2     5     7   3.62500 -1.0 2.0
    1     2     5     7   0.00000  1.0 3.0
    1     2     5     7   0.00000 -1.0 4.0
    1     2     5     8   0.00000  1.0 1.0
    1     2     5     8   3.62500 -1.0 2.0
    1     2     5     8   0.00000  1.0 3.0
    1     2     5     8   0.00000 -1.0 4.0
    6     2     5     7   0.00000  1.0 1.0
    6     2     5     7   3.62500 -1.0 2.0
    6     2     5     7   0.00000  1.0 3.0
    6     2     5     7   0.00000 -1.0 4.0
    6     2     5     8   0.00000  1.0 1.0
    6     2     5     8   3.62500 -1.0 2.0
    6     2     5     8   0.00000  1.0 3.0
    6     2     5     8   0.00000 -1.0 4.0
    2     5    -7     9   0.00000  1.0 1.0
    2     5    -7     9   3.62500 -1.0 2.0
    2     5    -7     9   0.00000  1.0 3.0
    2     5    -7     9   0.00000 -1.0 4.0
    2     5     7    12   0.00000  1.0 1.0
    2     5     7    12   3.62500 -1.0 2.0
    2     5     7    12   0.00000  1.0 3.0
    2     5     7    12   0.00000 -1.0 4.0
    8     5     7     9   0.00000  1.0 1.0
    8     5     7     9   3.62500 -1.0 2.0
    8     5     7     9   0.00000  1.0 3.0
    8     5     7     9   0.00000 -1.0 4.0
    8     5     7    12   0.00000  1.0 1.0
    8     5     7    12   3.62500 -1.0 2.0
    8     5     7    12   0.00000  1.0 3.0
    8     5     7    12   0.00000 -1.0 4.0
    5     7    -9     3   0.00000  1.0 1.0
    5     7    -9     3   3.62500 -1.0 2.0
    5     7    -9     3   0.00000  1.0 3.0
    5     7    -9     3   0.00000 -1.0 4.0
    5     7     9    10   0.00000  1.0 1.0
    5     7     9    10   3.62500 -1.0 2.0
    5     7     9    10   0.00000  1.0 3.0
    5     7     9    10   0.00000 -1.0 4.0
   12     7     9     3   0.00000  1.0 1.0
   12     7     9     3   3.62500 -1.0 2.0
   12     7     9     3   0.00000  1.0 3.0
   12     7     9     3   0.00000 -1.0 4.0
   12     7     9    10   0.00000  1.0 1.0
   12     7     9    10   3.62500 -1.0 2.0
   12     7     9    10   0.00000  1.0 3.0
   12     7     9    10   0.00000 -1.0 4.0
    5     7    12    13   0.00000  1.0 1.0
    5     7    12    13   0.04150 -1.0 2.0
    5     7    12    13   0.00000  1.0 3.0
    5     7    12    13   0.00000 -1.0 4.0
    5     7    12    14   0.00000  1.0 1.0
    5     7    12    15   0.00000  1.0 1.0
    9     7    12    13   0.00000  1.0 1.0
    9     7    12    13   0.04150 -1.0 2.0
    9     7    12    13   0.00000  1.0 3.0
    9     7    12    13   0.00000 -1.0 4.0
    9     7    12    14   0.00000  1.0 1.0
    9     7    12    15   0.00000  1.0 1.0
    7     9    -3     1   0.00000  1.0 1.0
    7     9    -3     1   3.62500 -1.0 2.0
    7     9    -3     1   0.00000  1.0 3.0
    7     9    -3     1   0.00000 -1.0 4.0
    7     9     3    11   0.00000  1.0 1.0
    7     9     3    11   3.62500 -1.0 2.0
    7     9     3    11   0.00000  1.0 3.0
    7     9     3    11   0.00000 -1.0 4.0
   10     9     3     1   0.00000  1.0 1.0
   10     9     3     1   3.62500 -1.0 2.0
   10     9     3     1   0.00000  1.0 3.0
   10     9     3     1   0.00000 -1.0 4.0
   10     9     3    11   0.00000  1.0 1.0
   10     9     3    11   3.62500 -1.0 2.0
   10     9     3    11   0.00000  1.0 3.0
   10     9     3    11   0.00000 -1.0 4.0
    7    12    13    16  -0.03700  1.0 1.0
    7    12    13    16   0.37200 -1.0 2.0
    7    12    13    16  -0.47300  1.0 3.0
    7    12    13    16   0.00000 -1.0 4.0
    7    12    13    17  -0.03700  1.0 1.0
    7    12    13    17   0.37200 -1.0 2.0
    7    12    13    17  -0.47300  1.0 3.0
    7    12    13    17   0.00000 -1.0 4.0
    7    12    13    18   0.00000  1.0 1.0
    7    12    13    18   0.00000 -1.0 2.0
    7    12    13    18   0.43200  1.0 3.0
    7    12    13    18   0.00000 -1.0 4.0
   14    12    13    16   0.00000  1.0 1.0
   14    12    13    16   0.00000 -1.0 2.0
   14    12    13    16   0.15000  1.0 3.0
   14    12    13    16   0.00000 -1.0 4.0
   14    12    13    17   0.00000  1.0 1.0
   14    12    13    17   0.00000 -1.0 2.0
   14    12    13    17   0.15000  1.0 3.0
   14    12    13    17   0.00000 -1.0 4.0
   14    12    13    18   0.00000  1.0 1.0
   14    12    13    18   0.00000 -1.0 2.0
   14    12    13    18   0.15000  1.0 3.0
   14    12    13    18   0.00000 -1.0 4.0
   15    12    13    16   0.00000  1.0 1.0
   15    12    13    16   0.00000 -1.0 2.0
   15    12    13    16   0.15000  1.0 3.0
   15    12    13    16   0.00000 -1.0 4.0
   15    12    13    17   0.00000  1.0 1.0
   15    12    13    17   0.00000 -1.0 2.0
   15    12    13    17   0.15000  1.0 3.0
   15    12    13    17   0.00000 -1.0 4.0
   15    12    13    18   0.00000  1.0 1.0
   15    12    13    18   0.00000 -1.0 2.0
   15    12    13    18   0.15000  1.0 3.0
   15    12    13    18   0.00000 -1.0 4.0
   12    13    16    19   0.00000  1.0 1.0
   12    13    16    19   0.00000 -1.0 2.0
   12    13    16    19   0.15000  1.0 3.0
   12    13    16    19   0.00000 -1.0 4.0
   12    13    16    20   0.00000  1.0 1.0
   12    13    16    20   0.00000 -1.0 2.0
   12    13    16    20   0.15000  1.0 3.0
   12    13    16    20   0.00000 -1.0 4.0
   12    13    16    21   0.00000  1.0 1.0
   12    13    16    21   0.00000 -1.0 2.0
   12    13    16    21   0.15000  1.0 3.0
   12    13    16    21   0.00000 -1.0 4.0
   17    13    16    19   0.00000  1.0 1.0
   17    13    16    19   0.00000 -1.0 2.0
   17    13    16    19   0.15000  1.0 3.0
   17    13    16    19   0.00000 -1.0 4.0
   17    13    16    20   0.00000  1.0 1.0
   17    13    16    20   0.00000 -1.0 2.0
   17    13    16    20   0.15000  1.0 3.0
   17    13    16    20   0.00000 -1.0 4.0
   17    13    16    21   0.00000  1.0 1.0
   17    13    16    21   0.00000 -1.0 2.0
   17    13    16    21   0.15000  1.0 3.0
   17    13    16    21   0.00000 -1.0 4.0
   18    13    16    19   0.00000  1.0 1.0
   18    13    16    19   0.00000 -1.0 2.0
   18    13    16    19   0.15000  1.0 3.0
   18    13    16    19   0.00000 -1.0 4.0
   18    13    16    20   0.00000  1.0 1.0
   18    13    16    20   0.00000 -1.0 2.0
   18    13    16    20   0.15000  1.0 3.0
   18    13    16    20   0.00000 -1.0 4.0
   18    13    16    21   0.00000  1.0 1.0
   18    13    16    21   0.00000 -1.0 2.0
   18    13    16    21   0.15000  1.0 3.0
   18    13    16    21   0.00000 -1.0 4.0
   12    13    17    22   0.00000  1.0 1.0
   12    13    17    22   0.00000 -1.0 2.0
   12    13    17    22   0.15000  1.0 3.0
   12    13    17    22   0.00000 -1.0 4.0
   12    13    17    23   0.00000  1.0 1.0
   12    13    17    23   0.00000 -1.0 2.0
   12    13    17    23   0.15000  1.0 3.0
   12    13    17    23   0.00000 -1.0 4.0
   12    13    17    24   0.00000  1.0 1.0
   12    13    17    24   0.00000 -1.0 2.0
   12    13    17    24   0.15000  1.0 3.0
   12    13    17    24   0.00000 -1.0 4.0
   16    13    17    22   0.00000  1.0 1.0
   16    13    17    22   0.00000 -1.0 2.0
   16    13    17    22   0.15000  1.0 3.0
   16    13    17    22   0.00000 -1.0 4.0
   16    13    17    23   0.00000  1.0 1.0
   16    13    17    23   0.00000 -1.0 2.0
   16    13    17    23   0.15000  1.0 3.0
   16    13    17    23   0.00000 -1.0 4.0
   16    13    17    24   0.00000  1.0 1.0
   16    13    17    24   0.00000 -1.0 2.0
   16    13    17    24   0.15000  1.0 3.0
   16    13    17    24   0.00000 -1.0 4.0
   18    13    17    22   0.00000  1.0 1.0
   18    13    17    22   0.00000 -1.0 2.0
   18    13    17    22   0.15000  1.0 3.0
   18    13    17    22   0.00000 -1.0 4.0
   18    13    17    23   0.00000  1.0 1.0
   18    13    17    23   0.00000 -1.0 2.0
   18    13    17    23   0.15000  1.0 3.0
   18    13    17    23   0.00000 -1.0 4.0
   18    13    17    24   0.00000  1.0 1.0
   18    13    17    24   0.00000 -1.0 2.0
   18    13    17    24   0.15000  1.0 3.0
   18    13    17    24   0.00000 -1.0 4.0
IPHI
     3     4     1     2   1.10000 -1.0 2.0
     5     6     2     1   1.10000 -1.0 2.0
     7     8     5     2   1.10000 -1.0 2.0
     9    12     7     5   4.00000 -1.0 2.0
     3    10     9     7   1.10000 -1.0 2.0
     9    11     3     1   1.10000 -1.0 2.0
END