* LIGAND DATABASE FILE (OPLS2005)
*
2PG      15    14     23     25      61
    1     0 M   HC   _H1_    12   45.852004   21.079482  -41.572119
    2     1 M   CT   _C2_     2    1.086340  137.141049  165.743586
    3     2 S   CO3  _C1_     1    1.527530  104.801320  -11.553953
    4     3 S   O2Z  _O1_     5    1.257330  118.942481  -25.067864
    5     3 S   O2Z  _O2_     6    1.256140  118.729451  157.204872
    6     2 S   CT   _C3_     3    1.545280  107.493368  110.971144
    7     6 S   OH   _O3_     7    1.416670  116.140560  -94.711267
    8     6 S   HC   _H2_    13    1.086890  108.174680   28.024233
    9     6 S   HC   _H3_    14    1.086440  108.634920  144.005693
   10     7 S   HO   _H4_    15    0.961430  104.160870  -42.376350
   11     2 S   OS   _O4_     8    1.425590  111.369338 -128.408435
   12    11 S   P3   _P1_     4    1.589290  116.927620  -49.746825
   13    12 S   O2Z  _O5_     9    1.509690  109.218710   25.028700
   14    12 S   O2Z  _O6_    10    1.509110  108.317460  -96.759460
   15    12 S   O2Z  _O7_    11    1.514360  104.652570  143.552170
  10  13   8   3   2   6   4   3   2   1   4   3   2   1   1
     3     4     5     2     8     9     6    11    12     7
     3     4     5     6    12     7    11    13    14    15     8     9    10
     6    12     4     5     7    11     8     9
     5    11     6
    11     6
    12     7    11     8     9    10
     8     9    11    10
     9    10    11
    10    11
     0
    13    14    15    12
    13    14    15
    14    15
    15
     0
NBON
     1   2.5000   0.0300  -0.011050   1.3810   1.2100   0.008598240   0.268726247
     2   3.5000   0.0660   0.182680   1.9750   1.7500   0.005000000  -0.741685710
     3   3.7500   0.1050   0.681930   2.1120   1.8750   0.001000000  -0.126889456
     4   2.9600   0.2100  -0.830460   1.7000   1.5000   0.001000000  -0.126889456
     5   2.9600   0.2100  -0.778460   1.7000   1.5000   0.001000000  -0.126889456
     6   3.5000   0.0660   0.278930   1.9750   1.7500   0.005000000  -0.741685710
     7   3.1200   0.1700  -0.721230   1.7660   1.5600   0.021068034  -0.322181743
     8   2.5000   0.0300  -0.024050   1.4250   1.2500   0.008598240   0.268726247
     9   2.5000   0.0300  -0.017510   1.4250   1.2500   0.008598240   0.268726247
    10   0.5000   0.0300   0.457690   0.9960   0.8600   0.030040813  -0.651083722
    11   2.8500   0.1400  -0.587750   1.5900   1.4000   0.020110767  -0.896042159
    12   3.7400   0.2000   1.442240   2.1070   1.8700   0.005000000   0.000000000
    13   2.9800   0.2000  -1.017140   1.6890   1.4900   0.001000000  -0.126889456
    14   2.9800   0.2000  -0.989720   1.6890   1.4900   0.001000000  -0.126889456
    15   2.9800   0.2000  -1.066080   1.6890   1.4900   0.001000000  -0.126889456
BOND
     3     2   317.000  1.522
     3     4   656.000  1.250
     3     5   656.000  1.250
     2     6   268.000  1.529
     2    11   320.000  1.410
     2     1   340.000  1.090
     6     7   320.000  1.410
     6     8   340.000  1.090
     6     9   340.000  1.090
    12    11   230.000  1.630
    12    13   525.000  1.516
    12    14   525.000  1.516
    12    15   525.000  1.516
     7    10   553.000  0.945
THET
     3     2     6    70.00000  109.69300
     3     2    11    85.00000  109.63000
     3     2     1    35.00000  109.50000
     2     6     7    50.00000  109.50000
     2     6     8    37.50000  110.70000
     2     6     9    37.50000  110.70000
     2    11    12    80.00000  112.68000
     6     7    10    55.00000  108.50000
     4     3     2    70.00000  117.00000
     5     3     2    70.00000  117.00000
     5     3     4    80.00000  126.00000
    11     2     6    50.00000  109.50000
    13    12    11   100.00000  107.00000
    14    12    11   100.00000  107.00000
    14    12    13   140.00000  114.00000
    15    12    11   100.00000  107.00000
    15    12    13   140.00000  114.00000
    15    12    14   140.00000  114.00000
     1     2     6    37.50000  110.70000
     1     2    11    35.00000  109.50000
     8     6     7    35.00000  109.50000
     9     6     7    35.00000  109.50000
     9     6     8    33.00000  107.80000
PHI
     3     2     6     7  -5.33000  1.0 1.0
     3     2     6     7  -0.54250 -1.0 2.0
     3     2     6     7  -0.07300  1.0 3.0
     3     2     6     8  -0.11250  1.0 3.0
     3     2     6     9  -0.11250  1.0 3.0
     3     2    11    12   0.37500  1.0 3.0
     2     6     7    10  -0.11600  1.0 1.0
     2     6     7    10  -0.09450 -1.0 2.0
     2     6     7    10   0.21250  1.0 3.0
     6     2    11    12  -2.65550  1.0 1.0
     6     2    11    12  -0.22350 -1.0 2.0
     6     2    11    12   0.24150  1.0 3.0
     4     3     2     6   0.41150 -1.0 2.0
     4     3     2    11   0.30150 -1.0 2.0
     4     3     2     1   0.00000  1.0 1.0
     5     3     2     6   0.41150 -1.0 2.0
     5     3     2    11   0.30150 -1.0 2.0
     5     3     2     1   0.00000  1.0 1.0
    11     2     6     7   3.69350  1.0 1.0
    11     2     6     7  -1.82950 -1.0 2.0
    11     2     6     8   0.23400  1.0 3.0
    11     2     6     9   0.23400  1.0 3.0
    13    12    11     2   0.00000  1.0 1.0
    14    12    11     2   0.00000  1.0 1.0
    15    12    11     2   0.00000  1.0 1.0
     1     2     6     7   0.23400  1.0 3.0
     1     2     6     8   0.15000  1.0 3.0
     1     2     6     9   0.15000  1.0 3.0
     1     2    11    12   0.03000  1.0 3.0
     8     6     7    10   0.19450  1.0 3.0
     9     6     7    10   0.19450  1.0 3.0
IPHI
     4     2     3     5  10.50000 -1.0 2.0
END
