* LIGAND DATABASE FILE (OPLS2005)
*
346      54    56     96    151     275
    1     0 M   F    _F1_     1   48.780910   93.337520    9.291810
    2     1 M   CA   _C1_     2    1.349450  143.018800  -63.187000
    3     2 M   CA   _C2_     3    1.368640  117.283630  124.268110
    4     2 M   CA   _C12    16    1.399180  120.140370  -55.199130
    5     3 M   CA   _C7_    10    1.395150  120.004440 -179.802180
    6     5 M   CA   _C8_    11    1.401740  118.703460   -0.506680
    7     5 M   HA   _H8_    38    1.080120  120.009140  179.520300
    8     6 M   CA   _C11    15    1.402140  120.542890    1.288770
    9     8 M   HA   _H14    44    1.079970  119.974210  178.756670
   10     4 M   CT1  _C13    17    1.500190  120.960190   -0.465200
   11    10 M   HC   _H15    45    1.089750  109.480430    5.283570
   12     3 S   OS   _O1_     4    1.383590  115.638910    0.222060
   13    12 S   CT   _C3_     5    1.423070  116.066560 -178.089300
   14    13 S   CT   _C4_     6    1.522740  107.591990 -172.191010
   15    13 S   CT   _C6_     9    1.532200  110.704460   73.195460
   16    13 S   HC   _H1_    31    1.089530  109.494490  -57.582540
   17    14 S   CT   _C5_     7    1.517800  101.784660  -89.936220
   18    14 S   HC   _H2_    32    1.089810  109.478970   30.053830
   19    14 S   HC   _H3_    33    1.089720  109.497540  150.078050
   20    15 S   OS   _O2_     8    1.436955  106.227800   99.041917
   21    15 S   HC   _H6_    36    1.089860  109.483090 -140.941520
   22    15 S   HC   _H7_    37    1.090320  109.490450  -20.958420
   23    17 S   HC   _H4_    34    1.089570  109.510950   89.697500
   24    17 S   HC   _H5_    35    1.089730  109.519650 -150.276780
   25     6 S   OS   _O3_    12    1.393100  113.390500  179.047150
   26    25 S   CT   _C9_    13    1.432630  114.162090 -177.233600
   27    26 S   CT   _C10    14    1.517700  111.090840  177.917560
   28    26 S   HC   _H9_    39    1.090480  109.508430  -62.066120
   29    26 S   HC   _H10    40    1.090110  109.515530   57.891270
   30    27 S   HC   _H11    41    1.090080  109.467510  180.000000
   31    27 S   HC   _H12    42    1.090150  109.533160  -59.992620
   32    27 S   HC   _H13    43    1.090310  109.527940   59.999310
   33    10 S   CO3  _C14    18    1.498750  110.615940 -115.646420
   34    33 S   O2Z  _O4_    19    1.270620  115.792380   68.849500
   35    33 S   O2Z  _O5_    20    1.281650  121.343780 -112.352530
   36    10 S   NE   _N1_    21    1.472830  108.770160  123.436720
   37    36 S   CA   _C15    22    1.387680  123.580670  -76.959130
   38    36 S   H    _H16    46    1.010200  116.409460  103.062420
   39    37 S   CA   _C16    23    1.393500  123.009360   -5.901000
   40    37 S   CA   _C21    30    1.403310  118.269260  174.010340
   41    39 S   CA   _C17    24    1.366220  118.535270 -179.645020
   42    39 S   HA   _H17    47    1.080120  120.010360    0.346050
   43    40 S   CA   _C20    29    1.367233  122.589947  179.212107
   44    40 S   HA   _H24    54    1.080450  119.992280   -0.760280
   45    41 S   CA   _C18    25    1.398310  123.086550   -0.301320
   46    41 S   HA   _H18    48    1.080350  119.992990  179.716760
   47    43 S   HA   _H23    53    1.080520  121.315369 -178.897708
   48    45 S   CG   _C19    26    1.440800  120.876360 -179.616920
   49    48 S   NG   _N2_    27    1.361100  122.276990   -4.740660
   50    48 S   NG   _N3_    28    1.336960  122.093030  178.369490
   51    49 S   H    _H19    49    1.009950  119.975550  179.980220
   52    49 S   H    _H20    50    1.010390  119.966750   -0.000000
   53    50 S   H    _H21    51    1.009600  120.014210 -179.972020
   54    50 S   H    _H22    52    1.010070  119.981020    0.000000
   7  13  12  14   8  10   3   7   2   9   6  10  11  10   9   6   7
   4   3   4   1   1   1   1   7   6   5   4   3   2   1   1   5
   2   1   8  10   2   8   7   8   2   7   2   9   1   1   6   5
   4   1   1   1   1
     2     3    12     5     8     4    10
     3    12    13     5     6     8     4    10    33    36     7     9    11
    12    13    14    15     5     6    25     8     4    10    16     7
    12     5     6    25     8     9    10    33    34    35    36    37    11    38
    12     6    25    26     8     7     9    13
    12     7    25    26    27     8    10    28    29     9
    12    25     8
    25    10    33    36     9    11    26
    25    10
    33    34    35    36    37    39    40    11    38
    38    33    34    35    36    37
    13    14    17    20    15    16    18    19    21    22
    14    17    20    15    16    18    19    23    24    21    22
    16    17    20    15    18    19    23    24    21    22
    16    18    19    17    23    24    20    21    22
    18    19    21    22    17    20
    18    19    20    23    24    21    22
    19    23    24    20
    23    24    20
    23    24    21    22
    22
     0
    24
     0
    26    27    28    29    30    31    32
    27    28    29    30    31    32
    28    29    30    31    32
    29    30    31    32
    30    31    32
    31    32
    32
     0
    34    35    36    37    38
    35    36
    36
    37    39    41    43    40    38    42    44
    38    39    41    45    43    40    42    46    47    44
    39    40
    41    45    48    43    40    42    46    44
    42    41    45    48    43    47    44
    42    45    48    49    50    43    46    47
    46    45
    46    45    48    47    44    49    50
    45    47
    46    48    49    50    51    52    53    54    47
    48
    48
    49    50    51    52    53    54
    50    51    52    53    54
    51    52    53    54
    52
     0
    54
     0
NBON
     1   2.8500   0.0610  -0.220000   2.4980   2.2250   0.001000000   0.985400000
     2   3.5500   0.0700   0.220000   2.5000   1.7750   0.001000000  -0.843144165
     3   3.5500   0.0700   0.085000   2.5000   1.7750   0.001000000  -0.843144165
     4   3.5500   0.0700  -0.115000   2.5000   1.7750   0.001000000  -0.843144165
     5   3.5500   0.0700  -0.115000   2.0020   1.7750   0.001000000  -0.843144165
     6   3.5500   0.0700   0.085000   2.5000   1.7750   0.001000000  -0.843144165
     7   2.4200   0.0300   0.115000   1.3810   1.2100   0.030040813   0.268726247
     8   3.5500   0.0700  -0.115000   2.0020   1.7750   0.001000000  -0.843144165
     9   2.4200   0.0300   0.115000   1.3810   1.2100   0.030040813   0.268726247
    10   3.5000   0.0660   0.077500   1.9750   1.7500   0.005000000  -0.741685710
    11   2.5000   0.0150   0.060000   1.3810   1.2100   0.008598240   0.268726247
    12   2.9000   0.1400  -0.285000   1.7660   1.5600   0.020110767  -0.896042159
    13   3.5000   0.0660   0.170000   1.9750   1.7500   0.005000000  -0.741685710
    14   3.5000   0.0660  -0.120000   1.9750   1.7500   0.005000000  -0.741685710
    15   3.5000   0.0660   0.140000   1.9750   1.7500   0.005000000  -0.741685710
    16   2.5000   0.0300   0.030000   1.4250   1.2500   0.008598240   0.268726247
    17   3.5000   0.0660   0.140000   1.9750   1.7500   0.005000000  -0.741685710
    18   2.5000   0.0300   0.060000   1.4250   1.2500   0.008598240   0.268726247
    19   2.5000   0.0300   0.060000   1.4250   1.2500   0.008598240   0.268726247
    20   2.9000   0.1400  -0.400000   1.7660   1.5600   0.020110767  -0.896042159
    21   2.5000   0.0300   0.030000   1.4250   1.2500   0.008598240   0.268726247
    22   2.5000   0.0300   0.030000   1.4250   1.2500   0.008598240   0.268726247
    23   2.5000   0.0300   0.030000   1.4250   1.2500   0.008598240   0.268726247
    24   2.5000   0.0300   0.030000   1.4250   1.2500   0.008598240   0.268726247
    25   2.9000   0.1400  -0.285000   1.7660   1.5600   0.020110767  -0.896042159
    26   3.5000   0.0660   0.140000   1.9750   1.7500   0.005000000  -0.741685710
    27   3.5000   0.0660  -0.180000   1.9750   1.7500   0.005000000  -0.741685710
    28   2.5000   0.0300   0.030000   1.4250   1.2500   0.008598240   0.268726247
    29   2.5000   0.0300   0.030000   1.4250   1.2500   0.008598240   0.268726247
    30   2.5000   0.0300   0.060000   1.4250   1.2500   0.008598240   0.268726247
    31   2.5000   0.0300   0.060000   1.4250   1.2500   0.008598240   0.268726247
    32   2.5000   0.0300   0.060000   1.4250   1.2500   0.008598240   0.268726247
    33   3.7500   0.1050   0.700000   2.1120   1.8750   0.001000000  -0.126889456
    34   2.9600   0.2100  -0.800000   1.7000   1.5000   0.001000000  -0.126889456
    35   2.9600   0.2100  -0.800000   1.7000   1.5000   0.001000000  -0.126889456
    36   3.3000   0.1700  -0.702500   1.8650   1.6500   0.051222218  -2.220205820
    37   3.5500   0.0700   0.332000   2.5000   1.7750   0.001000000  -0.843144165
    38   0.5000   0.0300   0.380000   0.9960   0.8600   0.030040813  -0.651083722
    39   3.5500   0.0700  -0.106000   2.0020   1.7750   0.001000000  -0.843144165
    40   3.5500   0.0700  -0.106000   2.0020   1.7750   0.001000000  -0.843144165
    41   3.5500   0.0700  -0.090000   2.0020   1.7750   0.001000000  -0.843144165
    42   2.4200   0.0300   0.141000   1.3810   1.2100   0.030040813   0.268726247
    43   3.5500   0.0700  -0.090000   2.0020   1.7750   0.001000000  -0.843144165
    44   2.4200   0.0300   0.141000   1.3810   1.2100   0.030040813   0.268726247
    45   3.5500   0.0700  -0.119000   2.5000   1.7750   0.001000000  -0.843144165
    46   2.4200   0.0300   0.129000   1.3810   1.2100   0.030040813   0.268726247
    47   2.4200   0.0300   0.129000   1.3810   1.2100   0.030040813   0.268726247
    48   3.7500   0.1050   0.827000   2.0020   1.7750   0.023028004  -0.852763146
    49   3.2500   0.1700  -0.885000   1.8650   1.6500   0.051222218  -2.220205820
    50   3.2500   0.1700  -0.885000   2.2900   2.0360   0.003973653   1.685851020
    51   0.0000   0.0000   0.445500   0.9960   0.8600   0.030040813  -0.651083722
    52   0.0000   0.0000   0.445500   0.9960   0.8600   0.030040813  -0.651083722
    53   0.0000   0.0000   0.445500   0.9960   0.8600   0.030040813  -0.651083722
    54   0.0000   0.0000   0.445500   0.9960   0.8600   0.030040813  -0.651083722
BOND
     1     2   420.000  1.354
     2     3   469.000  1.400
     2     4   469.000  1.400
     3    12   450.000  1.364
     3     5   469.000  1.400
    12    13   320.000  1.410
    13    14   268.000  1.529
    13    15   268.000  1.529
    13    16   340.000  1.090
    14    17   268.000  1.529
    14    18   340.000  1.090
    14    19   340.000  1.090
    17    20   320.000  1.410
    17    23   340.000  1.090
    17    24   340.000  1.090
    20    15   320.000  1.410
    15    21   340.000  1.090
    15    22   340.000  1.090
     5     6   469.000  1.400
     5     7   367.000  1.080
     6    25   450.000  1.364
     6     8   469.000  1.400
    25    26   320.000  1.410
    26    27   268.000  1.529
    26    28   340.000  1.090
    26    29   340.000  1.090
    27    30   340.000  1.090
    27    31   340.000  1.090
    27    32   340.000  1.090
     8     4   469.000  1.400
     8     9   367.000  1.080
     4    10   275.000  1.474
    10    33   317.000  1.522
    10    36   382.000  1.448
    10    11   340.000  1.090
    33    34   656.000  1.250
    33    35   656.000  1.250
    36    37   481.000  1.393
    36    38   434.000  1.010
    37    39   469.000  1.400
    37    40   469.000  1.400
    39    41   469.000  1.400
    39    42   367.000  1.080
    41    45   469.000  1.400
    41    46   367.000  1.080
    45    48   335.000  1.452
    45    43   469.000  1.400
    48    49   481.000  1.340
    48    50   481.000  1.340
    49    51   434.000  1.010
    49    52   434.000  1.010
    50    53   434.000  1.010
    50    54   434.000  1.010
    43    40   469.000  1.400
    43    47   367.000  1.080
    40    44   367.000  1.080
THET
     1     2     3    80.00000  120.00000
     1     2     4    80.00000  120.00000
     2     3    12    70.00000  120.00000
     2     3     5    63.00000  120.00000
     2     4     8    63.00000  120.00000
     2     4    10    60.00000  125.54000
     3    12    13    75.00000  111.00000
     3     5     6    63.00000  120.00000
     3     5     7    35.00000  120.00000
    12    13    14    50.00000  109.50000
    12    13    15    50.00000  109.50000
    12    13    16    35.00000  109.50000
    13    14    17    58.35000  112.70000
    13    14    18    37.50000  110.70000
    13    14    19    37.50000  110.70000
    13    15    20    50.00000  109.50000
    13    15    21    37.50000  110.70000
    13    15    22    37.50000  110.70000
    14    17    20    50.00000  109.50000
    14    17    23    37.50000  110.70000
    14    17    24    37.50000  110.70000
    17    20    15    60.00000  109.50000
    20    15    21    35.00000  109.50000
    20    15    22    35.00000  109.50000
    15    13    14    58.35000  112.70000
     5     3    12    70.00000  120.00000
     5     6    25    70.00000  120.00000
     5     6     8    63.00000  120.00000
     6    25    26    75.00000  111.00000
     6     8     4    63.00000  120.00000
     6     8     9    35.00000  120.00000
    25    26    27    50.00000  109.50000
    25    26    28    35.00000  109.50000
    25    26    29    35.00000  109.50000
    26    27    30    37.50000  110.70000
    26    27    31    37.50000  110.70000
    26    27    32    37.50000  110.70000
     8     6    25    70.00000  120.00000
     8     4    10    60.00000  125.54000
     4     2     3    63.00000  120.00000
     4    10    33    70.00000  102.60000
     4    10    36    75.00000  113.31400
     4    10    11    45.00000  110.88000
    10    33    34    70.00000  117.00000
    10    33    35    70.00000  117.00000
    10    36    37    50.00000  110.00000
    10    36    38    35.00000  112.50000
    35    33    34    80.00000  126.00000
    36    10    33    63.00000  110.10000
    36    37    39    70.00000  120.10000
    36    37    40    70.00000  120.10000
    37    39    41    63.00000  120.00000
    37    39    42    35.00000  120.00000
    37    40    43    63.00000  120.00000
    37    40    44    35.00000  120.00000
    39    41    45    63.00000  120.00000
    39    41    46    35.00000  120.00000
    41    45    48    65.00000  119.06800
    41    45    43    63.00000  120.00000
    45    48    49    70.00000  121.95500
    45    48    50    70.00000  121.95500
    45    43    40    63.00000  120.00000
    45    43    47    35.00000  120.00000
    48    49    51    35.00000  120.00000
    48    49    52    35.00000  120.00000
    48    50    53    35.00000  120.00000
    48    50    54    35.00000  120.00000
    50    48    49    70.00000  120.00000
    43    45    48    65.00000  119.06800
    43    40    44    35.00000  120.00000
    40    37    39    63.00000  120.00000
    16    13    14    37.50000  110.70000
    16    13    15    37.50000  110.70000
    18    14    17    37.50000  110.70000
    19    14    17    37.50000  110.70000
    19    14    18    33.00000  107.80000
    23    17    20    35.00000  109.50000
    24    17    20    35.00000  109.50000
    24    17    23    33.00000  107.80000
    22    15    21    33.00000  107.80000
     7     5     6    35.00000  120.00000
    28    26    27    37.50000  110.70000
    29    26    27    37.50000  110.70000
    29    26    28    33.00000  107.80000
    31    27    30    33.00000  107.80000
    32    27    30    33.00000  107.80000
    32    27    31    33.00000  107.80000
     9     8     4    35.00000  120.00000
    11    10    33    35.00000  109.50000
    11    10    36    35.00000  109.50000
    38    36    37    35.00000  113.50000
    42    39    41    35.00000  120.00000
    46    41    45    35.00000  120.00000
    52    49    51    35.00000  120.00000
    54    50    53    35.00000  120.00000
    47    43    40    35.00000  120.00000
PHI
     1     2     3    12   3.62500 -1.0 2.0
     1     2     3     5   3.62500 -1.0 2.0
     1     2     4     8   3.62500 -1.0 2.0
     1     2     4    10   3.62500 -1.0 2.0
     2     3    12    13   1.95800 -1.0 2.0
     2     3     5     6   3.62500 -1.0 2.0
     2     3     5     7   3.62500 -1.0 2.0
     2     4    10    33   0.04300 -1.0 2.0
     2     4    10    36  -0.06000  1.0 1.0
     2     4    10    36   0.30500 -1.0 2.0
     2     4    10    36   0.09200  1.0 3.0
     2     4    10    11   0.00000  1.0 1.0
     3     2     4     8   3.62500 -1.0 2.0
     3     2     4    10   3.62500 -1.0 2.0
     3    12    13    14  -0.32850  1.0 1.0
     3    12    13    14  -0.35800 -1.0 2.0
     3    12    13    14   0.33950  1.0 3.0
     3    12    13    15  -0.32850  1.0 1.0
     3    12    13    15  -0.35800 -1.0 2.0
     3    12    13    15   0.33950  1.0 3.0
     3    12    13    16   0.08050  1.0 3.0
     3     5     6    25   3.62500 -1.0 2.0
     3     5    -6     8   3.62500 -1.0 2.0
    12     3     5     6   3.62500 -1.0 2.0
    12     3     5     7   3.62500 -1.0 2.0
    12    13    14    17   0.62750  1.0 1.0
    12    13    14    17  -0.30950 -1.0 2.0
    12    13    14    17   0.27300  1.0 3.0
    12    13    14    18   0.23400  1.0 3.0
    12    13    14    19   0.23400  1.0 3.0
    12    13    15    20   1.11900  1.0 1.0
    12    13    15    20  -1.16350 -1.0 2.0
    12    13    15    20  -0.34150  1.0 3.0
    12    13    15    21   0.23400  1.0 3.0
    12    13    15    22   0.23400  1.0 3.0
    13    14   -17    20   0.62750  1.0 1.0
    13    14   -17    20  -0.30950 -1.0 2.0
    13    14   -17    20   0.27300  1.0 3.0
    13    14    17    23   0.15000  1.0 3.0
    13    14    17    24   0.15000  1.0 3.0
    14    13   -15    20   0.62750  1.0 1.0
    14    13   -15    20  -0.30950 -1.0 2.0
    14    13   -15    20   0.27300  1.0 3.0
    14    13    15    21   0.15000  1.0 3.0
    14    13    15    22   0.15000  1.0 3.0
    14    17   -20    15   0.06250  1.0 1.0
    14    17   -20    15  -0.01100 -1.0 2.0
    14    17   -20    15   0.28050  1.0 3.0
    17    20   -15    13   0.06250  1.0 1.0
    17    20   -15    13  -0.01100 -1.0 2.0
    17    20   -15    13   0.28050  1.0 3.0
    17    20    15    21   0.37050  1.0 3.0
    17    20    15    22   0.37050  1.0 3.0
    15    13   -14    17   0.56750  1.0 1.0
    15    13   -14    17  -0.07550 -1.0 2.0
    15    13   -14    17   0.20000  1.0 3.0
    15    13    14    18   0.15000  1.0 3.0
    15    13    14    19   0.15000  1.0 3.0
     5     3    12    13   1.95800 -1.0 2.0
     5     6    25    26   1.95800 -1.0 2.0
     5     6     8     4   3.62500 -1.0 2.0
     5     6     8     9   3.62500 -1.0 2.0
     6    25    26    27  -0.32850  1.0 1.0
     6    25    26    27  -0.35800 -1.0 2.0
     6    25    26    27   0.33950  1.0 3.0
     6    25    26    28   0.08050  1.0 3.0
     6    25    26    29   0.08050  1.0 3.0
     6     8    -4     2   3.62500 -1.0 2.0
     6     8     4    10   3.62500 -1.0 2.0
    25     6     8     4   3.62500 -1.0 2.0
    25     6     8     9   3.62500 -1.0 2.0
    25    26    27    30   0.23400  1.0 3.0
    25    26    27    31   0.23400  1.0 3.0
    25    26    27    32   0.23400  1.0 3.0
     8     6    25    26   1.95800 -1.0 2.0
     8     4    10    33   0.04300 -1.0 2.0
     8     4    10    36  -0.06000  1.0 1.0
     8     4    10    36   0.30500 -1.0 2.0
     8     4    10    36   0.09200  1.0 3.0
     8     4    10    11   0.00000  1.0 1.0
     4     2     3    12   3.62500 -1.0 2.0
     4     2    -3     5   3.62500 -1.0 2.0
     4    10    33    34   0.30150 -1.0 2.0
     4    10    33    35   0.30150 -1.0 2.0
     4    10    36    37  -0.82250  1.0 1.0
     4    10    36    37   0.55550 -1.0 2.0
     4    10    36    37   0.36950  1.0 3.0
     4    10    36    38   0.00000  1.0 1.0
    10    36    37    39  -1.00000  1.0 1.0
    10    36    37    39   1.25000 -1.0 2.0
    10    36    37    40  -1.00000  1.0 1.0
    10    36    37    40   1.25000 -1.0 2.0
    33    10    36    37  -0.12500  1.0 1.0
    33    10    36    37  -0.12500 -1.0 2.0
    33    10    36    37   0.25000  1.0 3.0
    33    10    36    38   0.00000  1.0 1.0
    36    10    33    34   0.00000  1.0 1.0
    36    10    33    35   0.00000  1.0 1.0
    36    37    39    41   3.62500 -1.0 2.0
    36    37    39    42   3.62500 -1.0 2.0
    36    37    40    43   3.62500 -1.0 2.0
    36    37    40    44   3.62500 -1.0 2.0
    37    39    41    45   3.62500 -1.0 2.0
    37    39    41    46   3.62500 -1.0 2.0
    39    37    40    43   3.62500 -1.0 2.0
    39    37    40    44   3.62500 -1.0 2.0
    39    41    45    48   3.62500 -1.0 2.0
    39    41   -45    43   3.62500 -1.0 2.0
    41    45    48    49   1.00000 -1.0 2.0
    41    45    48    49  -0.29100 -1.0 4.0
    41    45    48    50   1.00000 -1.0 2.0
    41    45    48    50  -0.29100 -1.0 4.0
    41    45    43    40   3.62500 -1.0 2.0
    41    45    43    47   3.62500 -1.0 2.0
    45    48    49    51   1.00000 -1.0 2.0
    45    48    49    52   1.00000 -1.0 2.0
    45    48    50    53   1.00000 -1.0 2.0
    45    48    50    54   1.00000 -1.0 2.0
    45    43   -40    37   3.62500 -1.0 2.0
    45    43    40    44   3.62500 -1.0 2.0
    48    45    43    40   3.62500 -1.0 2.0
    48    45    43    47   3.62500 -1.0 2.0
    49    48    50    53   1.50000 -1.0 2.0
    49    48    50    54   1.50000 -1.0 2.0
    50    48    49    51   1.50000 -1.0 2.0
    50    48    49    52   1.50000 -1.0 2.0
    43    45    48    49   1.00000 -1.0 2.0
    43    45    48    49  -0.29100 -1.0 4.0
    43    45    48    50   1.00000 -1.0 2.0
    43    45    48    50  -0.29100 -1.0 4.0
    40    37   -39    41   3.62500 -1.0 2.0
    40    37    39    42   3.62500 -1.0 2.0
    16    13    14    17   0.15000  1.0 3.0
    16    13    14    18   0.15000  1.0 3.0
    16    13    14    19   0.15000  1.0 3.0
    16    13    15    20   0.23400  1.0 3.0
    16    13    15    21   0.15000  1.0 3.0
    16    13    15    22   0.15000  1.0 3.0
    18    14    17    20   0.23400  1.0 3.0
    18    14    17    23   0.15000  1.0 3.0
    18    14    17    24   0.15000  1.0 3.0
    19    14    17    20   0.23400  1.0 3.0
    19    14    17    23   0.15000  1.0 3.0
    19    14    17    24   0.15000  1.0 3.0
    23    17    20    15   0.37050  1.0 3.0
    24    17    20    15   0.37050  1.0 3.0
     7     5     6    25   3.62500 -1.0 2.0
     7     5     6     8   3.62500 -1.0 2.0
    28    26    27    30   0.15000  1.0 3.0
    28    26    27    31   0.15000  1.0 3.0
    28    26    27    32   0.15000  1.0 3.0
    29    26    27    30   0.15000  1.0 3.0
    29    26    27    31   0.15000  1.0 3.0
    29    26    27    32   0.15000  1.0 3.0
     9     8     4     2   3.62500 -1.0 2.0
     9     8     4    10   3.62500 -1.0 2.0
    11    10    33    34   0.00000  1.0 1.0
    11    10    33    35   0.00000  1.0 1.0
    11    10    36    37   0.00000  1.0 1.0
    11    10    36    38   0.00000  1.0 1.0
    38    36    37    39   1.00000 -1.0 2.0
    38    36    37    40   1.00000 -1.0 2.0
    42    39    41    45   3.62500 -1.0 2.0
    42    39    41    46   3.62500 -1.0 2.0
    46    41    45    48   3.62500 -1.0 2.0
    46    41    45    43   3.62500 -1.0 2.0
    47    43    40    37   3.62500 -1.0 2.0
    47    43    40    44   3.62500 -1.0 2.0
IPHI
     3     4     2     1   4.00000 -1.0 2.0
    12     5     3     2   4.00000 -1.0 2.0
     6     7     5     3   1.10000 -1.0 2.0
    25     8     6     5   4.00000 -1.0 2.0
     4     9     8     6   1.10000 -1.0 2.0
     8    10     4     2   4.00000 -1.0 2.0
    34    10    33    35  10.50000 -1.0 2.0
    38    37    36    10   1.00000 -1.0 2.0
    39    40    37    36   4.00000 -1.0 2.0
    41    42    39    37   1.10000 -1.0 2.0
    45    46    41    39   1.10000 -1.0 2.0
    48    43    45    41   4.00000 -1.0 2.0
    49    45    48    50  10.50000 -1.0 2.0
    52    48    49    51   1.00000 -1.0 2.0
    53    54    50    48   1.00000 -1.0 2.0
    40    47    43    45   1.10000 -1.0 2.0
    43    44    40    37   1.10000 -1.0 2.0
END
