* LIGAND DATABASE FILE (OPLS2005)
*
AS3      54    58    117    207     359
    1     0 M   CT   _C1_     1   60.914410   96.368960   54.422360
    2     1 M   CT   _C20    13    1.536510   41.722450  118.855450
    3     1 M   CT   _C__    14    1.559380  139.533930   73.499740
    4     1 M   CT   _C2_    15    1.552780   78.395330  -38.771450
    5     1 M   HC   _H1_    27    1.094470  105.051680 -142.747950
    6     3 M   CT   _C5_     2    1.529850  109.412090 -160.888790
    7     6 M   CT   _C4_    17    1.527672  100.855044   69.427274
    8     6 M   HC   _H51    28    1.089350  113.692220 -172.460370
    9     6 M   HC   _H52    29    1.090840  112.953580  -50.344680
   10     3 M   CO   _C6_     3    1.566630  112.617950  -54.933030
   11    10 M   OS   _O__    18    1.399390  105.514584  -81.446339
   12    10 M   HC   _H6_    30    1.094630  111.578500   36.528380
   13     2 M   CT   _C16     9    1.536980  105.052980  179.657930
   14    13 M   CT   _C17    10    1.548084  105.211263   -0.075799
   15    13 M   HC   H161    35    1.091560  111.551760 -120.908790
   16    13 M   HC   H162    36    1.092510  109.180630  120.572220
   17    14 M   HC   _H17    37    1.091250  107.636644  -85.717824
   18     2 M   HC   H201    40    1.091550  110.995230  -61.303610
   19     2 M   HC   H202    41    1.091390  111.476620   58.002870
   20     4 M   CT   _C3_    16    1.561400  110.844240 -175.557100
   21    20 M   CT   _C7_     4    1.574350  113.636520 -176.368110
   22    21 M   CM   _C8_     5    1.559300  108.364700  -50.429440
   23    21 M   CT   _C15     8    1.549750  112.434690   69.324350
   24    21 M   CT   _C12    22    1.566860  109.486140 -169.469910
   25    22 M   CM   _C9_     6    1.354090  123.274380 -132.165680
   26    22 M   CT   _C13    23    1.531475  115.964880   49.370813
   27    25 M   CO4  _C10     7    1.449830  124.906330   -2.667480
   28    25 M   HC   _H9_    31    1.079540  118.043510 -179.729480
   29    27 M   O    _O2_    20    1.230780  121.769190  171.269250
   30    27 M   CT   _C11    21    1.526940  115.831500   -9.692420
   31    23 M   HC   H151    32    1.090010  111.645610   64.291690
   32    23 M   HC   H152    33    1.090500  111.517560 -176.208160
   33    23 M   HC   H153    34    1.089000  112.672890  -56.048180
   34     4 M   CT   _C14    24    1.537850  113.976990  -50.808870
   35     4 M   HC   _H2_    42    1.090680  106.874150   66.616350
   36    20 M   HC   _H3_    43    1.092440  105.071870   69.511370
   37     7 M   HC   _H4_    44    1.090560  110.997037  163.973201
   38    30 M   HC   H111    46    1.089670  108.677770  159.688080
   39    30 M   HC   H112    47    1.089260  107.186720  -84.430720
   40    24 M   HC   H121    48    1.090920  110.551990  -77.092340
   41    24 M   HC   H122    49    1.092460  109.684680   38.284910
   42    26 M   HC   H131    50    1.090680  109.248703   67.604581
   43    26 M   HC   H132    51    1.091340  111.341112 -175.997297
   44    34 M   HC   H141    52    1.091670  110.277740  -61.340910
   45    34 M   HC   H142    53    1.091060  110.074490   55.394350
   46    14 S   CO4  _C18    11    1.548430  113.943835  159.344032
   47    46 S   CT   _C19    12    1.536990  117.472970  168.757390
   48    46 S   O    _O3_    25    1.235790  122.116510   -9.235220
   49    47 S   OH   _O4_    26    1.428620  109.948280  143.548150
   50    47 S   HC   H191    38    1.091100  108.361490  -96.297260
   51    47 S   HC   H192    39    1.090920  110.194520   20.620860
   52    49 S   HO   _HO4    54    0.970090  108.367590  165.563570
   53    10 S   OH   _O1_    19    1.369690  111.360100  158.475960
   54    53 S   HO   _HO_    45    0.970210  107.904960   34.499360
  28  16  25  23   9  15  16   6   5  10   8   3   9  12   5   4   3
   1   1  18  21  19  10  13  10   8   7   2   3   4   2   1   1
   6   3   1   1   3   2   1   1   3   2   1   1   6   5   3   3
   2   1   1   1   1
     6    10    21    13    14    46     2     3     4    20     7    11    53    26    34     5     8     9    12    15    16    17    18    19    35    36    44    45
     5     3     4    20    34    15    16    17    18    19    35     6    10    13    14    46
     5    18    19     4    35     6     8     9    10    12    13    15    16    20    34    14    17     7    37    53    54    46    48    11    47
     5    18    19    20     7    11    24    26    34    35    36    37    42    43    44    45     6    10    13    21    14    22    23
    18    19    35     6    10    13    20    34    14
    10    21    13    14    46    20     7    11    53     8     9    12    17    36    37
    35     8     9    10    12    20    36    34    21    14    11    53    24    37    22    23
     9    37    10    20    14    11
    37    10    20    14    11
    13    14    46    20    11    53    12    17    37    54
    12    20    36    21    14    37    53    54
    54    14    53
    18    19    14    46    47    48    15    16    17
    18    19    15    16    46    47    53    48    49    17    50    51
    18    19    16    17    46
    18    19    17    46
    46    48    47
    19
     0
    35    30    24    26    34    31    32    33    36    37    40    41    44    45    21    22    23    25
    35    36    34    22    25    27    23    30    24    26    28    31    32    33    37    38    39    40    41    42    43
    36    34    44    45    26    42    43    25    27    23    29    30    24    28    31    32    33    40    41
    36    26    30    24    31    32    33    40    41    25
    36    26    31    32    33    25    27    29    30    38    39    40    41
    34    26    42    43    27    29    30    28    38    39
    35    34    44    45    28    42    43    27
    28    29    30    38    39    40    41
    29    30
    30    38    39
    38    39    40    41
    32    33
    33
     0
    35    36    42    43    44    45
    36    44    45
    37
     0
    39    40    41
    40    41
    41
     0
    44    45    43
    44    45
    45
     0
    47    48    49    50    51    52
    48    49    50    51    52
    49    50    51
    50    51    52
    51    52
    52
     0
    54
     0
NBON
     1   3.5000   0.0660   0.134690   1.9750   1.7500   0.005000000  -0.741685710
     2   3.5000   0.0660  -0.089940   1.9750   1.7500   0.005000000  -0.741685710
     3   3.5000   0.0660   0.005360   1.9750   1.7500   0.005000000  -0.741685710
     4   3.5000   0.0660  -0.048160   1.9750   1.7500   0.005000000  -0.741685710
     5   2.5000   0.0300   0.051140   1.4250   1.2500   0.008598240   0.268726247
     6   3.5000   0.0660  -0.513230   1.9750   1.7500   0.005000000  -0.741685710
     7   3.5000   0.0660   0.456610   1.9750   1.7500   0.005000000  -0.741685710
     8   2.5000   0.0300   0.166240   1.4250   1.2500   0.008598240   0.268726247
     9   2.5000   0.0300   0.149990   1.4250   1.2500   0.008598240   0.268726247
    10   3.5000   0.0660   0.701430   1.9750   1.7500   0.005000000  -0.741685710
    11   2.9000   0.1400  -0.591650   1.5900   1.4000   0.020110767  -0.896042159
    12   2.5000   0.0300   0.015230   1.4250   1.2500   0.008598240   0.268726247
    13   3.5000   0.0660  -0.083100   1.9750   1.7500   0.005000000  -0.741685710
    14   3.5000   0.0660  -0.277130   1.9750   1.7500   0.005000000  -0.741685710
    15   2.5000   0.0300   0.072600   1.4250   1.2500   0.008598240   0.268726247
    16   2.5000   0.0300   0.029610   1.4250   1.2500   0.008598240   0.268726247
    17   2.4200   0.0150   0.129030   1.4250   1.2500   0.008598240   0.268726247
    18   2.5000   0.0300   0.037830   1.4250   1.2500   0.008598240   0.268726247
    19   2.5000   0.0300   0.039700   1.4250   1.2500   0.008598240   0.268726247
    20   3.5000   0.0660  -0.506690   1.9750   1.7500   0.005000000  -0.741685710
    21   3.5000   0.0660   0.297020   1.9750   1.7500   0.005000000  -0.741685710
    22   3.5500   0.0760   0.114570   2.0020   1.7750   0.023028004  -0.852763146
    23   3.5000   0.0660  -0.511700   1.9750   1.7500   0.005000000  -0.741685710
    24   3.5000   0.0660   0.144770   1.9750   1.7500   0.005000000  -0.741685710
    25   3.5500   0.0760  -0.519980   2.0020   1.7750   0.023028004  -0.852763146
    26   3.5000   0.0660  -0.038520   1.9750   1.7500   0.005000000  -0.741685710
    27   3.7500   0.1050   0.745050   2.1120   1.8750   0.001000000  -0.126889456
    28   2.4200   0.0300   0.174240   1.4250   1.2500   0.008598240   0.268726247
    29   2.9600   0.2100  -0.625650   1.6780   1.4800   0.001000000  -0.126889456
    30   3.5000   0.0660  -0.435020   1.9750   1.7500   0.005000000  -0.741685710
    31   2.5000   0.0300   0.138920   1.4250   1.2500   0.008598240   0.268726247
    32   2.5000   0.0300   0.123440   1.4250   1.2500   0.008598240   0.268726247
    33   2.5000   0.0300   0.150630   1.4250   1.2500   0.008598240   0.268726247
    34   3.5000   0.0660  -0.055280   1.9750   1.7500   0.005000000  -0.741685710
    35   2.5000   0.0300   0.065980   1.4250   1.2500   0.008598240   0.268726247
    36   2.5000   0.0300   0.146350   1.4250   1.2500   0.008598240   0.268726247
    37   2.5000   0.0300   0.033810   1.4250   1.2500   0.008598240   0.268726247
    38   2.4200   0.0150   0.108870   1.4250   1.2500   0.008598240   0.268726247
    39   2.4200   0.0150   0.128770   1.4250   1.2500   0.008598240   0.268726247
    40   2.5000   0.0300   0.034570   1.4250   1.2500   0.008598240   0.268726247
    41   2.5000   0.0300  -0.012830   1.4250   1.2500   0.008598240   0.268726247
    42   2.5000   0.0300   0.057340   1.4250   1.2500   0.008598240   0.268726247
    43   2.5000   0.0300   0.059540   1.4250   1.2500   0.008598240   0.268726247
    44   2.5000   0.0300   0.046290   1.4250   1.2500   0.008598240   0.268726247
    45   2.5000   0.0300   0.023810   1.4250   1.2500   0.008598240   0.268726247
    46   3.7500   0.1050   0.550570   2.1120   1.8750   0.001000000  -0.126889456
    47   3.5000   0.0660   0.058500   1.9750   1.7500   0.005000000  -0.741685710
    48   2.9600   0.2100  -0.521770   1.6780   1.4800   0.001000000  -0.126889456
    49   3.1200   0.1700  -0.712870   1.7660   1.5600   0.021068034  -0.322181743
    50   2.4200   0.0150   0.096910   1.4250   1.2500   0.008598240   0.268726247
    51   2.4200   0.0150   0.036740   1.4250   1.2500   0.008598240   0.268726247
    52   0.5000   0.0300   0.495060   0.9960   0.8600   0.030040813  -0.651083722
    53   3.1200   0.1700  -0.715460   1.7660   1.5600   0.021068034  -0.322181743
    54   0.5000   0.0300   0.437800   0.9960   0.8600   0.030040813  -0.651083722
BOND
     1     2   268.000  1.529
     1     3   268.000  1.529
     1     4   268.000  1.529
     1     5   340.000  1.090
     6     3   268.000  1.529
     6     7   268.000  1.529
     6     8   340.000  1.090
     6     9   340.000  1.090
    10     3   250.000  1.527
    10    11   320.000  1.380
    10    53   380.000  1.407
    10    12   340.000  1.090
    21    22   317.000  1.510
    21    23   268.000  1.529
    21    20   268.000  1.529
    21    24   268.000  1.529
    22    25   549.000  1.340
    22    26   317.000  1.510
    25    27   320.000  1.462
    25    28   340.000  1.080
    27    29   570.000  1.229
    27    30   317.000  1.522
    23    31   340.000  1.090
    23    32   340.000  1.090
    23    33   340.000  1.090
    13    14   268.000  1.529
    13     2   268.000  1.529
    13    15   340.000  1.090
    13    16   340.000  1.090
    14    46   317.000  1.522
    14     3   268.000  1.529
    14    17   340.000  1.090
    46    47   317.000  1.522
    46    48   570.000  1.229
    47    49   320.000  1.410
    47    50   340.000  1.090
    47    51   340.000  1.090
     2    18   340.000  1.090
     2    19   340.000  1.090
     4    20   268.000  1.529
     4    34   268.000  1.529
     4    35   340.000  1.090
    20     7   268.000  1.529
    20    36   340.000  1.090
     7    11   320.000  1.410
     7    37   340.000  1.090
    53    54   553.000  0.945
    30    24   268.000  1.529
    30    38   340.000  1.090
    30    39   340.000  1.090
    24    40   340.000  1.090
    24    41   340.000  1.090
    26    34   268.000  1.529
    26    42   340.000  1.090
    26    43   340.000  1.090
    34    44   340.000  1.090
    34    45   340.000  1.090
    49    52   553.000  0.945
THET
     1     2    13    58.35000  112.70000
     1     2    18    37.50000  110.70000
     1     2    19    37.50000  110.70000
     1     3     6    58.35000  112.70000
     1     3    10    75.00000  109.43000
     1     3    14    58.35000  112.70000
     1     4    20    58.35000  112.70000
     1     4    34    58.35000  112.70000
     1     4    35    37.50000  110.70000
     6     3    10    75.00000  109.43000
     6     3    14    58.35000  112.70000
     6     7    20    58.35000  112.70000
     6     7    11    50.00000  109.50000
     6     7    37    37.50000  110.70000
    10     3    14    75.00000  109.43000
    10    11     7    60.00000  109.50000
    10    53    54    70.00000  107.92000
    21    22    25    70.00000  124.00000
    21    22    26    65.00000  117.92700
    21    23    31    37.50000  110.70000
    21    23    32    37.50000  110.70000
    21    23    33    37.50000  110.70000
    21    20     4    58.35000  112.70000
    21    20     7    58.35000  112.70000
    21    20    36    37.50000  110.70000
    21    24    30    58.35000  112.70000
    21    24    40    37.50000  110.70000
    21    24    41    37.50000  110.70000
    22    25    27    65.00000  118.96000
    22    25    28    35.00000  120.00000
    22    26    34    70.00000  112.02700
    22    26    42    35.00000  109.50000
    22    26    43    35.00000  109.50000
    25    27    29    80.00000  123.72100
    25    27    30    65.00000  118.62400
    27    30    24    63.00000  111.10000
    27    30    38    35.00000  109.50000
    27    30    39    35.00000  109.50000
    23    21    22    70.00000  112.02700
    13    14    46    63.00000  111.10000
    13    14     3    58.35000  112.70000
    13    14    17    37.50000  110.70000
    13     2    18    37.50000  110.70000
    13     2    19    37.50000  110.70000
    14    46    47    70.00000  116.00000
    14    46    48    80.00000  120.40000
    46    47    49    90.00000  109.61100
    46    47    50    35.00000  109.50000
    46    47    51    35.00000  109.50000
    47    49    52    55.00000  108.50000
     2    13    14    58.35000  112.70000
     3     1     2    58.35000  112.70000
     3    14    46    63.00000  111.10000
     4     1     2    58.35000  112.70000
     4     1     3    58.35000  112.70000
     4    20     7    58.35000  112.70000
     4    20    36    37.50000  110.70000
     4    34    26    58.35000  112.70000
     4    34    44    37.50000  110.70000
     4    34    45    37.50000  110.70000
    20    21    22    70.00000  112.02700
    20    21    23    58.35000  112.70000
    20     7    11    50.00000  109.50000
    20     7    37    37.50000  110.70000
     7     6     3    58.35000  112.70000
    11    10     3    90.00000  108.56700
    53    10     3    90.00000  110.19100
    53    10    11   110.00000  112.08000
    30    27    29    80.00000  120.40000
    30    24    40    37.50000  110.70000
    30    24    41    37.50000  110.70000
    24    21    22    70.00000  112.02700
    24    21    23    58.35000  112.70000
    24    21    20    58.35000  112.70000
    26    22    25    70.00000  124.00000
    26    34    44    37.50000  110.70000
    26    34    45    37.50000  110.70000
    34     4    20    58.35000  112.70000
    48    46    47    80.00000  120.40000
     5     1     2    37.50000  110.70000
     5     1     3    37.50000  110.70000
     5     1     4    37.50000  110.70000
     8     6     3    37.50000  110.70000
     8     6     7    37.50000  110.70000
     9     6     3    37.50000  110.70000
     9     6     7    37.50000  110.70000
     9     6     8    33.00000  107.80000
    12    10     3    45.00000  112.01100
    12    10    11    35.00000  109.50000
    12    10    53    60.00000  108.02500
    28    25    27    40.00000  117.72500
    32    23    31    33.00000  107.80000
    33    23    31    33.00000  107.80000
    33    23    32    33.00000  107.80000
    15    13    14    37.50000  110.70000
    15    13     2    37.50000  110.70000
    16    13    14    37.50000  110.70000
    16    13     2    37.50000  110.70000
    16    13    15    33.00000  107.80000
    17    14    46    35.00000  109.50000
    17    14     3    37.50000  110.70000
    50    47    49    35.00000  109.50000
    51    47    49    35.00000  109.50000
    51    47    50    33.00000  107.80000
    19     2    18    33.00000  107.80000
    35     4    20    37.50000  110.70000
    35     4    34    37.50000  110.70000
    36    20     7    37.50000  110.70000
    37     7    11    35.00000  109.50000
    38    30    24    37.50000  110.70000
    39    30    24    37.50000  110.70000
    39    30    38    33.00000  107.80000
    41    24    40    33.00000  107.80000
    42    26    34    37.50000  110.70000
    43    26    34    37.50000  110.70000
    43    26    42    33.00000  107.80000
    45    34    44    33.00000  107.80000
PHI
     1     4    20    21   0.56750  1.0 1.0
     1     4    20    21  -0.07550 -1.0 2.0
     1     4    20    21   0.20000  1.0 3.0
     1     4    20     7   0.56750  1.0 1.0
     1     4    20     7  -0.07550 -1.0 2.0
     1     4    20     7   0.20000  1.0 3.0
     1     4    20    36   0.15000  1.0 3.0
     1     4    34    26   0.56750  1.0 1.0
     1     4    34    26  -0.07550 -1.0 2.0
     1     4    34    26   0.20000  1.0 3.0
     1     4    34    44   0.15000  1.0 3.0
     1     4    34    45   0.15000  1.0 3.0
     6     7   -11    10   0.06250  1.0 1.0
     6     7   -11    10  -0.01100 -1.0 2.0
     6     7   -11    10   0.28050  1.0 3.0
    21    22    25    27   7.00000 -1.0 2.0
    21    22    25    28   7.00000 -1.0 2.0
    21    22    26    34   0.46850  1.0 1.0
    21    22    26    34   0.08550 -1.0 2.0
    21    22    26    34   0.09800  1.0 3.0
    21    22    26    42   0.34800  1.0 3.0
    21    22    26    43   0.34800  1.0 3.0
    21    20     7     6   0.56750  1.0 1.0
    21    20     7     6  -0.07550 -1.0 2.0
    21    20     7     6   0.20000  1.0 3.0
    21    20     7    11   0.62750  1.0 1.0
    21    20     7    11  -0.30950 -1.0 2.0
    21    20     7    11   0.27300  1.0 3.0
    21    20     7    37   0.15000  1.0 3.0
    22    21    23    31   0.15000  1.0 3.0
    22    21    23    32   0.15000  1.0 3.0
    22    21    23    33   0.15000  1.0 3.0
    22    21    20     4   0.34400  1.0 1.0
    22    21    20     4   0.09450 -1.0 2.0
    22    21    20     4   0.11100  1.0 3.0
    22    21    20     7   0.34400  1.0 1.0
    22    21    20     7   0.09450 -1.0 2.0
    22    21    20     7   0.11100  1.0 3.0
    22    21    20    36   0.15000  1.0 3.0
    22    21    24    30   0.34400  1.0 1.0
    22    21    24    30   0.09450 -1.0 2.0
    22    21    24    30   0.11100  1.0 3.0
    22    21    24    40   0.15000  1.0 3.0
    22    21    24    41   0.15000  1.0 3.0
    22    25    27    29   1.00000 -1.0 2.0
    22    25   -27    30  -0.33500  1.0 1.0
    22    25   -27    30   1.06600 -1.0 2.0
    22    25   -27    30  -0.14000  1.0 3.0
    22    26   -34     4   0.34400  1.0 1.0
    22    26   -34     4   0.09450 -1.0 2.0
    22    26   -34     4   0.11100  1.0 3.0
    22    26    34    44   0.15000  1.0 3.0
    22    26    34    45   0.15000  1.0 3.0
    25    22    26    34   0.09850  1.0 1.0
    25    22    26    34   0.15250 -1.0 2.0
    25    22    26    34  -0.50650  1.0 3.0
    25    22    26    42   0.00000  1.0 1.0
    25    22    26    43   0.00000  1.0 1.0
    25    27    30    24   0.65300  1.0 1.0
    25    27    30    24  -0.03850 -1.0 2.0
    25    27    30    24   0.33900  1.0 3.0
    25    27    30    38   0.00000  1.0 1.0
    25    27    30    39   0.00000  1.0 1.0
    27    30   -24    21  -0.95700  1.0 1.0
    27    30   -24    21  -0.18200 -1.0 2.0
    27    30   -24    21   0.29450  1.0 3.0
    27    30    24    40  -0.11250  1.0 3.0
    27    30    24    41  -0.11250  1.0 3.0
    23    21    22    25   0.09850  1.0 1.0
    23    21    22    25   0.15250 -1.0 2.0
    23    21    22    25  -0.50650  1.0 3.0
    23    21    22    26   0.46850  1.0 1.0
    23    21    22    26   0.08550 -1.0 2.0
    23    21    22    26   0.09800  1.0 3.0
    23    21    20     4   0.56750  1.0 1.0
    23    21    20     4  -0.07550 -1.0 2.0
    23    21    20     4   0.20000  1.0 3.0
    23    21    20     7   0.56750  1.0 1.0
    23    21    20     7  -0.07550 -1.0 2.0
    23    21    20     7   0.20000  1.0 3.0
    23    21    20    36   0.15000  1.0 3.0
    23    21    24    30   0.56750  1.0 1.0
    23    21    24    30  -0.07550 -1.0 2.0
    23    21    24    30   0.20000  1.0 3.0
    23    21    24    40   0.15000  1.0 3.0
    23    21    24    41   0.15000  1.0 3.0
    13    14    46    47   0.60050  1.0 1.0
    13    14    46    47   0.05600 -1.0 2.0
    13    14    46    47   0.26150  1.0 3.0
    13    14    46    48   0.30150 -1.0 2.0
    13    14    -3     1   0.56750  1.0 1.0
    13    14    -3     1  -0.07550 -1.0 2.0
    13    14    -3     1   0.20000  1.0 3.0
    13    14     3     6   0.56750  1.0 1.0
    13    14     3     6  -0.07550 -1.0 2.0
    13    14     3     6   0.20000  1.0 3.0
    13    14     3    10   3.97050  1.0 1.0
    14    13    -2     1   0.56750  1.0 1.0
    14    13    -2     1  -0.07550 -1.0 2.0
    14    13    -2     1   0.20000  1.0 3.0
    14    13     2    18   0.15000  1.0 3.0
    14    13     2    19   0.15000  1.0 3.0
    14    46    47    49   0.55300  1.0 1.0
    14    46    47    49   1.25850 -1.0 2.0
    14    46    47    49  -0.23600  1.0 3.0
    14    46    47    50   0.00000  1.0 1.0
    14    46    47    51   0.00000  1.0 1.0
    46    14     3     1  -0.95700  1.0 1.0
    46    14     3     1  -0.18200 -1.0 2.0
    46    14     3     1   0.29450  1.0 3.0
    46    14     3     6  -0.95700  1.0 1.0
    46    14     3     6  -0.18200 -1.0 2.0
    46    14     3     6   0.29450  1.0 3.0
    46    14     3    10  -0.95700  1.0 1.0
    46    14     3    10  -0.18200 -1.0 2.0
    46    14     3    10   0.29450  1.0 3.0
    46    47    49    52   0.91850  1.0 1.0
    46    47    49    52   0.57950  1.0 3.0
     2     1     3     6   0.56750  1.0 1.0
     2     1     3     6  -0.07550 -1.0 2.0
     2     1     3     6   0.20000  1.0 3.0
     2     1     3    10   3.97050  1.0 1.0
     2     1    -3    14   0.56750  1.0 1.0
     2     1    -3    14  -0.07550 -1.0 2.0
     2     1    -3    14   0.20000  1.0 3.0
     2     1     4    20   0.56750  1.0 1.0
     2     1     4    20  -0.07550 -1.0 2.0
     2     1     4    20   0.20000  1.0 3.0
     2     1     4    34   0.56750  1.0 1.0
     2     1     4    34  -0.07550 -1.0 2.0
     2     1     4    34   0.20000  1.0 3.0
     2     1     4    35   0.15000  1.0 3.0
     2    13    14    46  -0.95700  1.0 1.0
     2    13    14    46  -0.18200 -1.0 2.0
     2    13    14    46   0.29450  1.0 3.0
     2    13   -14     3   0.56750  1.0 1.0
     2    13   -14     3  -0.07550 -1.0 2.0
     2    13   -14     3   0.20000  1.0 3.0
     2    13    14    17   0.15000  1.0 3.0
     3     1    -2    13   0.56750  1.0 1.0
     3     1    -2    13  -0.07550 -1.0 2.0
     3     1    -2    13   0.20000  1.0 3.0
     3     1     2    18   0.15000  1.0 3.0
     3     1     2    19   0.15000  1.0 3.0
     3     1     4    20   0.56750  1.0 1.0
     3     1     4    20  -0.07550 -1.0 2.0
     3     1     4    20   0.20000  1.0 3.0
     3     1     4    34   0.56750  1.0 1.0
     3     1     4    34  -0.07550 -1.0 2.0
     3     1     4    34   0.20000  1.0 3.0
     3     1     4    35   0.15000  1.0 3.0
     3     6    -7    20   0.56750  1.0 1.0
     3     6    -7    20  -0.07550 -1.0 2.0
     3     6    -7    20   0.20000  1.0 3.0
     3     6    -7    11   0.62750  1.0 1.0
     3     6    -7    11  -0.30950 -1.0 2.0
     3     6    -7    11   0.27300  1.0 3.0
     3     6     7    37   0.15000  1.0 3.0
     3    10   -11     7   0.06250  1.0 1.0
     3    10   -11     7  -0.01100 -1.0 2.0
     3    10   -11     7   0.28050  1.0 3.0
     3    10    53    54  -0.11600  1.0 1.0
     3    10    53    54  -0.09450 -1.0 2.0
     3    10    53    54   0.21250  1.0 3.0
     3    14    46    47   0.60050  1.0 1.0
     3    14    46    47   0.05600 -1.0 2.0
     3    14    46    47   0.26150  1.0 3.0
     3    14    46    48   0.30150 -1.0 2.0
     4     1     2    13   0.56750  1.0 1.0
     4     1     2    13  -0.07550 -1.0 2.0
     4     1     2    13   0.20000  1.0 3.0
     4     1     2    18   0.15000  1.0 3.0
     4     1     2    19   0.15000  1.0 3.0
     4     1     3     6   0.56750  1.0 1.0
     4     1     3     6  -0.07550 -1.0 2.0
     4     1     3     6   0.20000  1.0 3.0
     4     1     3    10   3.97050  1.0 1.0
     4     1     3    14   0.56750  1.0 1.0
     4     1     3    14  -0.07550 -1.0 2.0
     4     1     3    14   0.20000  1.0 3.0
     4    20    -7     6   0.56750  1.0 1.0
     4    20    -7     6  -0.07550 -1.0 2.0
     4    20    -7     6   0.20000  1.0 3.0
     4    20     7    11   0.62750  1.0 1.0
     4    20     7    11  -0.30950 -1.0 2.0
     4    20     7    11   0.27300  1.0 3.0
     4    20     7    37   0.15000  1.0 3.0
    20    21    22    25   0.09850  1.0 1.0
    20    21    22    25   0.15250 -1.0 2.0
    20    21    22    25  -0.50650  1.0 3.0
    20    21    22    26   0.46850  1.0 1.0
    20    21    22    26   0.08550 -1.0 2.0
    20    21    22    26   0.09800  1.0 3.0
    20    21    23    31   0.15000  1.0 3.0
    20    21    23    32   0.15000  1.0 3.0
    20    21    23    33   0.15000  1.0 3.0
    20    21    24    30   0.56750  1.0 1.0
    20    21    24    30  -0.07550 -1.0 2.0
    20    21    24    30   0.20000  1.0 3.0
    20    21    24    40   0.15000  1.0 3.0
    20    21    24    41   0.15000  1.0 3.0
    20     4   -34    26   0.56750  1.0 1.0
    20     4   -34    26  -0.07550 -1.0 2.0
    20     4   -34    26   0.20000  1.0 3.0
    20     4    34    44   0.15000  1.0 3.0
    20     4    34    45   0.15000  1.0 3.0
    20     7    11    10   0.06250  1.0 1.0
    20     7    11    10  -0.01100 -1.0 2.0
    20     7    11    10   0.28050  1.0 3.0
     7     6    -3     1   0.56750  1.0 1.0
     7     6    -3     1  -0.07550 -1.0 2.0
     7     6    -3     1   0.20000  1.0 3.0
     7     6    -3    10   3.97050  1.0 1.0
     7     6     3    14   0.56750  1.0 1.0
     7     6     3    14  -0.07550 -1.0 2.0
     7     6     3    14   0.20000  1.0 3.0
    11    10     3     1   0.62750  1.0 1.0
    11    10     3     1  -0.30950 -1.0 2.0
    11    10     3     1   0.27300  1.0 3.0
    11    10    -3     6   0.62750  1.0 1.0
    11    10    -3     6  -0.30950 -1.0 2.0
    11    10    -3     6   0.27300  1.0 3.0
    11    10     3    14   0.62750  1.0 1.0
    11    10     3    14  -0.30950 -1.0 2.0
    11    10     3    14   0.27300  1.0 3.0
    11    10    53    54  -0.50000  1.0 1.0
    11    10    53    54  -0.73950 -1.0 2.0
    11    10    53    54   0.17150  1.0 3.0
    53    10     3     1   0.86500  1.0 1.0
    53    10     3     1  -0.17500 -1.0 2.0
    53    10     3     1   0.20800  1.0 3.0
    53    10     3     6   0.86500  1.0 1.0
    53    10     3     6  -0.17500 -1.0 2.0
    53    10     3     6   0.20800  1.0 3.0
    53    10     3    14   0.86500  1.0 1.0
    53    10     3    14  -0.17500 -1.0 2.0
    53    10     3    14   0.20800  1.0 3.0
    53    10    11     7  -0.70900  1.0 1.0
    53    10    11     7  -1.18000 -1.0 2.0
    53    10    11     7   0.91650  1.0 3.0
    29    27    30    24   0.30150 -1.0 2.0
    29    27    30    38   0.00000  1.0 1.0
    29    27    30    39   0.00000  1.0 1.0
    24    21   -22    25   0.09850  1.0 1.0
    24    21   -22    25   0.15250 -1.0 2.0
    24    21   -22    25  -0.50650  1.0 3.0
    24    21    22    26   0.46850  1.0 1.0
    24    21    22    26   0.08550 -1.0 2.0
    24    21    22    26   0.09800  1.0 3.0
    24    21    23    31   0.15000  1.0 3.0
    24    21    23    32   0.15000  1.0 3.0
    24    21    23    33   0.15000  1.0 3.0
    24    21    20     4   0.56750  1.0 1.0
    24    21    20     4  -0.07550 -1.0 2.0
    24    21    20     4   0.20000  1.0 3.0
    24    21    20     7   0.56750  1.0 1.0
    24    21    20     7  -0.07550 -1.0 2.0
    24    21    20     7   0.20000  1.0 3.0
    24    21    20    36   0.15000  1.0 3.0
    26    22    25    27   7.00000 -1.0 2.0
    26    22    25    28   7.00000 -1.0 2.0
    34     4   -20    21   0.56750  1.0 1.0
    34     4   -20    21  -0.07550 -1.0 2.0
    34     4   -20    21   0.20000  1.0 3.0
    34     4    20     7   0.56750  1.0 1.0
    34     4    20     7  -0.07550 -1.0 2.0
    34     4    20     7   0.20000  1.0 3.0
    34     4    20    36   0.15000  1.0 3.0
    48    46    47    49   0.30150 -1.0 2.0
    48    46    47    50   0.00000  1.0 1.0
    48    46    47    51   0.00000  1.0 1.0
     5     1     2    13   0.15000  1.0 3.0
     5     1     2    18   0.15000  1.0 3.0
     5     1     2    19   0.15000  1.0 3.0
     5     1     3     6   0.15000  1.0 3.0
     5     1     3    10   0.15000  1.0 3.0
     5     1     3    14   0.15000  1.0 3.0
     5     1     4    20   0.15000  1.0 3.0
     5     1     4    34   0.15000  1.0 3.0
     5     1     4    35   0.15000  1.0 3.0
     8     6     3     1   0.15000  1.0 3.0
     8     6     3    10   0.15000  1.0 3.0
     8     6     3    14   0.15000  1.0 3.0
     8     6     7    20   0.15000  1.0 3.0
     8     6     7    11   0.23400  1.0 3.0
     8     6     7    37   0.15000  1.0 3.0
     9     6     3     1   0.15000  1.0 3.0
     9     6     3    10   0.15000  1.0 3.0
     9     6     3    14   0.15000  1.0 3.0
     9     6     7    20   0.15000  1.0 3.0
     9     6     7    11   0.23400  1.0 3.0
     9     6     7    37   0.15000  1.0 3.0
    12    10     3     1   0.15000  1.0 3.0
    12    10     3     6   0.15000  1.0 3.0
    12    10     3    14   0.15000  1.0 3.0
    12    10    11     7   0.37050  1.0 3.0
    12    10    53    54   0.19450  1.0 3.0
    28    25    27    29   1.00000 -1.0 2.0
    28    25    27    30   0.04550  1.0 1.0
    28    25    27    30   1.00000 -1.0 2.0
    28    25    27    30  -0.04000  1.0 3.0
    15    13    14    46  -0.11250  1.0 3.0
    15    13    14     3   0.15000  1.0 3.0
    15    13    14    17   0.15000  1.0 3.0
    15    13     2     1   0.15000  1.0 3.0
    15    13     2    18   0.15000  1.0 3.0
    15    13     2    19   0.15000  1.0 3.0
    16    13    14    46  -0.11250  1.0 3.0
    16    13    14     3   0.15000  1.0 3.0
    16    13    14    17   0.15000  1.0 3.0
    16    13     2     1   0.15000  1.0 3.0
    16    13     2    18   0.15000  1.0 3.0
    16    13     2    19   0.15000  1.0 3.0
    17    14    46    47   0.00000  1.0 1.0
    17    14    46    48   0.00000  1.0 1.0
    17    14     3     1   0.15000  1.0 3.0
    17    14     3     6   0.15000  1.0 3.0
    17    14     3    10   0.15000  1.0 3.0
    50    47    49    52   0.19450  1.0 3.0
    51    47    49    52   0.19450  1.0 3.0
    35     4    20    21   0.15000  1.0 3.0
    35     4    20     7   0.15000  1.0 3.0
    35     4    20    36   0.15000  1.0 3.0
    35     4    34    26   0.15000  1.0 3.0
    35     4    34    44   0.15000  1.0 3.0
    35     4    34    45   0.15000  1.0 3.0
    36    20     7     6   0.15000  1.0 3.0
    36    20     7    11   0.23400  1.0 3.0
    36    20     7    37   0.15000  1.0 3.0
    37     7    11    10   0.37050  1.0 3.0
    38    30    24    21   0.15000  1.0 3.0
    38    30    24    40   0.15000  1.0 3.0
    38    30    24    41   0.15000  1.0 3.0
    39    30    24    21   0.15000  1.0 3.0
    39    30    24    40   0.15000  1.0 3.0
    39    30    24    41   0.15000  1.0 3.0
    42    26    34     4   0.15000  1.0 3.0
    42    26    34    44   0.15000  1.0 3.0
    42    26    34    45   0.15000  1.0 3.0
    43    26    34     4   0.15000  1.0 3.0
    43    26    34    44   0.15000  1.0 3.0
    43    26    34    45   0.15000  1.0 3.0
IPHI
    21    26    22    25   1.10000 -1.0 2.0
    27    28    25    22   1.10000 -1.0 2.0
    25    30    27    29  10.50000 -1.0 2.0
    14    47    46    48  10.50000 -1.0 2.0
END
