* LIGAND DATABASE FILE (OPLS2005)
*
C21      11    11     16     25      42
    1     0 M   SA   _S1_     5   32.630855   73.386544  -35.523204
    2     1 M   C5A  _C2_     4    1.746830  133.368271  -65.631709
    3     2 M   C5B  _C3_     6    1.371130  111.084389  -26.773573
    4     1 M   C5A  _C5_     8    1.744640   48.165814 -102.476086
    5     3 M   C5B  _C4_     7    1.426700  113.292990    0.429606
    6     3 M   HA   _H3_     9    1.080660  123.835780  179.694126
    7     5 M   HA   _H4_    10    1.081150  121.993310  179.467340
    8     4 M   HA   _H5_    11    1.080200  119.946840  -26.366929
    9     2 S   CO3  _C1_     2    1.472850  118.357730  154.757418
   10     9 S   O2Z  _O1_     1    1.253990  121.095420  -13.338140
   11     9 S   O2Z  _O2_     3    1.249020  120.017208  165.299098
  10   9   8   5   4   2   1   1   2   1   1
    10     9    11     2     3     5     4     6     7     8
    10     9    11     3     5     4     6     7     8
    10     9    11     5     4     6     7     8
     9     6     5     7     8
     9     6     7     8
     9     7
     8
     0
    10    11
    11
     0
NBON
     1   3.5600   0.3950   0.057290   2.0080   1.7800   0.025682759  -1.666211680
     2   3.5500   0.0700  -0.250840   2.0020   1.7750   0.001000000  -0.843144165
     3   3.5500   0.0700   0.006410   2.0020   1.7750   0.001000000  -0.843144165
     4   3.5500   0.0700  -0.143860   2.0020   1.7750   0.001000000  -0.843144165
     5   3.5500   0.0700  -0.264440   2.0020   1.7750   0.001000000  -0.843144165
     6   2.4200   0.0300   0.113250   1.3810   1.2100   0.030040813   0.268726247
     7   2.4200   0.0300   0.154520   1.3810   1.2100   0.030040813   0.268726247
     8   2.4200   0.0300   0.185740   1.3810   1.2100   0.030040813   0.268726247
     9   3.7500   0.1050   0.920940   2.1120   1.8750   0.001000000  -0.126889456
    10   2.9600   0.2100  -0.852350   1.7000   1.5000   0.001000000  -0.126889456
    11   2.9600   0.2100  -0.926670   1.7000   1.5000   0.001000000  -0.126889456
BOND
    10     9   656.000  1.250
     9    11   656.000  1.250
     9     2   325.000  1.466
     2     1   265.000  1.745
     2     3   520.000  1.370
     1     4   265.000  1.745
     3     5   400.000  1.425
     3     6   367.000  1.080
     5     4   520.000  1.370
     5     7   367.000  1.080
     4     8   367.000  1.080
THET
    10     9    11    80.00000  126.00000
    10     9     2    80.00000  120.87000
     9     2     1    70.00000  117.35500
     9     2     3    50.00000  132.79500
     2     9    11    80.00000  120.87000
     2     1     4   110.00000   90.41100
     2     3     5    75.00000  112.39000
     2     3     6    35.00000  128.20000
     1     4     5    80.00000  111.29200
     1     4     8    40.00000  122.38200
     3     2     1    80.00000  111.29200
     3     5     4    75.00000  112.39000
     3     5     7    35.00000  125.69000
     5     4     8    35.00000  130.70000
     6     3     5    35.00000  125.69000
     7     5     4    35.00000  128.20000
PHI
    10     9     2     1   1.05000 -1.0 2.0
    10     9     2     3   1.05000 -1.0 2.0
     9     2     1     4   3.62500 -1.0 2.0
     9     2     3     5   3.62500 -1.0 2.0
     9     2     3     6   3.62500 -1.0 2.0
    11     9     2     1   1.05000 -1.0 2.0
    11     9     2     3   1.05000 -1.0 2.0
     2     1    -4     5   3.62500 -1.0 2.0
     2     1     4     8   3.62500 -1.0 2.0
     2     3    -5     4   3.62500 -1.0 2.0
     2     3     5     7   3.62500 -1.0 2.0
     1     2    -3     5   3.62500 -1.0 2.0
     1     2     3     6   3.62500 -1.0 2.0
     3     2    -1     4   3.62500 -1.0 2.0
     3     5    -4     1   3.62500 -1.0 2.0
     3     5     4     8   3.62500 -1.0 2.0
     6     3     5     4   3.62500 -1.0 2.0
     6     3     5     7   3.62500 -1.0 2.0
     7     5     4     1   3.62500 -1.0 2.0
     7     5     4     8   3.62500 -1.0 2.0
IPHI
    10     2     9    11  10.50000 -1.0 2.0
     1     3     2     9   4.00000 -1.0 2.0
     5     6     3     2   1.10000 -1.0 2.0
     4     7     5     3   1.10000 -1.0 2.0
     5     8     4     1   1.10000 -1.0 2.0
END
