* LIGAND DATABASE FILE (OPLS2005)
*
HPA      14    15     23     39      62
    1     0 M   N    _N1_     1   98.162720   66.956090  -22.883800
    2     1 M   CDX  _C1_     2    1.415280   92.255590  -76.027730
    3     1 M   C    _C4_     6    1.349580   52.933960  152.830120
    4     1 M   H    _H1_    11    1.010950  127.887190   52.461080
    5     2 M   NI   _N2_     3    1.309780  123.844070  -45.898380
    6     2 M   HC   _H2_    12    1.092280  113.535500  134.231990
    7     5 M   C5B  _C2_     4    1.400720  116.124360    1.750780
    8     7 M   C5A  _C3_     5    1.359260  121.303490   -1.403190
    9     7 M   N5B  _N4_    10    1.394340  127.421460  178.174900
   10     8 M   NA   _N3_     8    1.378240  106.670900  179.444680
   11     3 M   O    _O1_     7    1.234850  124.628960 -120.019230
   12    10 M   CRA  _C5_     9    1.344610  105.479460   -0.239850
   13    10 M   H    _H3_    13    1.019790  127.677470 -177.315840
   14    12 M   HA   _H4_    14    1.079220  122.591690 -178.065890
   9   8  10   4   6   1   7   6   4   4   1   2   1   1
     2     5     7     8     3    11    10     4     6
     4     5     7     8     3    11     9     6
     4     6     5     7     8    11    10    12     9    13
     6     5     8    11
     6     7     8    10    12     9
     7
     8    11    10    12     9    13    14
    11    10    12     9    13    14
    10    13    12    14
    11    12    13    14
     0
    13    14
    14
     0
NBON
     1   3.2500   0.1700  -0.684460   1.8100   1.6000   0.054801302  -1.445846770
     2   3.7500   0.1050   0.445740   2.0020   1.7750   0.023028004  -0.852763146
     3   3.7500   0.1050   0.780060   1.9250   1.7000   0.001000000  -0.126889456
     4   0.5000   0.0300   0.482900   1.5900   1.4000   0.030040813  -0.651083722
     5   3.2800   0.1700  -0.758790   1.8540   1.6400   0.005000000   0.000000000
     6   2.4200   0.0300   0.132350   1.4250   1.2500   0.008598240   0.268726247
     7   3.5500   0.0700   0.914500   2.5000   1.7750   0.001000000  -0.843144165
     8   3.5500   0.0700  -0.305530   2.5000   1.7750   0.001000000  -0.843144165
     9   3.2500   0.1700  -0.817740   1.8000   1.6000   0.001000000  -0.511443539
    10   3.2500   0.1700  -0.368740   1.8000   1.6000   0.001000000  -0.511443539
    11   2.9600   0.2100  -0.697070   1.5250   1.4250   0.001000000  -1.480495490
    12   3.5500   0.0700   0.319030   2.0020   1.7750   0.001000000  -0.843144165
    13   0.5000   0.0300   0.429040   0.9960   0.8600   0.030040813  -0.651083722
    14   2.4200   0.0300   0.128720   1.3810   1.2100   0.030040813   0.268726247
BOND
     1     2   400.000  1.380
     1     3   490.000  1.335
     1     4   434.000  1.010
     2     5   650.000  1.285
     2     6   370.000  1.091
     5     7   400.000  1.385
     7     8   520.000  1.370
     7     9   410.000  1.394
     8     3   325.000  1.466
     8    10   427.000  1.381
     3    11   570.000  1.229
    10    12   477.000  1.343
    10    13   434.000  1.010
    12     9   488.000  1.335
    12    14   367.000  1.080
THET
     1     2     5    80.00000  119.04400
     1     2     6    45.00000  112.72000
     1     3     8    75.00000  115.25300
     1     3    11    80.00000  122.90000
     2     5     7    70.00000  111.79000
     5     7     8    70.00000  120.44500
     5     7     9    75.00000  118.65000
     7     8     3    50.00000  132.79500
     7     8    10    70.00000  106.30000
     7     9    12    70.00000  110.00000
     8     3    11    80.00000  120.87000
     8    10    12    70.00000  109.80000
     8    10    13    35.00000  120.00000
     3     1     2    70.00000  120.51600
    10     8     3    70.00000  119.02500
    10    12     9    70.00000  120.00000
    10    12    14    35.00000  120.00000
     9     7     8    70.00000  111.00000
     4     1     2    45.00000  120.05200
     4     1     3    35.00000  119.80000
     6     2     5    45.00000  121.92500
    13    10    12    35.00000  120.00000
    14    12     9    35.00000  120.00000
PHI
     1     2     5     7   6.00000 -1.0 2.0
     2     1     3     8   2.45000 -1.0 2.0
     2     1     3    11   2.67200 -1.0 2.0
     2     5    -7     8   1.25000 -1.0 2.0
     2     5     7     9   1.25000 -1.0 2.0
     5     7     8     3   3.62500 -1.0 2.0
     5     7     8    10   3.62500 -1.0 2.0
     5     7     9    12   3.62500 -1.0 2.0
     7     8    -3     1   0.75700  1.0 1.0
     7     8    -3     1   1.00000 -1.0 2.0
     7     8    -3     1   0.33000  1.0 3.0
     7     8    -3     1  -0.28100 -1.0 4.0
     7     8     3    11   1.05000 -1.0 2.0
     7     8   -10    12   1.40000 -1.0 2.0
     7     8    10    13   1.40000 -1.0 2.0
     8     7    -9    12   2.40000 -1.0 2.0
     8    10   -12     9   2.32500 -1.0 2.0
     8    10    12    14   2.32500 -1.0 2.0
     3     1    -2     5  -0.56400  1.0 1.0
     3     1    -2     5   1.00000 -1.0 2.0
     3     1    -2     5   0.18700  1.0 3.0
     3     1     2     6   1.44600  1.0 1.0
     3     1     2     6   1.00000 -1.0 2.0
     3     8    10    12   3.62500 -1.0 2.0
     3     8    10    13   2.00000 -1.0 2.0
    10     8     3     1   1.31350  1.0 1.0
    10     8     3     1   1.00000 -1.0 2.0
    10     8     3    11   1.85000 -1.0 2.0
    10    12    -9     7   5.00000 -1.0 2.0
     9     7     8     3   3.62500 -1.0 2.0
     9     7    -8    10   5.37500 -1.0 2.0
     4     1     2     5   1.00000 -1.0 2.0
     4     1     2     6   1.00000 -1.0 2.0
     4     1     3     8   2.56700 -1.0 2.0
     4     1     3    11   2.45000 -1.0 2.0
     6     2     5     7   4.00000 -1.0 2.0
    13    10    12     9   2.32500 -1.0 2.0
    13    10    12    14   2.32500 -1.0 2.0
    14    12     9     7   5.00000 -1.0 2.0
IPHI
     4     2     1     3   1.00000 -1.0 2.0
     1     6     2     5  10.50000 -1.0 2.0
     8     9     7     5   4.00000 -1.0 2.0
     3    10     8     7   4.00000 -1.0 2.0
     1     8     3    11  10.50000 -1.0 2.0
    13     8    10    12   1.00000 -1.0 2.0
     9    14    12    10   1.10000 -1.0 2.0
END
