* LIGAND DATABASE FILE (OPLS2005)
*
HQQ      14    14     20     34      59
    1     0 M   CA   _C1_     1   61.356790   92.191130   99.531500
    2     1 M   CA   _C2_     2    1.383750   75.854920  -29.800040
    3     1 M   CA   _C3_     3    1.437240   66.234000  101.736340
    4     1 M   HA   _H1_     9    0.969450  130.151250 -147.044970
    5     2 M   CA   _C4_     4    1.349350  118.290220   51.546500
    6     3 M   CA   _C6_     6    1.247570  121.678110  -57.207570
    7     3 M   HA   _H5_    13    1.079720  119.988560  122.853240
    8     5 M   CA   _C5_     5    1.397090  119.906700    0.111910
    9     5 M   HA   _H6_    14    1.080080  120.022130 -179.787860
   10     8 M   HA   _H2_    10    0.970100  120.705570 -179.163030
   11     2 S   OH   _O1_     7    1.329200  123.715190 -127.777720
   12    11 S   HO   _H3_    11    0.886850  109.450230  162.744980
   13     6 S   OH   _O2_     8    1.499380  118.258220 -179.530190
   14    13 S   HO   _H4_    12    0.956960  106.182570 -179.944050
  11  10   9   4   7   6   2   5   2   1   1   1   1   1
     2     3     5     8     6    11    13     4    12     7     9
     4     3     5     8     6    11    10    12     7     9
     4     5     8     6    11    13    10    14     7
     7     5     6    11
     8     6    11    13    10    12     9
     7    13    10    14     9     8
     8    13
    11     9    13    10    14
    11    10
    13
    12
     0
    14
     0
NBON
     1   3.5500   0.0700  -0.115000   2.0020   1.7750   0.001000000  -0.843144165
     2   3.5500   0.0700   0.150000   2.0020   1.7750   0.001000000  -0.843144165
     3   3.5500   0.0700  -0.115000   2.0020   1.7750   0.001000000  -0.843144165
     4   2.4200   0.0300   0.115000   1.3810   1.2100   0.030040813   0.268726247
     5   3.5500   0.0700  -0.115000   2.0020   1.7750   0.001000000  -0.843144165
     6   3.5500   0.0700   0.150000   2.0020   1.7750   0.001000000  -0.843144165
     7   2.4200   0.0300   0.115000   1.3810   1.2100   0.030040813   0.268726247
     8   3.5500   0.0700  -0.115000   2.0020   1.7750   0.001000000  -0.843144165
     9   2.4200   0.0300   0.115000   1.3810   1.2100   0.030040813   0.268726247
    10   2.4200   0.0300   0.115000   1.3810   1.2100   0.030040813   0.268726247
    11   3.0700   0.1700  -0.585000   1.7660   1.5600   0.021068034  -0.322181743
    12   0.5000   0.0300   0.435000   0.9960   0.8600   0.030040813  -0.651083722
    13   3.0700   0.1700  -0.585000   1.7660   1.5600   0.021068034  -0.322181743
    14   0.5000   0.0300   0.435000   0.9960   0.8600   0.030040813  -0.651083722
BOND
     1     2   469.000  1.400
     1     3   469.000  1.400
     1     4   367.000  1.080
     2     5   469.000  1.400
     2    11   450.000  1.364
     3     6   469.000  1.400
     3     7   367.000  1.080
     5     8   469.000  1.400
     5     9   367.000  1.080
     8     6   469.000  1.400
     8    10   367.000  1.080
     6    13   450.000  1.364
    11    12   553.000  0.945
    13    14   553.000  0.945
THET
     1     2     5    63.00000  120.00000
     1     2    11    70.00000  120.00000
     1     3     6    63.00000  120.00000
     1     3     7    35.00000  120.00000
     2     5     8    63.00000  120.00000
     2     5     9    35.00000  120.00000
     2    11    12    35.00000  113.00000
     3     1     2    63.00000  120.00000
     3     6     8    63.00000  120.00000
     3     6    13    70.00000  120.00000
     5     8     6    63.00000  120.00000
     5     8    10    35.00000  120.00000
     8     6    13    70.00000  120.00000
     6    13    14    35.00000  113.00000
    11     2     5    70.00000  120.00000
     4     1     2    35.00000  120.00000
     4     1     3    35.00000  120.00000
    10     8     6    35.00000  120.00000
     7     3     6    35.00000  120.00000
     9     5     8    35.00000  120.00000
PHI
     1     2     5     8   3.62500 -1.0 2.0
     1     2     5     9   3.62500 -1.0 2.0
     1     2    11    12   0.84100 -1.0 2.0
     1     3    -6     8   3.62500 -1.0 2.0
     1     3     6    13   3.62500 -1.0 2.0
     2     1     3     6   3.62500 -1.0 2.0
     2     1     3     7   3.62500 -1.0 2.0
     2     5    -8     6   3.62500 -1.0 2.0
     2     5     8    10   3.62500 -1.0 2.0
     3     1     2     5   3.62500 -1.0 2.0
     3     1     2    11   3.62500 -1.0 2.0
     3     6    13    14   0.84100 -1.0 2.0
     5     2    11    12   0.84100 -1.0 2.0
     5     8    -6     3   3.62500 -1.0 2.0
     5     8     6    13   3.62500 -1.0 2.0
     8     6    13    14   0.84100 -1.0 2.0
    11     2     5     8   3.62500 -1.0 2.0
    11     2     5     9   3.62500 -1.0 2.0
     4     1     2     5   3.62500 -1.0 2.0
     4     1     2    11   3.62500 -1.0 2.0
     4     1     3     6   3.62500 -1.0 2.0
     4     1     3     7   3.62500 -1.0 2.0
    10     8     6     3   3.62500 -1.0 2.0
    10     8     6    13   3.62500 -1.0 2.0
     7     3     6     8   3.62500 -1.0 2.0
     7     3     6    13   3.62500 -1.0 2.0
     9     5     8     6   3.62500 -1.0 2.0
     9     5     8    10   3.62500 -1.0 2.0
IPHI
     3     4     1     2   1.10000 -1.0 2.0
     5    11     2     1   4.00000 -1.0 2.0
     6     7     3     1   1.10000 -1.0 2.0
     8     9     5     2   1.10000 -1.0 2.0
     6    10     8     5   1.10000 -1.0 2.0
     8    13     6     3   4.00000 -1.0 2.0
END
