* LIGAND DATABASE FILE (OPLS2005)
*
IMH      34    36     64    113     192
    1     0 M   NP   _N1_     4  114.505846   94.578369    5.609224
    2     1 M   CT   _C2_     3    1.465420   88.102276 -115.541371
    3     2 M   CT   _C3_     5    1.528120  102.543162    0.600507
    4     2 M   HC   _H4_    23    1.090760  109.397023 -117.050689
    5     1 M   CT   _C5_     9    1.464760   44.705642    5.966173
    6     1 M   H    _H5_    24    1.071100   68.772243  142.733672
    7     1 M   H    _H15    34    0.999340  156.253960   49.831985
    8     3 M   CT   _C4_     7    1.545600  104.254500   29.369723
    9     3 M   HC   _H6_    25    1.090560  111.881860  149.772563
   10     8 M   HC   _H8_    27    1.078010  106.074160  108.212120
   11     5 M   HC   _H10    29    1.090150  108.116210   83.621458
   12     2 S   CT   _C1_     2    1.539830  111.823800  122.646075
   13    12 S   OH   _O1_     1    1.416570  109.892340   56.000300
   14    12 S   HC   _H2_    21    1.089890  111.916789  -65.723467
   15    12 S   HC   _H3_    22    1.091550  110.063217  176.366440
   16    13 S   HO   _H1_    20    0.954500  108.544234   76.801083
   17     3 S   OH   _O2_     6    1.416800  108.292540  -91.323787
   18    17 S   HO   _H7_    26    0.996940  106.011830   55.533630
   19     8 S   OH   _O3_     8    1.414130  112.423130 -137.709410
   20    19 S   HO   _H9_    28    1.002820  110.140680   85.841690
   21     5 S   C5BC _C6_    10    1.544180  109.873970 -159.547932
   22    21 S   C5A  _C7_    11    1.383950  124.984640  -49.665960
   23    21 S   C5BC _C11    19    1.438090  131.411880  130.201560
   24    22 S   NA   _N2_    12    1.389620  110.161290  177.488690
   25    22 S   HA   _H11    30    1.080440  131.070470   -2.238350
   26    23 S   C5A  _C8_    13    1.356411  110.029566 -177.573556
   27    23 S   NI   _N4_    18    1.404153  130.136466    3.361478
   28    24 S   H    _H12    31    1.021220  127.132430  178.448960
   29    26 S   C    _C9_    14    1.466660  123.308083  179.175156
   30    27 S   CDX  _C10    17    1.306150  117.570017  175.358353
   31    29 S   O    _O4_    15    1.233630  123.730060 -171.853355
   32    29 S   N    _N3_    16    1.344550  112.458680    5.733005
   33    30 S   HC   _H14    33    1.091530  122.853565 -176.501083
   34    32 S   H    _H13    32    1.010500  118.548640  175.755960
  19  18  17  10  17   5   4  11   5   5   4   5   3   2   1   1   2
   1   2   1   9   7  10   7   2   7   5   1   5   4   2   2   1
   1
    13    12    14    15     2     4     3    17     8    19     5    21    22    23     6     9    10    11     7
    13    16    12    14    15     3    17     8    19     5    21     4     6     9    18    10    11     7
    13    12    14    15     4     6    17     8    19     5    21     9    18    10    20    11     7
    13    12    14    15     6     9     7    17     8     5
    12     6     9     7    17     8    10    19    20    21    22    24    26    27    23    11    25
    12    11     7     8    21
    12     8    11    21
    12     9    17    18    19    21    22    23    10    20    11
    12    18    10    17    19
    17    20    11    19    21
    19    21    22    23
    13    16    17    14    15
    16    14    15
    16    15
    16
     0
    19    18
     0
    21    20
     0
    22    24    26    29    30    27    23    25    28
    24    26    29    27    23    25    28
    25    24    28    26    29    31    32    30    33    27
    25    26    29    31    32    27    28
    28    26
    28    29    31    32    30    27    34
    29    32    34    30    33
    29
    31    32    30    34    33
    31    32    34    33
    32    34
    34    33
    34
     0
NBON
     1   3.2500   0.1700  -0.181590   2.1950   1.9500   0.003973653   1.685851020
     2   3.5000   0.0660  -0.269730   1.9750   1.7500   0.005000000  -0.741685710
     3   3.5000   0.0660   0.390560   1.9750   1.7500   0.005000000  -0.741685710
     4   2.5000   0.0300   0.148680   1.6450   1.4500   0.008598240   0.268726247
     5   3.5000   0.0660  -0.114450   1.9750   1.7500   0.005000000  -0.741685710
     6   0.5000   0.0300   0.467890   0.9960   0.8600   0.030040813  -0.651083722
     7   0.5000   0.0300   0.276170   0.9960   0.8600   0.030040813  -0.651083722
     8   3.5000   0.0660   0.503570   1.9750   1.7500   0.005000000  -0.741685710
     9   2.5000   0.0300   0.018930   1.6450   1.4500   0.008598240   0.268726247
    10   2.5000   0.0300  -0.046520   1.6450   1.4500   0.008598240   0.268726247
    11   2.5000   0.0300   0.158280   1.6450   1.4500   0.008598240   0.268726247
    12   3.5000   0.0660   0.290820   1.9750   1.7500   0.005000000  -0.741685710
    13   3.1200   0.1700  -0.667280   1.7660   1.5600   0.021068034  -0.322181743
    14   2.5000   0.0300   0.012240   1.6450   1.4500   0.008598240   0.268726247
    15   2.5000   0.0300   0.017440   1.6450   1.4500   0.008598240   0.268726247
    16   0.5000   0.0300   0.464110   0.9960   0.8600   0.030040813  -0.651083722
    17   3.1200   0.1700  -0.787440   1.7660   1.5600   0.021068034  -0.322181743
    18   0.5000   0.0300   0.573350   0.9960   0.8600   0.030040813  -0.651083722
    19   3.1200   0.1700  -0.804260   1.7660   1.5600   0.021068034  -0.322181743
    20   0.5000   0.0300   0.572860   0.9960   0.8600   0.030040813  -0.651083722
    21   3.5500   0.0700  -0.264870   2.0020   1.7750   0.001000000  -0.843144165
    22   3.5500   0.0700  -0.089480   2.0020   1.7750   0.001000000  -0.843144165
    23   3.5500   0.0700   0.556980   2.5000   1.7750   0.001000000  -0.843144165
    24   3.2500   0.1700  -0.324710   1.8650   1.6500   0.001000000  -0.511443539
    25   2.4200   0.0300   0.178120   1.3810   1.2100   0.030040813   0.268726247
    26   3.5500   0.0700  -0.216490   2.5000   1.7750   0.001000000  -0.843144165
    27   3.2800   0.1700  -0.659220   1.8540   1.6400   0.005000000   0.000000000
    28   0.5000   0.0300   0.393190   0.9960   0.8600   0.030040813  -0.651083722
    29   3.7500   0.1050   0.737130   1.9250   1.7000   0.001000000  -0.126889456
    30   3.7500   0.1050   0.370690   2.0020   1.7750   0.023028004  -0.852763146
    31   2.9600   0.2100  -0.701870   1.5250   1.4250   0.001000000  -1.480495490
    32   3.2500   0.1700  -0.601870   1.8100   1.6000   0.054801302  -1.445846770
    33   2.4200   0.0300   0.136220   1.4250   1.2500   0.008598240   0.268726247
    34   0.5000   0.0300   0.462580   1.5900   1.4000   0.030040813  -0.651083722
BOND
    13    12   320.000  1.410
    13    16   553.000  0.945
    12     2   268.000  1.529
    12    14   340.000  1.090
    12    15   340.000  1.090
     2     1   367.000  1.471
     2     3   268.000  1.529
     2     4   340.000  1.090
     1     5   367.000  1.471
     1     6   434.000  1.010
     1     7   434.000  1.010
     3    17   320.000  1.410
     3     8   268.000  1.529
     3     9   340.000  1.090
    17    18   553.000  0.945
     8    19   320.000  1.410
     8     5   268.000  1.529
     8    10   340.000  1.090
    19    20   553.000  0.945
     5    21   285.000  1.502
     5    11   340.000  1.090
    21    22   546.000  1.367
    21    23   469.000  1.424
    22    24   427.000  1.381
    22    25   367.000  1.080
    24    26   427.000  1.381
    24    28   434.000  1.010
    26    29   325.000  1.466
    26    23   546.000  1.367
    29    31   570.000  1.229
    29    32   490.000  1.335
    32    30   400.000  1.380
    32    34   434.000  1.010
    30    27   650.000  1.285
    30    33   370.000  1.091
    27    23   400.000  1.385
THET
    13    12     2    50.00000  109.50000
    13    12    14    35.00000  109.50000
    13    12    15    35.00000  109.50000
    12     2     1    80.00000  111.20000
    12     2     3    58.35000  112.70000
    12     2     4    37.50000  110.70000
     2     1     5    75.00000  113.01200
     2     1     6    35.00000  109.50000
     2     1     7    35.00000  109.50000
     2     3    17    50.00000  109.50000
     2     3     8    58.35000  112.70000
     2     3     9    37.50000  110.70000
     1     5     8    80.00000  111.20000
     1     5    21    75.00000  110.83300
     1     5    11    35.00000  109.50000
     3     2     1    80.00000  111.20000
     3    17    18    55.00000  108.50000
     3     8    19    50.00000  109.50000
     3     8     5    58.35000  112.70000
     3     8    10    37.50000  110.70000
     8     3    17    50.00000  109.50000
     8    19    20    55.00000  108.50000
     8     5    21    70.00000  112.17500
     8     5    11    37.50000  110.70000
     5     8    19    50.00000  109.50000
     5    21    22    60.00000  130.00000
     5    21    23    60.00000  130.00000
    21    22    24    70.00000  107.70000
    21    22    25    35.00000  132.10000
    21    23    26    70.00000  107.30000
    21    23    27    70.00000  120.44500
    22    24    26    70.00000  109.80000
    22    24    28    35.00000  120.00000
    24    26    29    70.00000  119.02500
    24    26    23    70.00000  107.70000
    26    29    31    80.00000  120.87000
    26    29    32    75.00000  115.25300
    26    23    27    70.00000  120.44500
    29    32    30    70.00000  120.51600
    29    32    34    35.00000  119.80000
    32    29    31    80.00000  122.90000
    32    30    27    80.00000  119.04400
    32    30    33    45.00000  112.72000
    30    27    23    70.00000  111.79000
    23    21    22    70.00000  107.30000
    23    26    29    55.00000  130.80000
    16    13    12    55.00000  108.50000
    14    12     2    37.50000  110.70000
    15    12     2    37.50000  110.70000
    15    12    14    33.00000  107.80000
     4     2     1    35.00000  109.50000
     4     2     3    37.50000  110.70000
     6     1     5    35.00000  109.50000
     9     3    17    35.00000  109.50000
     9     3     8    37.50000  110.70000
    10     8    19    35.00000  109.50000
    10     8     5    37.50000  110.70000
    11     5    21    35.00000  109.50000
    25    22    24    35.00000  121.60000
    28    24    26    35.00000  120.00000
    34    32    30    45.00000  120.05200
    33    30    27    45.00000  121.92500
     7     1     5    35.00000  109.50000
     7     1     6    35.00000  109.50000
PHI
    13    12     2     1   1.69300  1.0 1.0
    13    12     2     1  -0.48450 -1.0 2.0
    13    12     2     3   0.86500  1.0 1.0
    13    12     2     3  -0.17500 -1.0 2.0
    13    12     2     3   0.20800  1.0 3.0
    13    12     2     4   0.23400  1.0 3.0
    12     2     1     5   0.47100  1.0 1.0
    12     2     1     6   0.17350  1.0 3.0
    12     2     1     7   0.17350  1.0 3.0
    12     2     3    17   0.86500  1.0 1.0
    12     2     3    17  -0.17500 -1.0 2.0
    12     2     3    17   0.20800  1.0 3.0
    12     2     3     8   0.56750  1.0 1.0
    12     2     3     8  -0.07550 -1.0 2.0
    12     2     3     8   0.20000  1.0 3.0
    12     2     3     9   0.15000  1.0 3.0
     2     1    -5     8   0.47100  1.0 1.0
     2     1     5    21   0.03550  1.0 1.0
     2     1     5    21   0.09800 -1.0 2.0
     2     1     5    11   0.15000  1.0 3.0
     2     3    17    18  -0.11600  1.0 1.0
     2     3    17    18  -0.09450 -1.0 2.0
     2     3    17    18   0.21250  1.0 3.0
     2     3     8    19   0.86500  1.0 1.0
     2     3     8    19  -0.17500 -1.0 2.0
     2     3     8    19   0.20800  1.0 3.0
     2     3    -8     5   0.56750  1.0 1.0
     2     3    -8     5  -0.07550 -1.0 2.0
     2     3    -8     5   0.20000  1.0 3.0
     2     3     8    10   0.15000  1.0 3.0
     1     2     3    17   1.69300  1.0 1.0
     1     2     3    17  -0.48450 -1.0 2.0
     1     2    -3     8   1.36600  1.0 1.0
     1     2    -3     8  -0.11450 -1.0 2.0
     1     2    -3     8   0.24250  1.0 3.0
     1     2     3     9   0.19200  1.0 3.0
     1     5    21    22  -0.46400 -1.0 2.0
     1     5    21    23  -0.46400 -1.0 2.0
     3     2    -1     5   0.47100  1.0 1.0
     3     2     1     6   0.17350  1.0 3.0
     3     2     1     7   0.17350  1.0 3.0
     3     8    19    20  -0.11600  1.0 1.0
     3     8    19    20  -0.09450 -1.0 2.0
     3     8    19    20   0.21250  1.0 3.0
     3     8    -5     1   1.36600  1.0 1.0
     3     8    -5     1  -0.11450 -1.0 2.0
     3     8    -5     1   0.24250  1.0 3.0
     3     8     5    21  -0.03700  1.0 1.0
     3     8     5    21   0.37200 -1.0 2.0
     3     8     5    21  -0.47300  1.0 3.0
     3     8     5    11   0.15000  1.0 3.0
    17     3     8    19   3.75450  1.0 1.0
    17     3     8     5   0.86500  1.0 1.0
    17     3     8     5  -0.17500 -1.0 2.0
    17     3     8     5   0.20800  1.0 3.0
    17     3     8    10   0.23400  1.0 3.0
     8     3    17    18  -0.11600  1.0 1.0
     8     3    17    18  -0.09450 -1.0 2.0
     8     3    17    18   0.21250  1.0 3.0
     8     5    21    22   0.04150 -1.0 2.0
     8     5    21    23   0.04150 -1.0 2.0
    19     8     5     1   1.69300  1.0 1.0
    19     8     5     1  -0.48450 -1.0 2.0
    19     8     5    21   1.13150  1.0 1.0
    19     8     5    21  -1.01400 -1.0 2.0
    19     8     5    11   0.23400  1.0 3.0
     5     8    19    20  -0.11600  1.0 1.0
     5     8    19    20  -0.09450 -1.0 2.0
     5     8    19    20   0.21250  1.0 3.0
     5    21    22    24   3.62500 -1.0 2.0
     5    21    22    25   3.62500 -1.0 2.0
     5    21    23    26   3.62500 -1.0 2.0
     5    21    23    27   3.62500 -1.0 2.0
    21    22   -24    26   3.62500 -1.0 2.0
    21    22    24    28   2.00000 -1.0 2.0
    22    21   -23    26   3.62500 -1.0 2.0
    22    21    23    27   3.62500 -1.0 2.0
    22    24    26    29   3.62500 -1.0 2.0
    22    24   -26    23   3.62500 -1.0 2.0
    24    26    29    31   1.85000 -1.0 2.0
    24    26    29    32   1.31350  1.0 1.0
    24    26    29    32   1.00000 -1.0 2.0
    24    26   -23    21   3.62500 -1.0 2.0
    24    26    23    27   3.62500 -1.0 2.0
    26    29    32    30   2.45000 -1.0 2.0
    26    29    32    34   2.56700 -1.0 2.0
    29    26    23    21   3.62500 -1.0 2.0
    29    26    23    27   3.62500 -1.0 2.0
    29    32   -30    27  -0.56400  1.0 1.0
    29    32   -30    27   1.00000 -1.0 2.0
    29    32   -30    27   0.18700  1.0 3.0
    29    32    30    33   1.44600  1.0 1.0
    29    32    30    33   1.00000 -1.0 2.0
    31    29    32    30   2.67200 -1.0 2.0
    31    29    32    34   2.45000 -1.0 2.0
    32    30    27    23   6.00000 -1.0 2.0
    30    27    23    21   1.25000 -1.0 2.0
    30    27   -23    26   1.25000 -1.0 2.0
    23    21   -22    24   3.62500 -1.0 2.0
    23    21    22    25   3.62500 -1.0 2.0
    23    26    29    31   1.05000 -1.0 2.0
    23    26   -29    32   0.75700  1.0 1.0
    23    26   -29    32   1.00000 -1.0 2.0
    23    26   -29    32   0.33000  1.0 3.0
    23    26   -29    32  -0.28100 -1.0 4.0
    16    13    12     2  -0.11600  1.0 1.0
    16    13    12     2  -0.09450 -1.0 2.0
    16    13    12     2   0.21250  1.0 3.0
    16    13    12    14   0.19450  1.0 3.0
    16    13    12    15   0.19450  1.0 3.0
    14    12     2     1   0.19200  1.0 3.0
    14    12     2     3   0.15000  1.0 3.0
    14    12     2     4   0.15000  1.0 3.0
    15    12     2     1   0.19200  1.0 3.0
    15    12     2     3   0.15000  1.0 3.0
    15    12     2     4   0.15000  1.0 3.0
     4     2     1     5   0.15000  1.0 3.0
     4     2     1     6   0.13050  1.0 3.0
     4     2     1     7   0.13050  1.0 3.0
     4     2     3    17   0.23400  1.0 3.0
     4     2     3     8   0.15000  1.0 3.0
     4     2     3     9   0.15000  1.0 3.0
     6     1     5     8   0.17350  1.0 3.0
     6     1     5    21   0.17350  1.0 3.0
     6     1     5    11   0.13050  1.0 3.0
     9     3    17    18   0.19450  1.0 3.0
     9     3     8    19   0.23400  1.0 3.0
     9     3     8     5   0.15000  1.0 3.0
     9     3     8    10   0.15000  1.0 3.0
    10     8    19    20   0.19450  1.0 3.0
    10     8     5     1   0.19200  1.0 3.0
    10     8     5    21   0.43200  1.0 3.0
    10     8     5    11   0.15000  1.0 3.0
    11     5    21    22   0.00000  1.0 1.0
    11     5    21    23   0.00000  1.0 1.0
    25    22    24    26   3.62500 -1.0 2.0
    25    22    24    28   2.00000 -1.0 2.0
    28    24    26    29   2.00000 -1.0 2.0
    28    24    26    23   2.00000 -1.0 2.0
    34    32    30    27   1.00000 -1.0 2.0
    34    32    30    33   1.00000 -1.0 2.0
    33    30    27    23   4.00000 -1.0 2.0
     7     1     5     8   0.17350  1.0 3.0
     7     1     5    21   0.17350  1.0 3.0
     7     1     5    11   0.13050  1.0 3.0
IPHI
    22    23    21     5   4.00000 -1.0 2.0
    24    25    22    21   1.10000 -1.0 2.0
    28    22    24    26   1.00000 -1.0 2.0
    29    23    26    24   4.00000 -1.0 2.0
    26    32    29    31  10.50000 -1.0 2.0
    34    29    32    30   1.00000 -1.0 2.0
    32    33    30    27  10.50000 -1.0 2.0
    26    27    23    21   4.00000 -1.0 2.0
END
