* LIGAND DATABASE FILE (OPLS2005)
*
OMD      17    17     27     43      77
    1     0 M   CM   _C4_     4   46.954255   94.421026    2.114313
    2     1 M   CM   _C3_     3    1.354960  116.554843 -130.471548
    3     2 M   CO4  _C8_     9    1.488580  119.918478  -42.624920
    4     1 M   CO4  _C5_     5    1.471030   39.203399  119.734332
    5     1 M   HC   _H3_    15    1.076100  108.855096   10.374656
    6     4 M   O    _O1_     6    1.222580  121.886410  -93.126548
    7     4 M   CM   _C6_     7    1.465750  117.061420   88.049082
    8     7 M   CM   _C7_     8    1.343910  121.060830    4.838450
    9     7 M   HC   _H4_    16    1.078780  118.289110 -175.430820
   10     8 M   HC   _H5_    17    1.076380  119.462230  179.760970
   11     3 M   O    _O2_    10    1.227800  123.186590  179.988788
   12     2 S   CT   _C2_     2    1.528090  122.541100  137.191704
   13    12 S   CO3  _C1_     1    1.524480  114.545090   82.364240
   14    12 S   HC   _H1_    13    1.090100  110.857691 -153.639079
   15    12 S   HC   _H2_    14    1.090410  108.664654  -37.926629
   16    13 S   O2Z  _O3_    11    1.243000  118.311825  164.348320
   17    13 S   O2Z  _O4_    12    1.253180  119.525107  -17.633825
  13  14  11   7   3   3   4   4   1   1   1   5   4   3   2   1   1

    13    12    14    15     2     4     6     7     8     3    11     5     9
    13    16    17    12    14    15     4     6     7     8     3    11     5    10
    13    12    14    15     5     4     7     9     8    10    11
    12     5     6     7     8     9    10
    12     6     7
     7     8     9
     8    11     9    10
    12     9    11    10
    10
    11
    12
    13    16    17    14    15
    16    17    14    15
    16    17    15
    16    17
    17
     0
NBON
     1   3.5500   0.0760  -0.453300   2.0020   1.7750   0.023028004  -0.852763146
     2   3.5500   0.0760   0.154100   2.0020   1.7750   0.023028004  -0.852763146
     3   3.7500   0.1050   0.531790   2.1120   1.8750   0.001000000  -0.126889456
     4   3.7500   0.1050   0.685520   2.1120   1.8750   0.001000000  -0.126889456
     5   2.4200   0.0300   0.188230   1.4250   1.2500   0.008598240   0.268726247
     6   2.9600   0.2100  -0.476160   1.6780   1.4800   0.001000000  -0.126889456
     7   3.5500   0.0760  -0.315960   2.0020   1.7750   0.023028004  -0.852763146
     8   3.5500   0.0760  -0.225940   2.0020   1.7750   0.023028004  -0.852763146
     9   2.4200   0.0300   0.171040   1.4250   1.2500   0.008598240   0.268726247
    10   2.4200   0.0300   0.176820   1.4250   1.2500   0.008598240   0.268726247
    11   2.9600   0.2100  -0.437920   1.6780   1.4800   0.001000000  -0.126889456
    12   3.5000   0.0660  -0.403520   1.9750   1.7500   0.005000000  -0.741685710
    13   3.7500   0.1050   0.863980   2.1120   1.8750   0.001000000  -0.126889456
    14   2.5000   0.0300   0.121510   1.3810   1.2100   0.008598240   0.268726247
    15   2.5000   0.0300   0.107180   1.3810   1.2100   0.008598240   0.268726247
    16   2.9600   0.2100  -0.821690   1.7000   1.5000   0.001000000  -0.126889456
    17   2.9600   0.2100  -0.865680   1.7000   1.5000   0.001000000  -0.126889456
BOND
    13    12   317.000  1.522
    13    16   656.000  1.250
    13    17   656.000  1.250
    12     2   317.000  1.510
    12    14   340.000  1.090
    12    15   340.000  1.090
     2     1   549.000  1.340
     2     3   320.000  1.462
     1     4   320.000  1.462
     1     5   340.000  1.080
     4     6   570.000  1.229
     4     7   320.000  1.462
     7     8   549.000  1.340
     7     9   340.000  1.080
     8     3   320.000  1.462
     8    10   340.000  1.080
     3    11   570.000  1.229
THET
    13    12     2    65.00000  111.94000
    13    12    14    35.00000  109.50000
    13    12    15    35.00000  109.50000
    12     2     1    70.00000  124.00000
    12     2     3    65.00000  116.34900
     2     1     4    65.00000  118.96000
     2     1     5    35.00000  120.00000
     2     3     8    65.00000  118.65900
     2     3    11    80.00000  123.72100
     1     4     6    80.00000  123.72100
     1     4     7    65.00000  118.65900
     4     7     8    65.00000  118.96000
     4     7     9    40.00000  117.72500
     7     4     6    80.00000  123.72100
     7     8     3    65.00000  118.96000
     7     8    10    35.00000  120.00000
     8     3    11    80.00000  123.72100
     3     2     1    65.00000  118.96000
    16    13    12    70.00000  117.00000
    17    13    12    70.00000  117.00000
    17    13    16    80.00000  126.00000
    14    12     2    35.00000  109.50000
    15    12     2    35.00000  109.50000
    15    12    14    33.00000  107.80000
     5     1     4    40.00000  117.72500
     9     7     8    35.00000  120.00000
    10     8     3    40.00000  117.72500
PHI
    13    12     2     1  -0.51250  1.0 1.0
    13    12     2     1  -0.88800 -1.0 2.0
    13    12     2     1   0.08850  1.0 3.0
    13    12     2     3   0.09700  1.0 1.0
    13    12     2     3   0.15600 -1.0 2.0
    13    12     2     3  -0.50800  1.0 3.0
    12     2     1     4   7.00000 -1.0 2.0
    12     2     1     5   7.00000 -1.0 2.0
    12     2     3     8   1.50000 -1.0 2.0
    12     2     3    11  -0.64400  1.0 1.0
    12     2     3    11   1.00000 -1.0 2.0
     2     1     4     6   1.00000 -1.0 2.0
     2     1     4     7  -1.18350  1.0 1.0
     2     1     4     7   1.45950 -1.0 2.0
     1     2     3     8  -1.18350  1.0 1.0
     1     2     3     8   1.45950 -1.0 2.0
     1     2     3    11   1.00000 -1.0 2.0
     1     4    -7     8  -1.18350  1.0 1.0
     1     4    -7     8   1.45950 -1.0 2.0
     1     4     7     9   1.00000 -1.0 2.0
     4     7     8     3   7.00000 -1.0 2.0
     4     7     8    10   7.00000 -1.0 2.0
     6     4     7     8   1.00000 -1.0 2.0
     6     4     7     9   1.00000 -1.0 2.0
     7     8    -3     2  -1.18350  1.0 1.0
     7     8    -3     2   1.45950 -1.0 2.0
     7     8     3    11   1.00000 -1.0 2.0
     3     2    -1     4   7.00000 -1.0 2.0
     3     2     1     5   7.00000 -1.0 2.0
    16    13    12     2   0.30150 -1.0 2.0
    16    13    12    14   0.00000  1.0 1.0
    16    13    12    15   0.00000  1.0 1.0
    17    13    12     2   0.30150 -1.0 2.0
    17    13    12    14   0.00000  1.0 1.0
    17    13    12    15   0.00000  1.0 1.0
    14    12     2     1   0.00000  1.0 1.0
    14    12     2     3   0.15000  1.0 3.0
    15    12     2     1   0.00000  1.0 1.0
    15    12     2     3   0.15000  1.0 3.0
     5     1     4     6   1.00000 -1.0 2.0
     5     1     4     7   1.00000 -1.0 2.0
     9     7     8     3   7.00000 -1.0 2.0
     9     7     8    10   7.00000 -1.0 2.0
    10     8     3     2   1.00000 -1.0 2.0
    10     8     3    11   1.00000 -1.0 2.0
IPHI
    16    12    13    17  10.50000 -1.0 2.0
    12     3     2     1   1.10000 -1.0 2.0
     4     5     1     2   1.10000 -1.0 2.0
     1     7     4     6  10.50000 -1.0 2.0
     4     9     7     8   1.10000 -1.0 2.0
     3    10     8     7   1.10000 -1.0 2.0
     2     8     3    11  10.50000 -1.0 2.0
END
