* LIGAND DATABASE FILE (OPLS2005)
*
PO4       5     4      6      0      10
    1     0 M   P4   _P__     1  112.627210   95.525790    6.752610
    2     1 M   O2Z  _O1_     2    1.479760  132.071290  -86.504490
    3     1 M   O2Z  _O2_     3    1.479630   40.661340  -19.719380
    4     1 M   O2Z  _O3_     4    1.479620  115.544220   75.860190
    5     1 M   O2Z  _O4_     5    1.479500   69.017580  176.337130
   4   3   2   1   1
     2     3     4     5
     3     4     5
     4     5
     5
     0
NBON
     1   3.7400   0.2000   2.462400   2.1070   1.8700   0.005000000   0.000000000
     2   2.9800   0.2000  -1.365600   1.6890   1.4900   0.001000000  -0.126889456
     3   2.9800   0.2000  -1.365600   1.6890   1.4900   0.001000000  -0.126889456
     4   2.9800   0.2000  -1.365600   1.6890   1.4900   0.001000000  -0.126889456
     5   2.9800   0.2000  -1.365600   1.6890   1.4900   0.001000000  -0.126889456
BOND
     1     2   425.000  1.599
     1     3   425.000  1.599
     1     4   425.000  1.599
     1     5   425.000  1.599
THET
     3     1     2    85.00000  122.85700
     4     1     2    85.00000  122.85700
     4     1     3    85.00000  122.85700
     5     1     2    85.00000  122.85700
     5     1     3    85.00000  122.85700
     5     1     4    85.00000  122.85700
PHI
IPHI
END
