* LIGAND DATABASE FILE (OPLS2005)
*
LIG      18    19    29      49       0
    1     0 M   CA   _C1_     6   34.488782    6.894398   39.506737
    2     1 M   CA   _C2_     6    1.398138   51.129749  -46.276412
    3     1 M   NB   _N1_     6    1.346544  138.577326 -144.849517
    4     1 M   HA   _H1_     6    1.080045   83.942431   91.396789
    5     2 M   CA   _C3_     6    1.400823  118.688943 -129.479471
    6     2 M   HA   _H2_     6    1.081146  120.409749   50.596719
    7     5 M   CA   _C4_     6    1.404114  118.843362   -0.363873
    8     5 M   HA   _H7_     6    1.079286  120.372414  179.777753
    9     7 M   CA   _C5_     6    1.412799  118.711736    2.144912
   10     7 M   HA   _H3_     6    1.087161  118.169441  179.977806
   11     9 S  CRB   _C6_     6    1.482473  122.140715  176.453513
   12    11 S  N5A   _N2_     6    1.325521  123.018780 -178.254698
   13    11 S  N5P   _N4_     6    1.387584  125.043126    1.278470
   14    12 S  N5P   _N3_     6    1.326562  103.957965  178.810133
   15    13 S  CRA   _C7_     6    1.341017  104.527471 -179.213792
   16    13 S    H   _H4_     6    1.015352  125.676738    0.464940
   17    14 S    H   _H6_     6    1.026430  119.517989 -176.686846
   18    15 S   HA   _H5_     6    1.083961  126.420404  179.455931
NBON
NBON
    1   3.5500   0.0700   0.473000   2.5000   1.7750   0.001000000  -0.843144165
    2   3.5500   0.0700  -0.447000   2.5000   1.7750   0.001000000  -0.843144165
    3   3.2500   0.1700  -0.678000   1.8100   1.6000   0.054801302  -1.445846770
    4   2.4200   0.0300   0.012000   1.3810   1.2100   0.030040813   0.268726247
    5   3.5500   0.0700   0.227000   2.5000   1.7750   0.001000000  -0.843144165
    6   2.4200   0.0300   0.155000   1.3810   1.2100   0.030040813   0.268726247
    7   3.5500   0.0700  -0.447000   2.5000   1.7750   0.001000000  -0.843144165
    8   2.4200   0.0300   0.065000   1.3810   1.2100   0.030040813   0.268726247
    9   3.5500   0.0700   0.485000   2.5000   1.7750   0.001000000  -0.843144165
   10   2.4200   0.0300   0.155000   1.3810   1.2100   0.030040813   0.268726247
   11   3.5500   0.0700   0.489800   2.0020   1.7750   0.001000000  -0.843144165
   12   3.2800   0.1700  -0.348600   1.8100   1.6000   0.054801302  -1.445846770
   13   3.2500   0.1700  -0.276000   1.8650   1.6500   0.001000000  -0.511443539
   14   3.2500   0.1700   0.030800   1.8650   1.6500   0.001000000  -0.511443539
   15   3.5500   0.0700   0.099300   2.5000   1.7750   0.001000000  -0.843144165
   16   0.5000   0.0300   0.395100   1.5900   1.4000   0.030040813  -0.651083722
   17   0.5000   0.0300   0.357100   1.5900   1.4000   0.030040813  -0.651083722
   18   2.4200   0.0300   0.252500   1.3810   1.2100   0.030040813   0.268726247
BONDBOND
BOND
     1     2   469.000  1.400
     1     3   483.000  1.339
     1     4   367.000  1.080
     2     5   469.000  1.400
     2     6   367.000  1.080
     5     7   469.000  1.400
     5     8   367.000  1.080
     7     9   469.000  1.400
     7    10   367.000  1.080
     9     3   483.000  1.339
     9    11   375.000  1.464
    11    12   550.000  1.323
    11    13   410.000  1.398
    12    14   365.000  1.320
    14    15   520.000  1.342
    14    17   505.000  1.012
    15    13   520.000  1.342
    15    18   367.000  1.080
    13    16   505.000  1.012
THETTHET
     2     1     3    70.00000  124.00000
     2     1     4    35.00000  120.00000
     3     1     4    35.00000  116.00000
     1     2     5    63.00000  120.00000
     1     2     6    35.00000  120.00000
     5     2     6    35.00000  120.00000
     2     5     7    63.00000  120.00000
     2     5     8    35.00000  120.00000
     7     5     8    35.00000  120.00000
     5     7     9    63.00000  120.00000
     5     7    10    35.00000  120.00000
     9     7    10    35.00000  120.00000
     7     9     3    70.00000  124.00000
     7     9    11    60.00000  122.76000
     3     9    11    70.00000  116.69200
     1     3     9    70.00000  117.00000
     9    11    12    70.00000  116.69200
     9    11    13    70.00000  119.05500
    12    11    13    90.00000  112.00000
    11    12    14   110.00000  103.96000
    12    14    15    95.00000  111.46000
    12    14    17    50.00000  120.00000
    15    14    17    40.00000  128.62000
    14    15    13   100.00000  107.54000
    14    15    18    40.00000  126.25000
    13    15    18    40.00000  126.25000
    11    13    15    95.00000  106.18000
    11    13    16    40.00000  124.65800
    15    13    16    40.00000  128.62000
PHI
    3     1     2     5   0.00000  1.0 1.0
    3     1     2     5   3.62500 -1.0 2.0
    3     1     2     5   0.00000  1.0 3.0
    3     1     2     5   0.00000 -1.0 4.0
    3     1     2     6   0.00000  1.0 1.0
    3     1     2     6   3.62500 -1.0 2.0
    3     1     2     6   0.00000  1.0 3.0
    3     1     2     6   0.00000 -1.0 4.0
    4     1     2     5   0.00000  1.0 1.0
    4     1     2     5   3.62500 -1.0 2.0
    4     1     2     5   0.00000  1.0 3.0
    4     1     2     5   0.00000 -1.0 4.0
    4     1     2     6   0.00000  1.0 1.0
    4     1     2     6   3.62500 -1.0 2.0
    4     1     2     6   0.00000  1.0 3.0
    4     1     2     6   0.00000 -1.0 4.0
    2     1     3     9   0.00000  1.0 1.0
    2     1     3     9   3.62500 -1.0 2.0
    2     1     3     9   0.00000  1.0 3.0
    2     1     3     9   0.00000 -1.0 4.0
    4     1     3     9   0.00000  1.0 1.0
    4     1     3     9   3.62500 -1.0 2.0
    4     1     3     9   0.00000  1.0 3.0
    4     1     3     9   0.00000 -1.0 4.0
    1     2     5     7   0.00000  1.0 1.0
    1     2     5     7   3.62500 -1.0 2.0
    1     2     5     7   0.00000  1.0 3.0
    1     2     5     7   0.00000 -1.0 4.0
    1     2     5     8   0.00000  1.0 1.0
    1     2     5     8   3.62500 -1.0 2.0
    1     2     5     8   0.00000  1.0 3.0
    1     2     5     8   0.00000 -1.0 4.0
    6     2     5     7   0.00000  1.0 1.0
    6     2     5     7   3.62500 -1.0 2.0
    6     2     5     7   0.00000  1.0 3.0
    6     2     5     7   0.00000 -1.0 4.0
    6     2     5     8   0.00000  1.0 1.0
    6     2     5     8   3.62500 -1.0 2.0
    6     2     5     8   0.00000  1.0 3.0
    6     2     5     8   0.00000 -1.0 4.0
    2     5    -7     9   0.00000  1.0 1.0
    2     5    -7     9   3.62500 -1.0 2.0
    2     5    -7     9   0.00000  1.0 3.0
    2     5    -7     9   0.00000 -1.0 4.0
    2     5     7    10   0.00000  1.0 1.0
    2     5     7    10   3.62500 -1.0 2.0
    2     5     7    10   0.00000  1.0 3.0
    2     5     7    10   0.00000 -1.0 4.0
    8     5     7     9   0.00000  1.0 1.0
    8     5     7     9   3.62500 -1.0 2.0
    8     5     7     9   0.00000  1.0 3.0
    8     5     7     9   0.00000 -1.0 4.0
    8     5     7    10   0.00000  1.0 1.0
    8     5     7    10   3.62500 -1.0 2.0
    8     5     7    10   0.00000  1.0 3.0
    8     5     7    10   0.00000 -1.0 4.0
    5     7    -9     3   0.00000  1.0 1.0
    5     7    -9     3   3.62500 -1.0 2.0
    5     7    -9     3   0.00000  1.0 3.0
    5     7    -9     3   0.00000 -1.0 4.0
    5     7     9    11   0.00000  1.0 1.0
    5     7     9    11   3.62500 -1.0 2.0
    5     7     9    11   0.00000  1.0 3.0
    5     7     9    11   0.00000 -1.0 4.0
   10     7     9     3   0.00000  1.0 1.0
   10     7     9     3   3.62500 -1.0 2.0
   10     7     9     3   0.00000  1.0 3.0
   10     7     9     3   0.00000 -1.0 4.0
   10     7     9    11   0.00000  1.0 1.0
   10     7     9    11   3.62500 -1.0 2.0
   10     7     9    11   0.00000  1.0 3.0
   10     7     9    11   0.00000 -1.0 4.0
    7     9    -3     1   0.00000  1.0 1.0
    7     9    -3     1   3.62500 -1.0 2.0
    7     9    -3     1   0.00000  1.0 3.0
    7     9    -3     1   0.00000 -1.0 4.0
   11     9     3     1   0.00000  1.0 1.0
   11     9     3     1   3.62500 -1.0 2.0
   11     9     3     1   0.00000  1.0 3.0
   11     9     3     1   0.00000 -1.0 4.0
    7     9    11    12   0.04300  1.0 1.0
    7     9    11    12   0.58850 -1.0 2.0
    7     9    11    12   0.22750  1.0 3.0
    7     9    11    12   0.00000 -1.0 4.0
    7     9    11    13  -0.20000  1.0 1.0
    7     9    11    13   0.58050 -1.0 2.0
    7     9    11    13   0.00000  1.0 3.0
    7     9    11    13   0.00000 -1.0 4.0
    3     9    11    12   0.60800  1.0 1.0
    3     9    11    12   1.31550 -1.0 2.0
    3     9    11    12   1.01100  1.0 3.0
    3     9    11    12   0.00000 -1.0 4.0
    3     9    11    13  -0.00800  1.0 1.0
    3     9    11    13   1.57550 -1.0 2.0
    3     9    11    13   0.00000  1.0 3.0
    3     9    11    13   0.00000 -1.0 4.0
    9    11    12    14   0.00000  1.0 1.0
    9    11    12    14   3.62500 -1.0 2.0
    9    11    12    14   0.00000  1.0 3.0
    9    11    12    14   0.00000 -1.0 4.0
   13    11   -12    14   0.00000  1.0 1.0
   13    11   -12    14   3.62500 -1.0 2.0
   13    11   -12    14   0.00000  1.0 3.0
   13    11   -12    14   0.00000 -1.0 4.0
    9    11    13    15   0.00000  1.0 1.0
    9    11    13    15   3.62500 -1.0 2.0
    9    11    13    15   0.00000  1.0 3.0
    9    11    13    15   0.00000 -1.0 4.0
    9    11    13    16   0.00000  1.0 1.0
    9    11    13    16   2.00000 -1.0 2.0
    9    11    13    16   0.00000  1.0 3.0
    9    11    13    16   0.00000 -1.0 4.0
   12    11   -13    15   0.00000  1.0 1.0
   12    11   -13    15   3.62500 -1.0 2.0
   12    11   -13    15   0.00000  1.0 3.0
   12    11   -13    15   0.00000 -1.0 4.0
   12    11    13    16   0.00000  1.0 1.0
   12    11    13    16   2.00000 -1.0 2.0
   12    11    13    16   0.00000  1.0 3.0
   12    11    13    16   0.00000 -1.0 4.0
   11    12   -14    15   0.00000  1.0 1.0
   11    12   -14    15   3.62500 -1.0 2.0
   11    12   -14    15   0.00000  1.0 3.0
   11    12   -14    15   0.00000 -1.0 4.0
   11    12    14    17   0.00000  1.0 1.0
   11    12    14    17   3.62500 -1.0 2.0
   11    12    14    17   0.00000  1.0 3.0
   11    12    14    17   0.00000 -1.0 4.0
   12    14   -15    13   0.00000  1.0 1.0
   12    14   -15    13   3.62500 -1.0 2.0
   12    14   -15    13   0.00000  1.0 3.0
   12    14   -15    13   0.00000 -1.0 4.0
   12    14    15    18   0.00000  1.0 1.0
   12    14    15    18   3.62500 -1.0 2.0
   12    14    15    18   0.00000  1.0 3.0
   12    14    15    18   0.00000 -1.0 4.0
   17    14    15    13   0.00000  1.0 1.0
   17    14    15    13   2.00000 -1.0 2.0
   17    14    15    13   0.00000  1.0 3.0
   17    14    15    13   0.00000 -1.0 4.0
   17    14    15    18   0.00000  1.0 1.0
   17    14    15    18   2.32500 -1.0 2.0
   17    14    15    18   0.00000  1.0 3.0
   17    14    15    18   0.00000 -1.0 4.0
   14    15   -13    11   0.00000  1.0 1.0
   14    15   -13    11   3.62500 -1.0 2.0
   14    15   -13    11   0.00000  1.0 3.0
   14    15   -13    11   0.00000 -1.0 4.0
   14    15    13    16   0.00000  1.0 1.0
   14    15    13    16   2.00000 -1.0 2.0
   14    15    13    16   0.00000  1.0 3.0
   14    15    13    16   0.00000 -1.0 4.0
   18    15    13    11   0.00000  1.0 1.0
   18    15    13    11   3.62500 -1.0 2.0
   18    15    13    11   0.00000  1.0 3.0
   18    15    13    11   0.00000 -1.0 4.0
   18    15    13    16   0.00000  1.0 1.0
   18    15    13    16   2.32500 -1.0 2.0
   18    15    13    16   0.00000  1.0 3.0
   18    15    13    16   0.00000 -1.0 4.0
IPHI
     3     4     1     2   1.10000 -1.0 2.0
     5     6     2     1   1.10000 -1.0 2.0
     7     8     5     2   1.10000 -1.0 2.0
     9    10     7     5   1.10000 -1.0 2.0
     3    11     9     7   4.00000 -1.0 2.0
    12    13    11     9   4.00000 -1.0 2.0
    17    15    14    12   1.00000 -1.0 2.0
    13    18    15    14   1.10000 -1.0 2.0
    16    11    13    15   1.00000 -1.0 2.0
END