#Task    Step    numberOfAcceptedPeleSteps    currentEnergy    Binding Energy    sasaLig    RMSD_core    
1    0    0    -6761.6    -25.6152    0.00030777    1.9429    
1    2    1    -6761.9    -25.9873    0    1.89153    
1    3    2    -6758.98    -26.0254    0.00121865    1.93308    
1    4    3    -6760.55    -25.9917    0.00030777    1.97123    
1    6    4    -6760.58    -26.036    0    1.96906    
1    9    5    -6761.3    -26.1851    0.000763211    1.9359    
1    11    6    -6757.24    -26.2303    0.000455441    1.95091    
1    12    7    -6759.19    -25.8546    0.000910882    1.98171    
1    14    8    -6759.57    -26.0086    0.000455441    1.98196    
1    16    9    -6760.31    -25.6456    0.000455441    2.01179    
1    18    10    -6759.57    -25.9596    0.000455441    1.99719    
1    19    11    -6760.13    -25.9596    0.000455441    2.00568    
1    20    12    -6761.2    -25.8177    0.00152642    1.98568    
