#Task    Step    numberOfAcceptedPeleSteps    currentEnergy    Binding Energy    sasaLig    RMSD_core    
1    0    0    -6762.72    -25.7114    0    0.750692    
1    1    1    -6763.97    -25.9523    0    0.777583    
1    2    2    -6763.01    -25.8836    0    0.903383    
1    3    3    -6761.58    -26.2983    0    0.807408    
1    4    4    -6760.72    -26.0299    0    0.900847    
1    6    5    -6761.73    -26.1134    0    0.923655    
1    8    6    -6761.47    -26.1844    0    0.562162    
1    9    7    -6763.28    -26.5942    0    0.774338    
1    10    8    -6763.72    -26.2742    0    0.611013    
1    11    9    -6761.45    -26.6216    0    0.752412    
1    12    10    -6762.68    -26.3485    0    0.733516    
1    13    11    -6764.92    -26.1638    0    0.784835    
1    16    12    -6764.74    -26.328    0    0.642107    
1    17    13    -6762.94    -26.525    0    0.516457    
1    19    14    -6765.9    -26.677    0    0.539767    
