#Task    Step    numberOfAcceptedPeleSteps    currentEnergy    Binding Energy    sasaLig    RMSD_core    
1    0    0    -6760.71    -26.4755    0    0.340093    
1    1    1    -6757.34    -26.823    0    0.536505    
1    2    2    -6760.09    -27.0192    0    0.489468    
1    3    3    -6755.35    -26.9404    0    0.437422    
1    4    4    -6761.47    -27.0607    0    0.44237    
1    6    5    -6761.42    -26.762    0    0.514744    
1    8    6    -6761.48    -26.5743    0    0.596363    
1    9    7    -6758.75    -26.3714    0    0.639751    
1    10    8    -6760.23    -26.4352    0    0.574426    
1    12    9    -6760.68    -26.8585    0    0.517303    
1    13    10    -6758.97    -26.7317    0    0.47872    
1    16    11    -6760.75    -26.8919    0    0.551207    
1    18    12    -6760.54    -26.4198    0    0.467343    
1    19    13    -6761.39    -26.3478    0    0.653957    
1    20    14    -6764.09    -26.5341    0    0.424298    
