#Task    Step    numberOfAcceptedPeleSteps    currentEnergy    Binding Energy    sasaLig    RMSD_core    
1    0    0    -6758.51    -25.9042    0    1.92373    
1    1    1    -6760.58    -26.2012    0.000455397    1.88694    
1    3    2    -6760.13    -26.0115    0.000763137    1.92192    
1    4    3    -6760.38    -26.0529    0.00030774    1.97423    
1    6    4    -6760.1    -26.1941    0.000455397    1.92271    
1    7    5    -6760.13    -26.1258    0.00107088    1.92038    
1    8    6    -6760.02    -26.0997    0.000455397    1.85952    
1    10    7    -6761.11    -26.0872    0.000455397    1.90865    
1    11    8    -6759.58    -26.0302    0    1.89414    
1    12    9    -6759.46    -26.147    0.000763137    1.91068    
1    14    10    -6760.3    -25.9906    0.000763137    1.93426    
1    16    11    -6758.98    -25.8801    0.000455397    1.88502    
1    17    12    -6757.51    -25.9898    0.00152627    1.9426    
1    18    13    -6759.03    -25.8947    0.000763137    1.97543    
1    20    14    -6758.62    -25.7127    0.00121853    2.0104    
