#Task    Step    numberOfAcceptedPeleSteps    currentEnergy    Binding Energy    sasaLig    RMSD_core    
1    0    0    -6759.35    -24.3995    0    0.197918    
1    1    1    -6758.31    -25.6126    0    0.403482    
1    2    2    -6760.07    -25.9024    0    0.393379    
1    4    3    -6761.28    -25.6328    0    0.327133    
1    6    4    -6761.43    -25.0927    0    0.311697    
1    8    5    -6762.03    -25.2728    0    0.667809    
1    10    6    -6762.29    -25.2777    0    0.562184    
1    12    7    -6764.64    -26.0167    0    0.355119    
1    14    8    -6765.23    -26.4362    0    0.416317    
1    15    9    -6760.92    -25.8167    0    0.499122    
1    16    10    -6764.15    -25.9377    0    0.469292    
1    19    11    -6764.17    -26.1708    0    0.520402    
1    20    12    -6763.62    -26.2178    0    0.505208    
