#Task    Step    numberOfAcceptedPeleSteps    currentEnergy    Binding Energy    sasaLig    RMSD_core    
1    0    0    -6760.71    -26.4755    0    0.340093    
1    2    1    -6762.2    -26.6821    0    0.523037    
1    4    2    -6762.35    -26.7926    0    0.432965    
1    8    3    -6762.33    -25.9498    0    0.739757    
1    9    4    -6763.03    -26.4042    0    0.622561    
1    10    5    -6763.14    -26.6234    0    0.520222    
1    12    6    -6762.14    -26.8176    0    0.472042    
1    13    7    -6761.95    -26.32    0    0.327646    
1    14    8    -6763.18    -26.6122    0    0.510859    
