#Task    Step    numberOfAcceptedPeleSteps    currentEnergy    Binding Energy    sasaLig    RMSD_core    
1    0    0    -6762.72    -25.7114    0    0.750692    
1    2    1    -6763.67    -25.9853    0    0.721507    
1    4    2    -6764.06    -25.8487    0    0.681001    
1    5    3    -6761.08    -25.8972    0    0.758867    
1    6    4    -6764.06    -25.9996    0    0.796561    
1    8    5    -6763.38    -25.4973    0    0.911945    
1    10    6    -6765.36    -25.7339    0    0.836217    
1    12    7    -6763.48    -25.5782    0    0.571508    
1    13    8    -6764.8    -26.0228    0    0.822596    
1    14    9    -6765.03    -25.9752    0    0.686378    
1    15    10    -6761    -25.9304    0    0.832963    
1    18    11    -6761.18    -25.9787    0    0.697047    
1    19    12    -6757.38    -24.9335    0    0.328651    
1    20    13    -6760.24    -25.4531    0    0.398514    
