#Task    Step    numberOfAcceptedPeleSteps    currentEnergy    Binding Energy    sasaLig    RMSD_core    
1    0    0    -6760.71    -26.4755    0    0.340093    
1    2    1    -6762.27    -26.1518    0    0.620885    
1    3    2    -6761.47    -26.8533    0    0.499312    
1    4    3    -6760.99    -26.3702    0    0.62255    
1    5    4    -6759.1    -26.9389    0    0.515964    
1    6    5    -6761.32    -26.706    0    0.50359    
1    8    6    -6762.54    -26.9722    0    0.533117    
1    12    7    -6763.09    -26.7835    0    0.498443    
1    14    8    -6762.49    -26.8131    0    0.467072    
1    16    9    -6762.25    -26.4993    0    0.611912    
1    17    10    -6760.11    -26.8188    0    0.548639    
1    18    11    -6761.1    -26.0498    0    0.719129    
1    20    12    -6761.94    -26.7102    0    0.571786    
