#Task    Step    numberOfAcceptedPeleSteps    currentEnergy    Binding Energy    sasaLig    RMSD_core    
1    0    0    -6761.6    -25.6152    0.00030777    1.9429    
1    1    1    -6762.1    -25.828    0    1.89359    
1    2    2    -6761.02    -25.9844    0.000455441    1.86483    
1    3    3    -6760.38    -26.1858    0.000763211    1.93365    
1    4    4    -6760.83    -26.2361    0.000455441    1.94205    
1    5    5    -6760.64    -26.1232    0.00152642    1.94705    
1    6    6    -6759.6    -25.8383    0.000455441    1.97345    
1    8    7    -6760.62    -25.9686    0.000455441    1.9365    
1    9    8    -6759.67    -25.8485    0.00136632    1.95739    
1    12    9    -6758.85    -25.8693    0.000455441    1.94772    
1    13    10    -6757.37    -25.9139    0.000910882    1.95952    
1    14    11    -6759.34    -25.8757    0.000910882    1.96258    
1    15    12    -6758.34    -26.0199    0.000455441    1.91456    
1    16    13    -6759.1    -25.7343    0.000910882    1.9441    
1    18    14    -6760.41    -25.929    0.000455441    1.9666    
1    20    15    -6760.9    -26.0557    0.000455441    1.95321    
