#Task    Step    numberOfAcceptedPeleSteps    currentEnergy    Binding Energy    sasaLig    RMSD_core    
1    0    0    -6759.02    -26.2463    0    0.8377    
1    1    1    -6759.75    -26.1378    0    0.912046    
1    2    2    -6762.12    -25.9778    0    0.973151    
1    3    3    -6761.36    -26.2573    0    0.840239    
1    4    4    -6759.36    -26.302    0    0.710992    
1    5    5    -6760.85    -26.3965    0    0.839996    
1    7    6    -6759.72    -26.3739    0    0.806531    
1    8    7    -6759.67    -26.2225    0    0.930994    
1    9    8    -6758.6    -26.5002    0    0.829946    
1    10    9    -6762.22    -26.2625    0    0.876715    
1    12    10    -6760.75    -26.2662    0    0.983082    
1    14    11    -6761.3    -26.0959    0    1.00048    
1    15    12    -6759.15    -26.4451    0    0.893882    
1    16    13    -6759.48    -26.2394    0    0.945937    
1    17    14    -6758.25    -26.6912    0    0.697853    
1    18    15    -6758.75    -26.233    0    0.455913    
1    20    16    -6760.02    -26.4517    0    0.694697    
