#Task    Step    numberOfAcceptedPeleSteps    currentEnergy    Binding Energy    sasaLig    RMSD_core    
1    0    0    -6759.35    -24.3995    0    0.197918    
1    1    1    -6761.23    -25.219    0    0.235031    
1    2    2    -6762.12    -25.5017    0    0.508468    
1    3    3    -6763.22    -25.578    0    0.678275    
1    4    4    -6764.12    -25.6387    0    0.653437    
1    6    5    -6764.14    -25.5162    0    0.726606    
1    8    6    -6763.93    -25.3518    0    0.8056    
1    9    7    -6762.56    -25.8743    0    0.667727    
1    10    8    -6762.95    -26.0071    0    0.763941    
1    12    9    -6762.86    -25.705    0    0.843159    
1    13    10    -6759.06    -25.8512    0    0.76139    
1    14    11    -6761.55    -25.4504    0    0.864313    
1    16    12    -6763.42    -26.0221    0    0.718275    
1    18    13    -6763.52    -26.102    0    0.641863    
