#Task    Step    numberOfAcceptedPeleSteps    currentEnergy    Binding Energy    sasaLig    RMSD_core    
1    0    0    -6761.59    -25.4546    0    0.634509    
1    2    1    -6762.76    -25.6381    0    0.711603    
1    5    2    -6759.05    -25.2769    0    0.663438    
1    6    3    -6763.04    -26.0424    0    0.685654    
1    7    4    -6763.47    -25.5437    0    0.68442    
1    8    5    -6763.67    -25.6099    0    0.841541    
1    9    6    -6762.49    -25.6947    0    0.902415    
1    12    7    -6763.03    -25.3524    0    1.06475    
1    14    8    -6762.77    -25.8175    0    1.00462    
1    15    9    -6759.36    -25.6007    0    0.905693    
1    16    10    -6760.98    -25.7537    0    0.842818    
1    18    11    -6762.05    -25.4961    0    0.998898    
1    19    12    -6761.17    -26.0173    0    0.890005    
