#Task    Step    numberOfAcceptedPeleSteps    currentEnergy    Binding Energy    sasaLig    RMSD_core    
1    0    0    -6759.92    -25.7735    0    0.271208    
1    1    1    -6756.35    -26.6155    0    0.460537    
1    2    2    -6762.89    -26.3926    0    0.482952    
1    5    3    -6762.12    -26.6096    0    0.494556    
1    6    4    -6760.91    -26.5952    0    0.610508    
1    7    5    -6758    -27.1333    0    0.553948    
1    8    6    -6761.59    -26.7606    0    0.653926    
1    10    7    -6762.87    -26.8654    0    0.589197    
1    11    8    -6760.59    -26.7922    0    0.588773    
1    12    9    -6762.68    -26.7109    0    0.671691    
1    14    10    -6762.22    -26.6421    0    0.512474    
1    16    11    -6762.56    -26.277    0    0.667428    
1    19    12    -6762.11    -27.0015    0    0.595421    
