#Task    Step    numberOfAcceptedPeleSteps    currentEnergy    Binding Energy    sasaLig    RMSD_core    
1    0    0    -6758.51    -25.9042    0    1.92373    
1    1    1    -6758.57    -25.747    0    1.81043    
1    2    2    -6761.24    -25.6307    0.000455397    1.8151    
1    3    3    -6762.54    -25.7961    0.000763137    1.86991    
1    6    4    -6761.99    -26.024    0.000455397    1.88018    
1    7    5    -6758.13    -25.8137    0    1.90478    
1    8    6    -6763.41    -25.6987    0.000455397    1.89193    
1    10    7    -6763.38    -25.9736    0.000455397    1.86531    
1    11    8    -6762.39    -25.9359    0.000455397    1.89027    
1    14    9    -6762.14    -25.9898    0.000455397    1.8798    
1    16    10    -6759.74    -25.7052    0.000455397    1.86996    
1    17    11    -6761.29    -25.9761    0.000455397    1.87054    
1    18    12    -6762.79    -26.1008    0    1.85181    
