#Task    Step    numberOfAcceptedPeleSteps    currentEnergy    Binding Energy    sasaLig    RMSD_core    
1    0    0    -6759.91    -25.9504    0.000762822    1.86953    
1    1    1    -6759.16    -25.9154    0.000910419    1.86622    
1    2    2    -6759.64    -25.8115    0.000762822    1.92229    
1    3    3    -6759.88    -25.8687    0.000455209    1.92252    
1    4    4    -6760.99    -25.897    0.000762822    1.92906    
1    5    5    -6759.18    -25.9561    0.00107044    1.92459    
1    6    6    -6761.05    -25.7432    0.000762822    1.95361    
1    8    7    -6761.02    -25.8988    0.000455209    1.91174    
1    10    8    -6760.84    -25.7254    0.000455209    1.94329    
1    11    9    -6758.82    -25.7176    0.00121803    1.96405    
1    12    10    -6758.23    -25.7448    0.000455209    1.96937    
1    13    11    -6758.2    -25.7623    0.00152564    1.94906    
1    14    12    -6758.46    -26.0605    0.000910419    1.9208    
1    17    13    -6758.87    -25.8661    0.000455209    1.90935    
1    18    14    -6759.23    -25.9198    0.000762822    1.93533    
1    19    15    -6759.9    -25.8524    0.000762822    1.96593    
1    20    16    -6760.6    -25.8967    0.000762822    1.96202    
