#Task    Step    numberOfAcceptedPeleSteps    currentEnergy    Binding Energy    sasaLig    RMSD_core    
1    0    0    -6761.6    -25.6152    0.00030777    1.9429    
1    1    1    -6760.65    -26.052    0.000763211    1.95351    
1    2    2    -6760.51    -26.1095    0.000455441    1.95445    
1    4    3    -6760.11    -25.9404    0.000763211    1.9114    
1    5    4    -6758.18    -25.9594    0.000615539    1.89041    
1    6    5    -6759.08    -25.8553    0    1.90046    
1    7    6    -6756.32    -25.8088    0.000910882    1.93101    
1    8    7    -6757.8    -25.7134    0    1.93844    
1    9    8    -6756.29    -25.8294    0.00136632    2.02525    
1    10    9    -6759.69    -25.9032    0.00136632    2.05842    
1    12    10    -6759.93    -25.7572    0.00136632    2.03605    
1    14    11    -6759.08    -25.8    0.00136632    2.01815    
1    15    12    -6758.66    -25.7203    0.00136632    1.99593    
1    16    13    -6758.92    -25.8785    0.00136632    2.02144    
1    17    14    -6758.59    -25.8115    0.00136632    2.02086    
1    18    15    -6759.33    -25.3352    0.00136632    1.97099    
1    20    16    -6759.51    -25.8321    0.000910882    1.99205    
