#Task    Step    numberOfAcceptedPeleSteps    currentEnergy    Binding Energy    sasaLig    RMSD_core    
1    0    0    -6760.71    -26.4755    0    0.340093    
1    1    1    -6760.47    -26.6183    0    0.501278    
1    2    2    -6761.52    -26.6252    0    0.457139    
1    4    3    -6760.12    -26.6561    0    0.394244    
1    5    4    -6760.71    -26.7024    0    0.41206    
1    6    5    -6761.82    -26.4541    0    0.505062    
1    8    6    -6762.34    -26.903    0    0.450594    
1    10    7    -6763.21    -26.9214    0    0.475782    
1    12    8    -6763.19    -26.6576    0    0.553639    
1    13    9    -6762.26    -26.8071    0    0.494005    
1    14    10    -6762.31    -27.0129    0    0.451607    
1    16    11    -6762.66    -26.2661    0    0.575564    
1    17    12    -6762.96    -26.9129    0    0.470317    
1    18    13    -6762.24    -26.3269    0    0.622873    
1    19    14    -6763    -26.918    0    0.532908    
1    20    15    -6762.99    -26.9345    0    0.490265    
