#Task    Step    numberOfAcceptedPeleSteps    currentEnergy    Binding Energy    sasaLig    RMSD_core    
1    0    0    -6760.71    -26.4755    0    0.340093    
1    1    1    -6762.32    -26.7153    0    0.462457    
1    2    2    -6764.8    -27.0594    0    0.466707    
1    3    3    -6764.23    -26.8978    0    0.50638    
1    4    4    -6765.65    -26.3636    0    0.612882    
1    5    5    -6765.36    -26.9123    0    0.569824    
1    6    6    -6765.27    -26.8645    0    0.551239    
1    7    7    -6764.18    -26.6889    0    0.592408    
1    8    8    -6764.28    -27.0277    0    0.482355    
1    9    9    -6764.79    -26.6348    0    0.747892    
1    10    10    -6763.96    -27.0555    0    0.5325    
1    11    11    -6764    -26.6204    0    0.642097    
1    12    12    -6764.19    -25.982    0    0.796778    
1    13    13    -6764.52    -26.6935    0    0.674523    
1    14    14    -6766.43    -27.0045    0    0.571427    
1    16    15    -6764.13    -25.7591    0    0.886436    
1    17    16    -6763.94    -26.2569    0    0.821063    
1    18    17    -6764.33    -25.612    0    0.938976    
1    19    18    -6764.57    -26.101    0    0.872799    
