#Task    Step    numberOfAcceptedPeleSteps    currentEnergy    Binding Energy    sasaLig    RMSD_core    
1    0    0    -6766.05    -25.6534    0    0.622542    
1    4    1    -6766.18    -25.7294    0    0.720667    
1    5    2    -6764.19    -25.8555    0    0.754047    
1    6    3    -6764.15    -25.6589    0    0.683118    
1    8    4    -6764.08    -25.7633    0    0.693526    
1    11    5    -6763.71    -25.8162    0    0.802802    
1    12    6    -6764.33    -25.5855    0    0.861772    
1    19    7    -6761.68    -25.534    0    0.807635    
1    20    8    -6764.14    -25.3653    0    0.863444    
