#Task    Step    numberOfAcceptedPeleSteps    currentEnergy    Binding Energy    sasaLig    RMSD_core    
1    0    0    -6761.59    -25.4546    0    0.634509    
1    2    1    -6761.5    -25.4175    0    0.618069    
1    3    2    -6758.2    -25.2676    0    0.456638    
1    4    3    -6758.99    -25.5031    0    0.467236    
1    5    4    -6757.91    -26.1239    0    0.411996    
1    8    5    -6761.77    -26.6366    0    0.510767    
1    9    6    -6758.15    -26.6983    0    0.673528    
1    10    7    -6760.17    -26.4167    0    0.571939    
1    11    8    -6757.22    -26.4736    0    0.57395    
1    12    9    -6757.12    -26.1628    0    0.606941    
1    16    10    -6757.73    -26.1921    0    0.751891    
1    18    11    -6758.02    -26.272    0    0.641503    
1    19    12    -6755.38    -26.3711    0    0.85951    
1    20    13    -6756.43    -26.0838    0    0.99955    
