#Task    Step    numberOfAcceptedPeleSteps    currentEnergy    Binding Energy    sasaLig    RMSD_core    
1    0    0    -6760.82    -25.4998    0.00107313    2.01542    
1    1    1    -6759.16    -26.0044    0    1.99375    
1    2    2    -6759.11    -25.2661    0.000912714    1.90557    
1    3    3    -6759.65    -26.065    0.000456357    1.93806    
1    4    4    -6760.46    -26.1972    0.000456357    1.91035    
1    5    5    -6756.07    -26.073    0.000456357    1.9484    
1    6    6    -6762.38    -25.9815    0.0012211    1.97413    
1    8    7    -6762.61    -26.0919    0.000456357    1.98937    
1    10    8    -6762.37    -26.038    0.000456357    1.99415    
1    11    9    -6762.09    -25.861    0.0012211    1.98468    
1    12    10    -6763.79    -25.7206    0.00136907    2.00706    
1    14    11    -6764.23    -25.5305    0    2.0379    
1    15    12    -6763.15    -25.9506    0.000912714    1.96888    
1    16    13    -6762.4    -25.8254    0.000456357    1.97763    
1    18    14    -6762.92    -25.8709    0    1.96424    
1    20    15    -6762.06    -25.9551    0.00107313    1.95704    
