#Task    Step    numberOfAcceptedPeleSteps    currentEnergy    Binding Energy    sasaLig    RMSD_core    
1    0    0    -6763.89    -25.1654    0    0.630296    
1    1    1    -6763.5    -24.9941    0    0.695633    
1    2    2    -6763.85    -25.1476    0    0.781445    
1    3    3    -6762.95    -25.2777    0    0.748177    
1    4    4    -6762.89    -25.7796    0    0.651445    
1    5    5    -6761.15    -25.3217    0    0.73334    
1    6    6    -6763.14    -24.9646    0    0.807415    
1    7    7    -6758.52    -25.0149    0    0.75708    
1    8    8    -6761.8    -25.2198    0    0.633989    
1    10    9    -6762.11    -24.3865    0    0.309523    
1    11    10    -6759.27    -25.9491    0    0.474462    
1    12    11    -6759.17    -25.8457    0    0.405365    
1    15    12    -6759.55    -26.2805    0    0.441721    
1    16    13    -6761.77    -25.5102    0    0.601824    
1    19    14    -6762.12    -26.085    0    0.503542    
1    20    15    -6761.7    -26.3246    0    0.462319    
