#Task    Step    numberOfAcceptedPeleSteps    currentEnergy    Binding Energy    sasaLig    RMSD_core    
1    0    0    -6759.35    -24.3995    0    0.197918    
1    1    1    -6759.74    -25.478    0    0.425419    
1    2    2    -6758.66    -24.3136    0    0.604436    
1    3    3    -6759.62    -25.6033    0    0.307453    
1    4    4    -6762.27    -25.8279    0    0.500385    
1    6    5    -6762.75    -26.1208    0    0.481987    
1    7    6    -6760.91    -25.5217    0    0.64494    
1    12    7    -6761.21    -25.4822    0    0.735482    
1    13    8    -6761.27    -25.3365    0    0.766056    
1    14    9    -6764.45    -25.2423    0    0.745021    
1    17    10    -6764.05    -25.3422    0    0.829047    
1    18    11    -6763.93    -25.0558    0    0.868343    
1    20    12    -6764.47    -25.1237    0    0.804046    
