#Task    Step    numberOfAcceptedPeleSteps    currentEnergy    Binding Energy    sasaLig    RMSD_core    
1    0    0    -6761.59    -25.4546    0    0.634509    
1    2    1    -6762.01    -25.3813    0    0.691031    
1    4    2    -6762.23    -25.4835    0    0.787812    
1    6    3    -6761.88    -25.2811    0    0.708372    
1    8    4    -6762.54    -25.676    0    0.65736    
1    10    5    -6762.46    -25.5184    0    0.769173    
1    11    6    -6761.28    -25.647    0    0.873326    
1    12    7    -6760.3    -25.7145    0    0.93504    
1    16    8    -6759.72    -25.6293    0    0.851299    
1    17    9    -6760.58    -25.7543    0    0.778305    
1    18    10    -6761.96    -25.6302    0    0.758553    
1    19    11    -6761.21    -25.7583    0    0.753488    
1    20    12    -6761.9    -25.7729    0    0.627537    
