#Task    Step    numberOfAcceptedPeleSteps    currentEnergy    Binding Energy    sasaLig    RMSD_core    
1    0    0    -6759.35    -24.3995    0    0.197918    
1    1    1    -6763.24    -25.7175    0    0.404982    
1    2    2    -6763.16    -25.0638    0    0.658501    
1    4    3    -6764.15    -25.0174    0    0.500133    
1    6    4    -6764.49    -25.1401    0    0.616205    
1    14    5    -6763.06    -24.7046    0    0.797809    
1    15    6    -6761.27    -25.0545    0    0.72003    
1    16    7    -6763.43    -25.1849    0    0.801939    
1    17    8    -6762.29    -25.2291    0    0.699589    
1    18    9    -6763.19    -25.1301    0    0.760265    
1    20    10    -6764.22    -24.6535    0    0.84286    
