#Task    Step    numberOfAcceptedPeleSteps    currentEnergy    Binding Energy    sasaLig    RMSD_core    
1    0    0    -6759.35    -24.3995    0    0.197918    
1    1    1    -6761.71    -25.5086    0    0.55099    
1    2    2    -6761.38    -24.9835    0    0.636073    
1    4    3    -6761.86    -25.6246    0    0.610041    
1    6    4    -6761.88    -24.8012    0    0.653286    
1    8    5    -6759.89    -24.6989    0    0.590545    
1    9    6    -6760.66    -25.5871    0    0.272892    
1    10    7    -6762.17    -25.6632    0    0.60728    
1    11    8    -6759.29    -25.8263    0    0.717513    
1    12    9    -6762.08    -26.083    0    0.585472    
1    14    10    -6763.47    -25.7432    0    0.66015    
1    15    11    -6763.18    -25.9958    0    0.70067    
1    16    12    -6764.47    -25.8995    0    0.586551    
1    19    13    -6763.09    -25.9255    0    0.703546    
1    20    14    -6763.51    -25.5989    0    0.840304    
