#Task    Step    numberOfAcceptedPeleSteps    currentEnergy    Binding Energy    sasaLig    RMSD_core    
1    0    0    -6761.6    -25.6152    0.00030777    1.9429    
1    1    1    -6761.2    -26.1611    0.000763211    1.96126    
1    4    2    -6761.07    -26.0314    0.00121865    1.93625    
1    5    3    -6759.49    -26.0528    0    1.91911    
1    6    4    -6759.22    -26.0443    0    1.88554    
1    7    5    -6758.33    -25.8809    0.000763211    1.93535    
1    8    6    -6758.19    -25.5187    0.000455441    1.90655    
1    9    7    -6759.12    -25.8325    0.000763211    1.93821    
1    10    8    -6759.63    -26.0228    0    1.90532    
1    12    9    -6760.94    -25.8204    0.000763211    1.92186    
1    14    10    -6762.3    -26.0046    0.000763211    1.93791    
1    15    11    -6760.19    -26.0363    0.000763211    1.91562    
1    18    12    -6759.95    -25.8396    0    1.93186    
1    20    13    -6761.16    -25.9148    0    1.93145    
