#Task    Step    numberOfAcceptedPeleSteps    currentEnergy    Binding Energy    sasaLig    RMSD_core    
1    0    0    -6759.35    -24.3995    0    0.197918    
1    2    1    -6762.52    -25.4662    0    0.382228    
1    3    2    -6760.63    -25.6715    0    0.44641    
1    4    3    -6761.38    -25.0045    0    0.316799    
1    5    4    -6758.23    -25.6982    0    0.456106    
1    6    5    -6760.18    -25.5773    0    0.442173    
1    8    6    -6760.86    -25.3743    0    0.478905    
1    9    7    -6760.98    -25.7827    0    0.49378    
1    10    8    -6762.98    -25.7669    0    0.441338    
1    11    9    -6763.83    -25.7889    0    0.525262    
1    12    10    -6764.67    -25.9008    0    0.496873    
1    13    11    -6765.35    -26.2001    0    0.55859    
1    14    12    -6765.71    -26.3191    0    0.514533    
1    15    13    -6766.12    -26.6385    0    0.546452    
1    16    14    -6765.65    -25.9118    0    0.667608    
1    20    15    -6764.34    -25.7773    0    0.788605    
