#Task    Step    numberOfAcceptedPeleSteps    currentEnergy    Binding Energy    sasaLig    RMSD_core    
1    0    0    -5716.99    -18.7877    0.000455919    2.85447    
1    1    1    -6760.83    -20.8669    0.000455919    2.71718    
1    2    2    -6762.06    -21.3114    0    2.68597    
1    4    3    -6761.77    -21.0026    0    2.70816    
1    6    4    -6761.53    -20.9888    0.000455919    2.64334    
1    7    5    -6762.49    -21.2407    0.000911839    2.68261    
1    8    6    -6763.55    -21.4065    0.000455919    2.68476    
1    9    7    -6763.85    -21.5182    0.000455919    2.67576    
1    10    8    -6765.32    -21.3599    0.000764012    2.69058    
1    13    9    -6762.7    -21.4046    0.00121993    2.68173    
1    14    10    -6764.76    -21.6967    0.000455919    2.64415    
1    16    11    -6763.99    -21.4774    0.000308093    2.65771    
1    17    12    -6763.65    -21.6112    0.000764012    2.67422    
1    18    13    -6762.54    -21.4523    0    2.65937    
1    19    14    -6760.92    -21.3647    0.00152802    2.68491    
1    20    15    -6761.98    -21.6959    0.000308093    2.67685    
