#Task    Step    numberOfAcceptedPeleSteps    currentEnergy    Binding Energy    sasaLig    RMSD_core    
1    0    0    -6760.71    -26.4755    0    0.340093    
1    1    1    -6759.73    -26.819    0    0.525225    
1    2    2    -6760.08    -26.0374    0    0.445285    
1    3    3    -6761.45    -26.838    0    0.470091    
1    4    4    -6761    -26.6073    0    0.362228    
1    5    5    -6760.4    -26.864    0    0.511331    
1    6    6    -6760.97    -26.9291    0    0.510974    
1    8    7    -6760.46    -26.4993    0    0.633321    
1    10    8    -6762.2    -25.9764    0    0.815394    
1    12    9    -6762.05    -26.2817    0    0.792535    
1    14    10    -6763.31    -26.3717    0    0.655069    
1    20    11    -6762.82    -26.1622    0    0.820344    
