#Task    Step    numberOfAcceptedPeleSteps    currentEnergy    Binding Energy    sasaLig    RMSD_core    
1    0    0    -6759.35    -24.3995    0    0.197918    
1    1    1    -6760.2    -25.3647    0    0.430275    
1    2    2    -6759.37    -24.743    0    0.242558    
1    4    3    -6761.27    -25.2813    0    0.383802    
1    5    4    -6759.35    -24.9961    0    0.296666    
1    6    5    -6763.48    -25.5916    0    0.505929    
1    8    6    -6764.91    -25.5293    0    0.42945    
1    9    7    -6761.73    -25.5255    0    0.510713    
1    10    8    -6759.27    -24.5543    0    0.462015    
1    11    9    -6759.65    -25.2304    0    0.654101    
1    12    10    -6759.93    -25.2237    0    0.630833    
1    13    11    -6762.27    -25.5164    0    0.848954    
1    14    12    -6763.72    -25.5693    0    0.923047    
1    16    13    -6765.16    -25.5452    0    0.960765    
1    17    14    -6764.32    -25.6709    0    0.863964    
1    18    15    -6764.64    -25.6986    0    0.932987    
1    20    16    -6765.8    -25.7719    0    0.823428    
