#Task    Step    numberOfAcceptedPeleSteps    currentEnergy    Binding Energy    sasaLig    RMSD_core    
1    0    0    -6759.02    -26.2463    0    0.8377    
1    1    1    -6758.24    -26.4365    0    0.869996    
1    2    2    -6759.77    -26.2607    0    0.606855    
1    4    3    -6760.68    -26.4069    0    0.789568    
1    6    4    -6759.72    -26.1655    0    0.884462    
1    7    5    -6757.6    -26.2542    0    0.773245    
1    8    6    -6757.26    -26.2076    0    0.550644    
1    9    7    -6760.44    -27.1073    0    0.496594    
1    10    8    -6761.57    -27.1755    0    0.566037    
1    11    9    -6756.32    -27.0973    0    0.484322    
1    12    10    -6761.29    -26.8277    0    0.496097    
1    14    11    -6761.3    -26.6375    0    0.413877    
1    15    12    -6760.86    -26.7269    0    0.426052    
1    16    13    -6762.02    -27.0432    0    0.508204    
1    17    14    -6759.42    -26.8726    0    0.533974    
1    18    15    -6761.48    -26.7772    0    0.613521    
1    19    16    -6764.34    -26.8804    0    0.570029    
1    20    17    -6763.14    -26.6553    0    0.469175    
