#Task    Step    numberOfAcceptedPeleSteps    currentEnergy    Binding Energy    sasaLig    RMSD_core    
1    0    0    -6761.61    -25.9424    0    0.424508    
1    1    1    -6763.99    -25.8052    0    0.762261    
1    2    2    -6765.14    -25.7574    0    0.869129    
1    4    3    -6765.92    -26.2222    0    0.666397    
1    6    4    -6766.39    -26.1952    0    0.561696    
1    8    5    -6763.75    -25.3721    0    0.346412    
1    9    6    -6758.79    -25.0781    0    0.285132    
1    10    7    -6765.91    -25.7784    0    0.657202    
1    14    8    -6764.65    -25.827    0    0.771715    
1    15    9    -6762.17    -25.9954    0    0.772147    
1    16    10    -6763.24    -26.1727    0    0.640427    
1    17    11    -6766.16    -25.939    0    0.734438    
1    18    12    -6765.14    -25.7688    0    0.851492    
1    20    13    -6765.41    -25.8381    0    0.73299    
