#Task    Step    numberOfAcceptedPeleSteps    currentEnergy    Binding Energy    sasaLig    RMSD_core    
1    0    0    -6761.6    -25.6152    0.00030777    1.9429    
1    2    1    -6762.54    -26.2503    0.00030777    1.89623    
1    4    2    -6761.29    -26.3653    0    1.91351    
1    5    3    -6761.72    -26.2814    0.000763211    1.92822    
1    8    4    -6761.5    -26.0665    0.00030777    1.92791    
1    9    5    -6760.94    -26.1235    0    1.91294    
1    10    6    -6762.25    -26.3114    0    1.87328    
1    12    7    -6762.1    -25.9177    0.000455441    1.92604    
1    16    8    -6761.86    -26.0163    0.000763211    1.94138    
1    17    9    -6759.53    -25.9575    0.000455441    1.9509    
1    18    10    -6758.3    -25.7663    0.000455441    1.94239    
1    19    11    -6759.75    -25.7843    0.00121865    1.95844    
1    20    12    -6760.09    -25.7812    0.000455441    1.97321    
