#Task    Step    numberOfAcceptedPeleSteps    currentEnergy    Binding Energy    sasaLig    RMSD_core    
1    0    0    -6761.61    -25.9424    0    0.424508    
1    1    1    -6763.69    -26.5116    0    0.382856    
1    2    2    -6762.58    -26.4087    0    0.309013    
1    3    3    -6763.23    -26.2782    0    0.344454    
1    4    4    -6765.14    -26.2511    0    0.502801    
1    6    5    -6764.24    -26.1589    0    0.364755    
1    7    6    -6761.96    -26.4756    0    0.536774    
1    8    7    -6764.13    -26.6408    0    0.499548    
1    10    8    -6765.16    -27.034    0    0.457956    
1    15    9    -6763.7    -26.8678    0    0.486779    
1    17    10    -6762.58    -27.0421    0    0.49443    
1    18    11    -6763.84    -26.7875    0    0.562913    
1    19    12    -6762.7    -26.8061    0    0.521295    
1    20    13    -6762.38    -26.4568    0    0.643152    
