#Task    Step    numberOfAcceptedPeleSteps    currentEnergy    Binding Energy    sasaLig    RMSD_core    
1    0    0    -6761.61    -25.9424    0    0.424508    
1    1    1    -6762.85    -25.9181    0    0.641293    
1    2    2    -6764.24    -25.976    0    0.740856    
1    7    3    -6760.87    -25.9428    0    0.796892    
1    8    4    -6763.08    -25.8735    0    0.876319    
1    9    5    -6761.39    -26.1858    0    0.735661    
1    10    6    -6761.96    -25.8115    0    0.568465    
1    12    7    -6764.29    -26.1677    0    0.789205    
1    13    8    -6758.87    -26.2728    0    0.8458    
1    14    9    -6762.58    -26.1858    0    0.786137    
1    16    10    -6762.76    -26.2146    0    0.852856    
1    18    11    -6762.7    -26.1718    0    0.844335    
1    19    12    -6760.8    -26.2512    0    0.752788    
1    20    13    -6761.55    -26.0356    0    0.839373    
