#Task    Step    numberOfAcceptedPeleSteps    currentEnergy    Binding Energy    sasaLig    RMSD_core    
1    0    0    -6760.67    -25.3453    0    0.713711    
1    1    1    -6759.7    -25.4155    0    0.668676    
1    2    2    -6761.82    -25.096    0.000317582    0.628002    
1    4    3    -6762.06    -25.2241    0    0.637732    
1    8    4    -6762.13    -25.2267    0.000317582    0.620387    
1    9    5    -6762.38    -25.5052    0    0.638248    
1    11    6    -6761.01    -25.4729    0    0.54783    
1    12    7    -6761.77    -25.5887    0    0.475649    
1    13    8    -6760.19    -25.2498    0    0.337653    
1    14    9    -6760.8    -26.1229    0    0.743115    
1    15    10    -6759.93    -25.8531    0    0.840893    
1    16    11    -6761.79    -25.1473    0    0.940195    
1    17    12    -6762.59    -26.5773    0    0.729703    
1    18    13    -6764.6    -26.1463    0    0.670867    
1    20    14    -6764.6    -26.1037    0    0.861439    
