#Task    Step    numberOfAcceptedPeleSteps    currentEnergy    Binding Energy    sasaLig    RMSD_core    
1    0    0    -6759.91    -25.9504    0.000762822    1.86953    
1    1    1    -6761.34    -25.9838    0.000455209    1.87844    
1    2    2    -6763.31    -26.0412    0.000455209    1.87867    
1    4    3    -6763.65    -26.0137    0.00121803    1.92175    
1    6    4    -6763.28    -25.9447    0.00152564    1.93956    
1    7    5    -6761.29    -25.9848    0.000455209    1.90652    
1    8    6    -6762.22    -25.7302    0.000455209    1.94032    
1    10    7    -6761.54    -25.7939    0.000762822    1.9625    
1    12    8    -6761.28    -25.8615    0    1.94821    
1    15    9    -6760.28    -25.8909    0.000455209    2.00293    
1    16    10    -6761.4    -25.7291    0.000455209    1.95535    
1    17    11    -6761.84    -25.854    0.000910419    1.98656    
