#Task    Step    numberOfAcceptedPeleSteps    currentEnergy    Binding Energy    sasaLig    RMSD_core    
1    0    0    -6760.82    -25.4998    0.00107313    2.01542    
1    1    1    -6762.39    -25.8736    0.00107313    1.95003    
1    2    2    -6761.76    -26.0424    0    1.88669    
1    3    3    -6760.71    -26.0234    0.000764746    1.93048    
1    6    4    -6759.4    -26.1526    0    1.91943    
1    7    5    -6759.43    -25.7696    0.0012211    1.94445    
1    8    6    -6760    -26.073    0    1.92338    
1    9    7    -6759.46    -25.9675    0.000308389    1.92945    
1    11    8    -6759.42    -25.8978    0.000912714    1.92649    
1    12    9    -6759.77    -25.9749    0    1.91722    
1    14    10    -6760.07    -26.0322    0    1.92705    
1    16    11    -6759.64    -26.0461    0    1.89622    
1    17    12    -6759.43    -25.9265    0    1.9547    
1    18    13    -6759.64    -26.0217    0.000456357    1.9868    
1    19    14    -6759.7    -26.0678    0.000456357    1.98681    
