#Task    Step    numberOfAcceptedPeleSteps    currentEnergy    Binding Energy    sasaLig    RMSD_core    
1    0    0    -6760.71    -26.4755    0    0.340093    
1    1    1    -6763.71    -27.1269    0    0.455101    
1    4    2    -6763.66    -26.6864    0    0.602533    
1    6    3    -6763.14    -26.606    0    0.474495    
1    8    4    -6764.46    -26.973    0    0.503502    
1    9    5    -6761.38    -26.5469    0    0.52765    
1    10    6    -6762.83    -26.3072    0    0.657688    
1    12    7    -6763.5    -26.091    0    0.736109    
1    14    8    -6763.61    -26.3229    0    0.647065    
1    16    9    -6763.16    -26.4106    0    0.541995    
1    18    10    -6763.09    -25.9566    0    0.849395    
1    19    11    -6763.62    -26.1716    0    0.746569    
1    20    12    -6761.7    -26.1893    0    0.465075    
