#Task    Step    numberOfAcceptedPeleSteps    currentEnergy    Binding Energy    sasaLig    RMSD_core    
1    0    0    -6766.05    -25.6534    0    0.622542    
1    1    1    -6764.01    -25.8381    0    0.674858    
1    6    2    -6764.67    -25.8704    0    0.8008    
1    8    3    -6763.43    -25.572    0    0.922369    
1    10    4    -6764.28    -25.9336    0    0.783653    
1    12    5    -6764.33    -25.9766    0    0.705085    
1    14    6    -6763.98    -25.4099    0    0.903245    
1    16    7    -6761.36    -26.2397    0    0.815062    
1    17    8    -6760.75    -25.6387    0    0.6748    
1    18    9    -6761.4    -25.1735    0    0.837753    
1    19    10    -6761.32    -25.9537    0    0.762281    
1    20    11    -6763.87    -26.6267    0    0.603582    
