#Task    Step    numberOfAcceptedPeleSteps    currentEnergy    Binding Energy    sasaLig    RMSD_core    
1    0    0    -6761.6    -25.6152    0.00030777    1.9429    
1    2    1    -6761.68    -25.9723    0    1.96177    
1    4    2    -6761.74    -26.0335    0.00121865    1.95565    
1    5    3    -6759.93    -26.159    0.00152642    1.94747    
1    6    4    -6760.18    -23.2513    0.000455441    1.92044    
1    8    5    -6761.69    -25.5119    0.00030777    1.96096    
1    10    6    -6762.89    -25.2438    0.000910882    1.96603    
1    11    7    -6763.16    -25.529    0.000763211    1.9539    
1    13    8    -6761.55    -25.6703    0.000763211    1.94186    
1    14    9    -6761.52    -25.6918    0    1.9185    
1    15    10    -6760.67    -25.7291    0    1.90484    
1    16    11    -6760.38    -25.6485    0    1.89003    
1    18    12    -6761.52    -25.7488    0    1.88007    
1    19    13    -6761.03    -25.7859    0.000455441    1.90588    
1    20    14    -6761.3    -26.0026    0    1.90826    
