#Task    Step    numberOfAcceptedPeleSteps    currentEnergy    Binding Energy    sasaLig    RMSD_core    
1    0    0    -6759.02    -26.2463    0    0.8377    
1    1    1    -6756.69    -26.3889    0    0.63191    
1    2    2    -6759.83    -26.3522    0    0.523976    
1    4    3    -6760.26    -26.2576    0    0.31663    
1    6    4    -6759.44    -25.9787    0    0.630604    
1    8    5    -6760.3    -25.9065    0    0.49519    
1    9    6    -6759.6    -25.8226    0    0.581583    
1    10    7    -6761.95    -25.6732    0    0.46217    
1    14    8    -6761.68    -25.7229    0    0.649085    
1    16    9    -6761.5    -26.4977    0    0.522899    
1    19    10    -6760.31    -26.2022    0    0.541566    
1    20    11    -6761.38    -26.2466    0    0.527182    
