#Task    Step    numberOfAcceptedPeleSteps    currentEnergy    Binding Energy    sasaLig    RMSD_core    
1    0    0    -6760.82    -25.4998    0.00107313    2.01542    
1    1    1    -6762.34    -25.8996    0.000456357    1.98847    
1    2    2    -6762.18    -25.8672    0    1.96906    
1    3    3    -6762.59    -25.8498    0.000912714    1.98335    
1    4    4    -6762.65    -25.746    0.000912714    1.96211    
1    5    5    -6763.86    -25.6679    0.000912714    2.00671    
1    6    6    -6763.33    -25.5096    0.000456357    1.98406    
1    7    7    -6760.65    -25.6115    0.00136907    2.02162    
1    8    8    -6761.91    -25.7974    0.000912714    1.99903    
1    9    9    -6760.52    -25.8948    0.000912714    1.9841    
1    10    10    -6759.9    -25.8281    0.000912714    1.99087    
1    11    11    -6757.55    -25.6494    0.000912714    1.97527    
1    12    12    -6758.89    -25.7517    0.000456357    1.99388    
1    13    13    -6760.09    -25.7307    0.000912714    1.99057    
1    15    14    -6757.65    -25.8806    0.000912714    1.98604    
1    16    15    -6758.6    -25.6379    0.000912714    1.99497    
1    18    16    -6759.3    -25.8626    0.000456357    1.94601    
1    19    17    -6756.67    -25.6412    0.00136907    1.9704    
1    20    18    -6759.33    -25.9027    0    1.96667    
