#Task    Step    numberOfAcceptedPeleSteps    currentEnergy    Binding Energy    sasaLig    RMSD_core    
1    0    0    -6761.59    -25.4546    0    0.634509    
1    1    1    -6761.23    -25.5524    0    0.682885    
1    6    2    -6761.24    -25.531    0    0.739362    
1    7    3    -6761.46    -25.3225    0    0.871996    
1    8    4    -6762.19    -25.6278    0    0.748859    
1    10    5    -6762.43    -25.9309    0    0.833516    
1    11    6    -6760.82    -25.854    0    0.759671    
1    12    7    -6761.23    -25.438    0    0.91836    
1    13    8    -6757.7    -25.6798    0    0.785006    
1    14    9    -6760.15    -25.7386    0    0.74996    
1    15    10    -6759.6    -25.8032    0    0.824745    
1    16    11    -6760.36    -25.5003    0    0.74296    
1    18    12    -6762.78    -25.4362    0    0.721909    
1    20    13    -6761.57    -25.3657    0    0.872828    
