#Task    Step    numberOfAcceptedPeleSteps    currentEnergy    Binding Energy    sasaLig    RMSD_core    
1    0    0    -6759.91    -25.9504    0.000762822    1.86953    
1    1    1    -6761.55    -25.8659    0.00107044    1.97235    
1    2    2    -6763.53    -25.5775    0.000455209    1.99456    
1    4    3    -6761.93    -25.894    0.000455209    1.98707    
1    5    4    -6759.3    -26.0492    0    1.97148    
1    6    5    -6760.02    -26.0463    0    1.9587    
1    7    6    -6759.69    -26.0355    0    1.95211    
1    8    7    -6759.95    -26.0973    0    1.98191    
1    9    8    -6757.79    -26.1795    0.000307613    1.97317    
1    10    9    -6759.65    -26.3091    0    1.97617    
1    13    10    -6758.54    -26.0709    0    1.9831    
1    14    11    -6758.25    -25.719    0.000307613    1.95019    
1    16    12    -6759.74    -26.1028    0    1.94337    
1    17    13    -6760.06    -25.935    0    1.91877    
1    18    14    -6760.3    -25.9636    0    1.9393    
1    20    15    -6760.49    -26.083    0    1.9286    
