#Task    Step    numberOfAcceptedPeleSteps    currentEnergy    Binding Energy    sasaLig    RMSD_core    
1    0    0    -6760.71    -26.4755    0    0.340093    
1    2    1    -6761.12    -26.7356    0    0.535273    
1    4    2    -6762.26    -26.7683    0    0.473191    
1    5    3    -6760.95    -26.7076    0    0.547044    
1    6    4    -6761.39    -26.7684    0    0.310154    
1    7    5    -6759.84    -27.3241    0    0.431543    
1    8    6    -6761.78    -27.145    0    0.476036    
1    9    7    -6761.42    -26.982    0    0.399228    
1    10    8    -6761.46    -26.9294    0    0.522263    
1    12    9    -6762.88    -26.6058    0    0.590648    
1    15    10    -6759.86    -26.9722    0    0.444318    
1    16    11    -6761.62    -26.8507    0    0.562367    
1    18    12    -6763.14    -26.9512    0    0.47869    
1    19    13    -6761.94    -26.972    0    0.581577    
1    20    14    -6761.48    -26.8492    0    0.394976    
