* LIGAND DATABASE FILE (OPLS2005)
*
GRW      54    58    94     169       0
    1     0 M   CA   _C10     6   42.196832   50.987132  -59.810380
    2     1 M   CA   _C11     6    1.403710  146.333246   18.042470
    3     2 M   CA   _C12     6    1.412137  117.673133  156.926122
    4     1 M   CA   _C9_     6    1.405240   91.509427  177.850913
    5     1 M   HA   _H10     6    1.080169   31.053109  -23.814698
    6     4 M   CA   _C8_     6    1.418223  122.132027 -165.238892
    7     4 M   HA   _H9_     6    1.079935  120.026918   14.759036
    8     3 M   CA   _C13     6    1.407853  122.706972   -0.820794
    9     3 M   HA   _H12     6    1.080114  120.022939  179.163657
   10     8 M   HA   _H13     6    1.079469  119.993700  178.886826
   11     2 S   NE   _N4_     6    1.381955  120.970810  -24.037849
   12    11 S   SY   _S1_     6    1.634332  126.102273  115.106883
   13    11 S    H   _HN4     6    1.009777  113.909576  -64.897338
   14    12 S   OY   _O2_     6    1.459565  111.563937 -177.071632
   15    12 S   OY   _O1_     6    1.447360  108.749351   62.512450
   16    12 S   CA   _C14     6    1.624424  106.635353  -55.842839
   17    16 S   CA   _C17     6    1.409365  120.338452   89.180318
   18    16 S   CA   _C15     6    1.407726  120.313154  -84.289426
   19    17 S   CA   _C18     6    1.400621  120.525184 -177.025775
   20    17 S   HA   _H17     6    1.079812  119.994732    2.994769
   21    18 S   CA   _C16     6    1.393391  120.663464  177.263925
   22    18 S   HA   _H15     6    1.080403  119.983098   -2.731192
   23    19 S   Cl   _CL1     6    1.491187  120.127353 -177.008057
   24    19 S   CA   _C19     6    1.398806  119.549222    0.158335
   25    21 S   HA   _H16     6    1.080217  120.379996  179.365038
   26    24 S   HA   _H19     6    1.079555  120.015842 -177.017715
   27     6 S   CA   _C1_     6    1.505582  118.169806 -177.555466
   28    27 S   CA   _C4_     6    1.410060  117.334174  135.335988
   29    27 S   CA   _C2_     6    1.416664  124.006872  -37.476411
   30    28 S C56B   _C6_     6    1.401677  119.992965 -175.511086
   31    28 S   HA   _H4_     6    1.080326  119.995472    4.472991
   32    29 S   CA   _C3_     6    1.409663  121.103498  175.189737
   33    29 S   HA   _H2_     6    1.079662  119.993563   -4.782158
   34    30 S  C5B   _C5_     6    1.388146  132.099134  179.145709
   35    30 S C56A   _C7_     6    1.391486  121.792223    1.505311
   36    32 S   HA   _H3_     6    1.080412  120.251681  178.189286
   37    34 S    N   _N3_     6    1.372636  124.203800    1.885390
   38    34 S  N5A   _N2_     6    1.338504  112.323930 -178.838981
   39    35 S   NA   _N1_     6    1.366635  106.896922  178.903918
   40    37 S    H   _H31     6    1.010466  120.012217 -179.990341
   41    37 S    C   _G7_     6    1.050582  120.029753    0.035689
   42    39 S    H   _HN1     6    1.010175  129.525259  179.657909
   43    41 S   CA   _G2_     6    1.483781  114.629974 -113.263632
   44    41 S    O   _G8_     6    1.230163  121.383107   66.716302
   45    43 S   CA   _G1_     6    1.413445  120.493184   33.604968
   46    43 S   CA   _G3_     6    1.413071  119.999242 -146.434407
   47    45 S   CA   _G0_     6    1.410738  120.219195  179.889287
   48    45 S   HA   _G10     6    1.080469  120.233741    0.008763
   49    46 S   CA   _G4_     6    1.410514  120.139540 -179.972466
   50    46 S   HA   _G11     6    1.080461  120.589103    0.121814
   51    47 S   CA   _G5_     6    1.408790  120.044957    0.085580
   52    47 S   HA   _G9_     6    1.080297  120.117772 -179.957809
   53    49 S   HA   _G12     6    1.079715  120.240934  179.985107
   54    51 S   Cl   _G6_     6    1.723946  120.030918  179.949571
NBON
     1   3.5500   0.0700  -0.115000   2.5000   1.7750   0.001000000  -0.843144165
     2   3.5500   0.0700   0.175000   2.5000   1.7750   0.001000000  -0.843144165
     3   3.5500   0.0700  -0.115000   2.5000   1.7750   0.001000000  -0.843144165
     4   3.5500   0.0700  -0.115000   2.5000   1.7750   0.001000000  -0.843144165
     5   2.4200   0.0300   0.115000   1.3810   1.2100   0.030040813   0.268726247
     6   3.5500   0.0700   0.000000   2.5000   1.7750   0.001000000  -0.843144165
     7   2.4200   0.0300   0.115000   1.3810   1.2100   0.030040813   0.268726247
     8   3.5500   0.0700  -0.115000   2.5000   1.7750   0.001000000  -0.843144165
     9   2.4200   0.0300   0.115000   1.3810   1.2100   0.030040813   0.268726247
    10   2.4200   0.0300   0.115000   1.3810   1.2100   0.030040813   0.268726247
    11   3.2500   0.1700  -0.585600   2.1120   1.8750   0.051222218  -2.220205820
    12   3.5500   0.2500   0.832700   2.0020   1.7750   0.025682759  -1.666211680
    13   0.5000   0.0300   0.357200   1.5900   1.4000   0.030040813  -0.651083722
    14   2.9600   0.1700  -0.468000   1.6780   1.4800   0.001000000  -0.126889456
    15   2.9600   0.1700  -0.468000   1.6780   1.4800   0.001000000  -0.126889456
    16   3.5500   0.0700   0.156700   2.5000   1.7750   0.001000000  -0.843144165
    17   3.5500   0.0700  -0.115000   2.5000   1.7750   0.001000000  -0.843144165
    18   3.5500   0.0700  -0.115000   2.5000   1.7750   0.001000000  -0.843144165
    19   3.5500   0.0700   0.180000   2.5000   1.7750   0.001000000  -0.843144165
    20   2.4200   0.0300   0.115000   1.3810   1.2100   0.030040813   0.268726247
    21   3.5500   0.0700  -0.115000   2.5000   1.7750   0.001000000  -0.843144165
    22   2.4200   0.0300   0.115000   1.3810   1.2100   0.030040813   0.268726247
    23   3.4000   0.3000  -0.180000   2.1950   1.9500   0.001000000   0.320982824
    24   3.5500   0.0700  -0.115000   2.5000   1.7750   0.001000000  -0.843144165
    25   2.4200   0.0300   0.115000   1.3810   1.2100   0.030040813   0.268726247
    26   2.4200   0.0300   0.115000   1.3810   1.2100   0.030040813   0.268726247
    27   3.5500   0.0700  -0.049100   2.5000   1.7750   0.001000000  -0.843144165
    28   3.5500   0.0700  -0.219300   2.5000   1.7750   0.001000000  -0.843144165
    29   3.5500   0.0700  -0.029300   2.5000   1.7750   0.001000000  -0.843144165
    30   3.5500   0.0700   0.018300   2.5000   1.7750   0.001000000  -0.843144165
    31   2.4200   0.0300   0.169100   1.3810   1.2100   0.030040813   0.268726247
    32   3.5500   0.0700  -0.387900   2.5000   1.7750   0.001000000  -0.843144165
    33   2.4200   0.0300   0.128900   1.3810   1.2100   0.030040813   0.268726247
    34   3.5500   0.0700   0.285500   2.5000   1.7750   0.001000000  -0.843144165
    35   3.5500   0.0700   0.260100   2.5000   1.7750   0.001000000  -0.843144165
    36   2.4200   0.0300   0.188800   1.3810   1.2100   0.030040813   0.268726247
    37   3.2500   0.1700  -0.385000   1.8100   1.6000   0.054801302  -1.445846770
    38   3.2800   0.1700  -0.421200   1.8100   1.6000   0.054801302  -1.445846770
    39   3.2500   0.1700  -0.192000   1.8650   1.6500   0.001000000  -0.511443539
    40   0.5000   0.0300   0.300000   1.5900   1.4000   0.030040813  -0.651083722
    41   2.0454   0.1050   0.335454   2.1120   1.8750   0.001000000  -0.126889456
    42   0.5000   0.0300   0.333100   1.5900   1.4000   0.030040813  -0.651083722
    43   1.9362   0.0700  -0.062730   2.5000   1.7750   0.001000000  -0.843144165
    44   1.6146   0.2100  -0.272730   1.8100   1.6000   0.001000000  -1.480495490
    45   1.9362   0.0700  -0.062730   2.5000   1.7750   0.001000000  -0.843144165
    46   1.9362   0.0700  -0.062730   2.5000   1.7750   0.001000000  -0.843144165
    47   1.9362   0.0700  -0.062730   2.5000   1.7750   0.001000000  -0.843144165
    48   1.3200   0.0300   0.062730   1.3810   1.2100   0.030040813   0.268726247
    49   1.9362   0.0700  -0.062730   2.5000   1.7750   0.001000000  -0.843144165
    50   1.3200   0.0300   0.062730   1.3810   1.2100   0.030040813   0.268726247
    51   1.9362   0.0700   0.098184   2.5000   1.7750   0.001000000  -0.843144165
    52   1.3200   0.0300   0.062730   1.3810   1.2100   0.030040813   0.268726247
    53   1.3200   0.0300   0.062730   1.3810   1.2100   0.030040813   0.268726247
    54   1.8546   0.3000  -0.098184   2.1950   1.9500   0.001000000   0.320982824
BOND
     1     4   469.000  1.400
     1     5   367.000  1.080
     2     1   469.000  1.400
     2     3   469.000  1.400
     3     8   469.000  1.400
     3     9   367.000  1.080
     4     6   469.000  1.400
     4     7   367.000  1.080
     6    27   375.000  1.464
     8     6   469.000  1.400
     8    10   367.000  1.080
    11     2   481.000  1.393
    11    13   434.000  1.010
    12    11   220.000  1.729
    12    15   735.000  1.471
    12    16   225.000  1.779
    14    12   735.000  1.471
    16    17   469.000  1.400
    16    18   469.000  1.400
    17    19   469.000  1.400
    17    20   367.000  1.080
    18    22   367.000  1.080
    19    23   300.000  1.725
    19    24   469.000  1.400
    21    18   469.000  1.400
    21    25   367.000  1.080
    24    21   469.000  1.400
    24    26   367.000  1.080
    27    28   469.000  1.400
    27    29   469.000  1.400
    28    30   469.000  1.404
    28    31   367.000  1.080
    29    33   367.000  1.080
    30    34   380.000  1.440
    30    35   447.000  1.419
    32    29   469.000  1.400
    32    36   367.000  1.080
    34    37   360.000  1.404
    34    38   585.000  1.311
    35    32   469.000  1.400
    35    39   428.000  1.380
    37    40   434.000  1.010
    37    41   490.000  1.010
    38    39   400.000  1.349
    39    42   434.000  1.010
    41    44   570.000  0.672
    43    41   400.000  0.810
    43    46   469.000  0.762
    45    43   469.000  0.762
    45    48   367.000  0.588
    46    49   469.000  0.762
    46    50   367.000  0.588
    47    45   469.000  0.762
    47    51   469.000  0.762
    47    52   367.000  0.588
    49    51   469.000  0.762
    49    53   367.000  0.588
    51    54   300.000  0.942
THET
    14    12    15   115.00000  120.17200
    14    12    16   100.00000  107.67100
    14    12    11   115.00000  105.11000
    15    12    16   100.00000  107.67100
    15    12    11   115.00000  105.11000
    16    12    11    90.00000  101.56900
    12    16    17    65.00000  117.06700
    12    16    18    65.00000  117.06700
    17    16    18    63.00000  120.00000
    16    17    19    63.00000  120.00000
    16    17    20    35.00000  120.00000
    19    17    20    35.00000  120.00000
    17    19    23    75.00000  120.00000
    17    19    24    63.00000  120.00000
    23    19    24    75.00000  120.00000
    19    24    21    63.00000  120.00000
    19    24    26    35.00000  120.00000
    21    24    26    35.00000  120.00000
    24    21    18    63.00000  120.00000
    24    21    25    35.00000  120.00000
    18    21    25    35.00000  120.00000
    16    18    21    63.00000  120.00000
    16    18    22    35.00000  120.00000
    21    18    22    35.00000  120.00000
    12    11     2    85.28000  125.46500
    12    11    13    35.00000  114.50000
     2    11    13    35.00000  113.50000
    11     2     1    70.00000  120.10000
    11     2     3    70.00000  120.10000
     1     2     3    63.00000  120.00000
     2     1     4    63.00000  120.00000
     2     1     5    35.00000  120.00000
     4     1     5    35.00000  120.00000
     1     4     6    63.00000  120.00000
     1     4     7    35.00000  120.00000
     6     4     7    35.00000  120.00000
     2     3     8    63.00000  120.00000
     2     3     9    35.00000  120.00000
     8     3     9    35.00000  120.00000
     3     8     6    63.00000  120.00000
     3     8    10    35.00000  120.00000
     6     8    10    35.00000  120.00000
     4     6     8    63.00000  120.00000
     4     6    27    60.00000  122.76000
     8     6    27    60.00000  122.76000
     6    27    28    60.00000  122.76000
     6    27    29    60.00000  122.76000
    28    27    29    63.00000  120.00000
    27    28    30    63.00000  120.00000
    27    28    31    35.00000  120.00000
    30    28    31    35.00000  120.00000
    28    30    34    50.00000  134.85500
    28    30    35    85.00000  116.20000
    34    30    35    80.00000  107.43600
    30    34    37    70.00000  119.01900
    30    34    38    85.00000  112.99000
    37    34    38    70.00000  120.00000
    34    37    40    45.00000  118.23600
    34    37    41    65.00000  121.96500
    40    37    41    35.00000  119.80000
    34    38    39   105.00000  104.75000
    30    35    39    70.00000  104.40000
    30    35    32    85.00000  122.70000
    39    35    32    70.00000  132.80000
    38    39    35    90.00000  111.59600
    38    39    42    56.00000  118.40000
    35    39    42    35.00000  123.10000
    35    32    29    85.00000  120.00000
    35    32    36    35.00000  120.00000
    29    32    36    35.00000  120.00000
    27    29    32    63.00000  120.00000
    27    29    33    35.00000  120.00000
    32    29    33    35.00000  120.00000
    45    47    51    63.00000  120.00000
    45    47    52    35.00000  120.00000
    51    47    52    35.00000  120.00000
    47    45    43    63.00000  120.00000
    47    45    48    35.00000  120.00000
    43    45    48    35.00000  120.00000
    45    43    46    63.00000  120.00000
    45    43    41    85.00000  120.00000
    46    43    41    85.00000  120.00000
    43    46    49    63.00000  120.00000
    43    46    50    35.00000  120.00000
    49    46    50    35.00000  120.00000
    46    49    51    63.00000  120.00000
    46    49    53    35.00000  120.00000
    51    49    53    35.00000  120.00000
    47    51    49    63.00000  120.00000
    47    51    54    75.00000  120.00000
    49    51    54    75.00000  120.00000
    37    41    43    75.00000  113.92100
    37    41    44    80.00000  122.90000
    43    41    44    80.00000  120.40000
PHI
   14    12    16    17   0.19500  1.0 1.0
   14    12    16    17   0.12000 -1.0 2.0
   14    12    16    17   0.00000  1.0 3.0
   14    12    16    17   0.00000 -1.0 4.0
   14    12    16    18   0.19500  1.0 1.0
   14    12    16    18   0.12000 -1.0 2.0
   14    12    16    18   0.00000  1.0 3.0
   14    12    16    18   0.00000 -1.0 4.0
   15    12    16    17   0.19500  1.0 1.0
   15    12    16    17   0.12000 -1.0 2.0
   15    12    16    17   0.00000  1.0 3.0
   15    12    16    17   0.00000 -1.0 4.0
   15    12    16    18   0.19500  1.0 1.0
   15    12    16    18   0.12000 -1.0 2.0
   15    12    16    18   0.00000  1.0 3.0
   15    12    16    18   0.00000 -1.0 4.0
   11    12    16    17   0.00000  1.0 1.0
   11    12    16    17  -0.25000 -1.0 2.0
   11    12    16    17   0.00000  1.0 3.0
   11    12    16    17   0.00000 -1.0 4.0
   11    12    16    18   0.00000  1.0 1.0
   11    12    16    18  -0.25000 -1.0 2.0
   11    12    16    18   0.00000  1.0 3.0
   11    12    16    18   0.00000 -1.0 4.0
   14    12    11     2   0.00000  1.0 1.0
   14    12    11    13   0.00000  1.0 1.0
   15    12    11     2   0.00000  1.0 1.0
   15    12    11    13   0.00000  1.0 1.0
   16    12    11     2  -1.00000  1.0 1.0
   16    12    11     2   0.00000 -1.0 2.0
   16    12    11     2   0.50000  1.0 3.0
   16    12    11     2   0.00000 -1.0 4.0
   16    12    11    13   0.00000  1.0 1.0
   12    16    17    19   0.00000  1.0 1.0
   12    16    17    19   3.62500 -1.0 2.0
   12    16    17    19   0.00000  1.0 3.0
   12    16    17    19   0.00000 -1.0 4.0
   12    16    17    20   0.00000  1.0 1.0
   12    16    17    20   3.62500 -1.0 2.0
   12    16    17    20   0.00000  1.0 3.0
   12    16    17    20   0.00000 -1.0 4.0
   18    16    17    19   0.00000  1.0 1.0
   18    16    17    19   3.62500 -1.0 2.0
   18    16    17    19   0.00000  1.0 3.0
   18    16    17    19   0.00000 -1.0 4.0
   18    16    17    20   0.00000  1.0 1.0
   18    16    17    20   3.62500 -1.0 2.0
   18    16    17    20   0.00000  1.0 3.0
   18    16    17    20   0.00000 -1.0 4.0
   12    16    18    21   0.00000  1.0 1.0
   12    16    18    21   3.62500 -1.0 2.0
   12    16    18    21   0.00000  1.0 3.0
   12    16    18    21   0.00000 -1.0 4.0
   12    16    18    22   0.00000  1.0 1.0
   12    16    18    22   3.62500 -1.0 2.0
   12    16    18    22   0.00000  1.0 3.0
   12    16    18    22   0.00000 -1.0 4.0
   17    16    18    21   0.00000  1.0 1.0
   17    16    18    21   3.62500 -1.0 2.0
   17    16    18    21   0.00000  1.0 3.0
   17    16    18    21   0.00000 -1.0 4.0
   17    16    18    22   0.00000  1.0 1.0
   17    16    18    22   3.62500 -1.0 2.0
   17    16    18    22   0.00000  1.0 3.0
   17    16    18    22   0.00000 -1.0 4.0
   16    17    19    23   0.00000  1.0 1.0
   16    17    19    23   3.62500 -1.0 2.0
   16    17    19    23   0.00000  1.0 3.0
   16    17    19    23   0.00000 -1.0 4.0
   16    17    19    24   0.00000  1.0 1.0
   16    17    19    24   3.62500 -1.0 2.0
   16    17    19    24   0.00000  1.0 3.0
   16    17    19    24   0.00000 -1.0 4.0
   20    17    19    23   0.00000  1.0 1.0
   20    17    19    23   3.62500 -1.0 2.0
   20    17    19    23   0.00000  1.0 3.0
   20    17    19    23   0.00000 -1.0 4.0
   20    17    19    24   0.00000  1.0 1.0
   20    17    19    24   3.62500 -1.0 2.0
   20    17    19    24   0.00000  1.0 3.0
   20    17    19    24   0.00000 -1.0 4.0
   17    19   -24    21   0.00000  1.0 1.0
   17    19   -24    21   3.62500 -1.0 2.0
   17    19   -24    21   0.00000  1.0 3.0
   17    19   -24    21   0.00000 -1.0 4.0
   17    19    24    26   0.00000  1.0 1.0
   17    19    24    26   3.62500 -1.0 2.0
   17    19    24    26   0.00000  1.0 3.0
   17    19    24    26   0.00000 -1.0 4.0
   23    19    24    21   0.00000  1.0 1.0
   23    19    24    21   3.62500 -1.0 2.0
   23    19    24    21   0.00000  1.0 3.0
   23    19    24    21   0.00000 -1.0 4.0
   23    19    24    26   0.00000  1.0 1.0
   23    19    24    26   3.62500 -1.0 2.0
   23    19    24    26   0.00000  1.0 3.0
   23    19    24    26   0.00000 -1.0 4.0
   19    24   -21    18   0.00000  1.0 1.0
   19    24   -21    18   3.62500 -1.0 2.0
   19    24   -21    18   0.00000  1.0 3.0
   19    24   -21    18   0.00000 -1.0 4.0
   19    24    21    25   0.00000  1.0 1.0
   19    24    21    25   3.62500 -1.0 2.0
   19    24    21    25   0.00000  1.0 3.0
   19    24    21    25   0.00000 -1.0 4.0
   26    24    21    18   0.00000  1.0 1.0
   26    24    21    18   3.62500 -1.0 2.0
   26    24    21    18   0.00000  1.0 3.0
   26    24    21    18   0.00000 -1.0 4.0
   26    24    21    25   0.00000  1.0 1.0
   26    24    21    25   3.62500 -1.0 2.0
   26    24    21    25   0.00000  1.0 3.0
   26    24    21    25   0.00000 -1.0 4.0
   24    21   -18    16   0.00000  1.0 1.0
   24    21   -18    16   3.62500 -1.0 2.0
   24    21   -18    16   0.00000  1.0 3.0
   24    21   -18    16   0.00000 -1.0 4.0
   24    21    18    22   0.00000  1.0 1.0
   24    21    18    22   3.62500 -1.0 2.0
   24    21    18    22   0.00000  1.0 3.0
   24    21    18    22   0.00000 -1.0 4.0
   25    21    18    16   0.00000  1.0 1.0
   25    21    18    16   3.62500 -1.0 2.0
   25    21    18    16   0.00000  1.0 3.0
   25    21    18    16   0.00000 -1.0 4.0
   25    21    18    22   0.00000  1.0 1.0
   25    21    18    22   3.62500 -1.0 2.0
   25    21    18    22   0.00000  1.0 3.0
   25    21    18    22   0.00000 -1.0 4.0
   12    11     2     1   0.00000  1.0 1.0
   12    11     2     1   0.75000 -1.0 2.0
   12    11     2     1   0.00000  1.0 3.0
   12    11     2     1   0.00000 -1.0 4.0
   12    11     2     3   0.00000  1.0 1.0
   12    11     2     3   0.75000 -1.0 2.0
   12    11     2     3   0.00000  1.0 3.0
   12    11     2     3   0.00000 -1.0 4.0
   13    11     2     1   0.00000  1.0 1.0
   13    11     2     1   1.00000 -1.0 2.0
   13    11     2     1   0.00000  1.0 3.0
   13    11     2     1   0.00000 -1.0 4.0
   13    11     2     3   0.00000  1.0 1.0
   13    11     2     3   1.00000 -1.0 2.0
   13    11     2     3   0.00000  1.0 3.0
   13    11     2     3   0.00000 -1.0 4.0
   11     2     1     4   0.00000  1.0 1.0
   11     2     1     4   3.62500 -1.0 2.0
   11     2     1     4   0.00000  1.0 3.0
   11     2     1     4   0.00000 -1.0 4.0
   11     2     1     5   0.00000  1.0 1.0
   11     2     1     5   3.62500 -1.0 2.0
   11     2     1     5   0.00000  1.0 3.0
   11     2     1     5   0.00000 -1.0 4.0
    3     2     1     4   0.00000  1.0 1.0
    3     2     1     4   3.62500 -1.0 2.0
    3     2     1     4   0.00000  1.0 3.0
    3     2     1     4   0.00000 -1.0 4.0
    3     2     1     5   0.00000  1.0 1.0
    3     2     1     5   3.62500 -1.0 2.0
    3     2     1     5   0.00000  1.0 3.0
    3     2     1     5   0.00000 -1.0 4.0
   11     2     3     8   0.00000  1.0 1.0
   11     2     3     8   3.62500 -1.0 2.0
   11     2     3     8   0.00000  1.0 3.0
   11     2     3     8   0.00000 -1.0 4.0
   11     2     3     9   0.00000  1.0 1.0
   11     2     3     9   3.62500 -1.0 2.0
   11     2     3     9   0.00000  1.0 3.0
   11     2     3     9   0.00000 -1.0 4.0
    1     2     3     8   0.00000  1.0 1.0
    1     2     3     8   3.62500 -1.0 2.0
    1     2     3     8   0.00000  1.0 3.0
    1     2     3     8   0.00000 -1.0 4.0
    1     2     3     9   0.00000  1.0 1.0
    1     2     3     9   3.62500 -1.0 2.0
    1     2     3     9   0.00000  1.0 3.0
    1     2     3     9   0.00000 -1.0 4.0
    2     1     4     6   0.00000  1.0 1.0
    2     1     4     6   3.62500 -1.0 2.0
    2     1     4     6   0.00000  1.0 3.0
    2     1     4     6   0.00000 -1.0 4.0
    2     1     4     7   0.00000  1.0 1.0
    2     1     4     7   3.62500 -1.0 2.0
    2     1     4     7   0.00000  1.0 3.0
    2     1     4     7   0.00000 -1.0 4.0
    5     1     4     6   0.00000  1.0 1.0
    5     1     4     6   3.62500 -1.0 2.0
    5     1     4     6   0.00000  1.0 3.0
    5     1     4     6   0.00000 -1.0 4.0
    5     1     4     7   0.00000  1.0 1.0
    5     1     4     7   3.62500 -1.0 2.0
    5     1     4     7   0.00000  1.0 3.0
    5     1     4     7   0.00000 -1.0 4.0
    1     4    -6     8   0.00000  1.0 1.0
    1     4    -6     8   3.62500 -1.0 2.0
    1     4    -6     8   0.00000  1.0 3.0
    1     4    -6     8   0.00000 -1.0 4.0
    1     4     6    27   0.00000  1.0 1.0
    1     4     6    27   3.62500 -1.0 2.0
    1     4     6    27   0.00000  1.0 3.0
    1     4     6    27   0.00000 -1.0 4.0
    7     4     6     8   0.00000  1.0 1.0
    7     4     6     8   3.62500 -1.0 2.0
    7     4     6     8   0.00000  1.0 3.0
    7     4     6     8   0.00000 -1.0 4.0
    7     4     6    27   0.00000  1.0 1.0
    7     4     6    27   3.62500 -1.0 2.0
    7     4     6    27   0.00000  1.0 3.0
    7     4     6    27   0.00000 -1.0 4.0
    2     3    -8     6   0.00000  1.0 1.0
    2     3    -8     6   3.62500 -1.0 2.0
    2     3    -8     6   0.00000  1.0 3.0
    2     3    -8     6   0.00000 -1.0 4.0
    2     3     8    10   0.00000  1.0 1.0
    2     3     8    10   3.62500 -1.0 2.0
    2     3     8    10   0.00000  1.0 3.0
    2     3     8    10   0.00000 -1.0 4.0
    9     3     8     6   0.00000  1.0 1.0
    9     3     8     6   3.62500 -1.0 2.0
    9     3     8     6   0.00000  1.0 3.0
    9     3     8     6   0.00000 -1.0 4.0
    9     3     8    10   0.00000  1.0 1.0
    9     3     8    10   3.62500 -1.0 2.0
    9     3     8    10   0.00000  1.0 3.0
    9     3     8    10   0.00000 -1.0 4.0
    3     8    -6     4   0.00000  1.0 1.0
    3     8    -6     4   3.62500 -1.0 2.0
    3     8    -6     4   0.00000  1.0 3.0
    3     8    -6     4   0.00000 -1.0 4.0
    3     8     6    27   0.00000  1.0 1.0
    3     8     6    27   3.62500 -1.0 2.0
    3     8     6    27   0.00000  1.0 3.0
    3     8     6    27   0.00000 -1.0 4.0
   10     8     6     4   0.00000  1.0 1.0
   10     8     6     4   3.62500 -1.0 2.0
   10     8     6     4   0.00000  1.0 3.0
   10     8     6     4   0.00000 -1.0 4.0
   10     8     6    27   0.00000  1.0 1.0
   10     8     6    27   3.62500 -1.0 2.0
   10     8     6    27   0.00000  1.0 3.0
   10     8     6    27   0.00000 -1.0 4.0
    4     6    27    28  -0.19450  1.0 1.0
    4     6    27    28   0.63300 -1.0 2.0
    4     6    27    28   0.07450  1.0 3.0
    4     6    27    28   0.00000 -1.0 4.0
    4     6    27    29  -0.19450  1.0 1.0
    4     6    27    29   0.63300 -1.0 2.0
    4     6    27    29   0.07450  1.0 3.0
    4     6    27    29   0.00000 -1.0 4.0
    8     6    27    28  -0.19450  1.0 1.0
    8     6    27    28   0.63300 -1.0 2.0
    8     6    27    28   0.07450  1.0 3.0
    8     6    27    28   0.00000 -1.0 4.0
    8     6    27    29  -0.19450  1.0 1.0
    8     6    27    29   0.63300 -1.0 2.0
    8     6    27    29   0.07450  1.0 3.0
    8     6    27    29   0.00000 -1.0 4.0
    6    27    28    30   0.00000  1.0 1.0
    6    27    28    30   3.62500 -1.0 2.0
    6    27    28    30   0.00000  1.0 3.0
    6    27    28    30   0.00000 -1.0 4.0
    6    27    28    31   0.00000  1.0 1.0
    6    27    28    31   3.62500 -1.0 2.0
    6    27    28    31   0.00000  1.0 3.0
    6    27    28    31   0.00000 -1.0 4.0
   29    27    28    30   0.00000  1.0 1.0
   29    27    28    30   3.62500 -1.0 2.0
   29    27    28    30   0.00000  1.0 3.0
   29    27    28    30   0.00000 -1.0 4.0
   29    27    28    31   0.00000  1.0 1.0
   29    27    28    31   3.62500 -1.0 2.0
   29    27    28    31   0.00000  1.0 3.0
   29    27    28    31   0.00000 -1.0 4.0
    6    27    29    32   0.00000  1.0 1.0
    6    27    29    32   3.62500 -1.0 2.0
    6    27    29    32   0.00000  1.0 3.0
    6    27    29    32   0.00000 -1.0 4.0
    6    27    29    33   0.00000  1.0 1.0
    6    27    29    33   3.62500 -1.0 2.0
    6    27    29    33   0.00000  1.0 3.0
    6    27    29    33   0.00000 -1.0 4.0
   28    27    29    32   0.00000  1.0 1.0
   28    27    29    32   3.62500 -1.0 2.0
   28    27    29    32   0.00000  1.0 3.0
   28    27    29    32   0.00000 -1.0 4.0
   28    27    29    33   0.00000  1.0 1.0
   28    27    29    33   3.62500 -1.0 2.0
   28    27    29    33   0.00000  1.0 3.0
   28    27    29    33   0.00000 -1.0 4.0
   27    28    30    34   0.00000  1.0 1.0
   27    28    30    34   3.62500 -1.0 2.0
   27    28    30    34   0.00000  1.0 3.0
   27    28    30    34   0.00000 -1.0 4.0
   27    28    30    35   0.00000  1.0 1.0
   27    28    30    35   3.50000 -1.0 2.0
   27    28    30    35   0.00000  1.0 3.0
   27    28    30    35   0.00000 -1.0 4.0
   31    28    30    34   0.00000  1.0 1.0
   31    28    30    34   3.62500 -1.0 2.0
   31    28    30    34   0.00000  1.0 3.0
   31    28    30    34   0.00000 -1.0 4.0
   31    28    30    35   0.00000  1.0 1.0
   31    28    30    35   3.50000 -1.0 2.0
   31    28    30    35   0.00000  1.0 3.0
   31    28    30    35   0.00000 -1.0 4.0
   28    30    34    37   0.00000  1.0 1.0
   28    30    34    37   3.62500 -1.0 2.0
   28    30    34    37   0.00000  1.0 3.0
   28    30    34    37   0.00000 -1.0 4.0
   28    30    34    38   0.00000  1.0 1.0
   28    30    34    38   3.62500 -1.0 2.0
   28    30    34    38   0.00000  1.0 3.0
   28    30    34    38   0.00000 -1.0 4.0
   35    30    34    37   0.00000  1.0 1.0
   35    30    34    37   3.62500 -1.0 2.0
   35    30    34    37   0.00000  1.0 3.0
   35    30    34    37   0.00000 -1.0 4.0
   35    30   -34    38   0.00000  1.0 1.0
   35    30   -34    38   3.62500 -1.0 2.0
   35    30   -34    38   0.00000  1.0 3.0
   35    30   -34    38   0.00000 -1.0 4.0
   28    30    35    39   0.00000  1.0 1.0
   28    30    35    39   3.00000 -1.0 2.0
   28    30    35    39   0.00000  1.0 3.0
   28    30    35    39   0.00000 -1.0 4.0
   28    30   -35    32   0.00000  1.0 1.0
   28    30   -35    32   3.00000 -1.0 2.0
   28    30   -35    32   0.00000  1.0 3.0
   28    30   -35    32   0.00000 -1.0 4.0
   34    30   -35    39   0.00000  1.0 1.0
   34    30   -35    39   3.00000 -1.0 2.0
   34    30   -35    39   0.00000  1.0 3.0
   34    30   -35    39   0.00000 -1.0 4.0
   34    30    35    32   0.00000  1.0 1.0
   34    30    35    32   3.00000 -1.0 2.0
   34    30    35    32   0.00000  1.0 3.0
   34    30    35    32   0.00000 -1.0 4.0
   30    34    37    40   0.00000  1.0 1.0
   30    34    37    40   0.97800 -1.0 2.0
   30    34    37    40   0.00000  1.0 3.0
   30    34    37    40   0.00000 -1.0 4.0
   30    34    37    41   1.00100  1.0 1.0
   30    34    37    41   0.85050 -1.0 2.0
   30    34    37    41   0.00000  1.0 3.0
   30    34    37    41   0.00000 -1.0 4.0
   38    34    37    40   0.00000  1.0 1.0
   38    34    37    40   0.96250 -1.0 2.0
   38    34    37    40   0.00000  1.0 3.0
   38    34    37    40   0.00000 -1.0 4.0
   38    34    37    41   0.00000  1.0 1.0
   38    34    37    41   0.96250 -1.0 2.0
   38    34    37    41   0.00000  1.0 3.0
   38    34    37    41   0.00000 -1.0 4.0
   30    34   -38    39   0.00000  1.0 1.0
   30    34   -38    39   3.62500 -1.0 2.0
   30    34   -38    39   0.00000  1.0 3.0
   30    34   -38    39   0.00000 -1.0 4.0
   37    34    38    39   0.00000  1.0 1.0
   37    34    38    39   3.62500 -1.0 2.0
   37    34    38    39   0.00000  1.0 3.0
   37    34    38    39   0.00000 -1.0 4.0
   34    37    41    43   0.76000  1.0 1.0
   34    37    41    43   4.11600 -1.0 2.0
   34    37    41    43   0.00000  1.0 3.0
   34    37    41    43   0.00000 -1.0 4.0
   34    37    41    44   0.00000  1.0 1.0
   34    37    41    44   0.04000 -1.0 2.0
   34    37    41    44   0.00000  1.0 3.0
   34    37    41    44   0.00000 -1.0 4.0
   40    37    41    43   0.00000  1.0 1.0
   40    37    41    43   2.56700 -1.0 2.0
   40    37    41    43   0.00000  1.0 3.0
   40    37    41    43   0.00000 -1.0 4.0
   40    37    41    44   0.00000  1.0 1.0
   40    37    41    44   2.45000 -1.0 2.0
   40    37    41    44   0.00000  1.0 3.0
   40    37    41    44   0.00000 -1.0 4.0
   34    38   -39    35   0.00000  1.0 1.0
   34    38   -39    35   3.62500 -1.0 2.0
   34    38   -39    35   0.00000  1.0 3.0
   34    38   -39    35   0.00000 -1.0 4.0
   34    38    39    42   0.00000  1.0 1.0
   34    38    39    42   3.62500 -1.0 2.0
   34    38    39    42   0.00000  1.0 3.0
   34    38    39    42   0.00000 -1.0 4.0
   30    35   -39    38   0.00000  1.0 1.0
   30    35   -39    38   3.62500 -1.0 2.0
   30    35   -39    38   0.00000  1.0 3.0
   30    35   -39    38   0.00000 -1.0 4.0
   30    35    39    42   0.00000  1.0 1.0
   30    35    39    42   1.52500 -1.0 2.0
   30    35    39    42   0.00000  1.0 3.0
   30    35    39    42   0.00000 -1.0 4.0
   32    35    39    38   0.00000  1.0 1.0
   32    35    39    38   3.62500 -1.0 2.0
   32    35    39    38   0.00000  1.0 3.0
   32    35    39    38   0.00000 -1.0 4.0
   32    35    39    42   0.00000  1.0 1.0
   32    35    39    42   1.52500 -1.0 2.0
   32    35    39    42   0.00000  1.0 3.0
   32    35    39    42   0.00000 -1.0 4.0
   30    35   -32    29   0.00000  1.0 1.0
   30    35   -32    29   3.62500 -1.0 2.0
   30    35   -32    29   0.00000  1.0 3.0
   30    35   -32    29   0.00000 -1.0 4.0
   30    35    32    36   0.00000  1.0 1.0
   30    35    32    36   3.62500 -1.0 2.0
   30    35    32    36   0.00000  1.0 3.0
   30    35    32    36   0.00000 -1.0 4.0
   39    35    32    29   0.00000  1.0 1.0
   39    35    32    29   3.62500 -1.0 2.0
   39    35    32    29   0.00000  1.0 3.0
   39    35    32    29   0.00000 -1.0 4.0
   39    35    32    36   0.00000  1.0 1.0
   39    35    32    36   3.62500 -1.0 2.0
   39    35    32    36   0.00000  1.0 3.0
   39    35    32    36   0.00000 -1.0 4.0
   35    32   -29    27   0.00000  1.0 1.0
   35    32   -29    27   3.62500 -1.0 2.0
   35    32   -29    27   0.00000  1.0 3.0
   35    32   -29    27   0.00000 -1.0 4.0
   35    32    29    33   0.00000  1.0 1.0
   35    32    29    33   3.62500 -1.0 2.0
   35    32    29    33   0.00000  1.0 3.0
   35    32    29    33   0.00000 -1.0 4.0
   36    32    29    27   0.00000  1.0 1.0
   36    32    29    27   3.62500 -1.0 2.0
   36    32    29    27   0.00000  1.0 3.0
   36    32    29    27   0.00000 -1.0 4.0
   36    32    29    33   0.00000  1.0 1.0
   36    32    29    33   3.62500 -1.0 2.0
   36    32    29    33   0.00000  1.0 3.0
   36    32    29    33   0.00000 -1.0 4.0
   51    47    45    43   0.00000  1.0 1.0
   51    47    45    43   3.62500 -1.0 2.0
   51    47    45    43   0.00000  1.0 3.0
   51    47    45    43   0.00000 -1.0 4.0
   51    47    45    48   0.00000  1.0 1.0
   51    47    45    48   3.62500 -1.0 2.0
   51    47    45    48   0.00000  1.0 3.0
   51    47    45    48   0.00000 -1.0 4.0
   52    47    45    43   0.00000  1.0 1.0
   52    47    45    43   3.62500 -1.0 2.0
   52    47    45    43   0.00000  1.0 3.0
   52    47    45    43   0.00000 -1.0 4.0
   52    47    45    48   0.00000  1.0 1.0
   52    47    45    48   3.62500 -1.0 2.0
   52    47    45    48   0.00000  1.0 3.0
   52    47    45    48   0.00000 -1.0 4.0
   45    47    51    49   0.00000  1.0 1.0
   45    47    51    49   3.62500 -1.0 2.0
   45    47    51    49   0.00000  1.0 3.0
   45    47    51    49   0.00000 -1.0 4.0
   45    47    51    54   0.00000  1.0 1.0
   45    47    51    54   3.62500 -1.0 2.0
   45    47    51    54   0.00000  1.0 3.0
   45    47    51    54   0.00000 -1.0 4.0
   52    47    51    49   0.00000  1.0 1.0
   52    47    51    49   3.62500 -1.0 2.0
   52    47    51    49   0.00000  1.0 3.0
   52    47    51    49   0.00000 -1.0 4.0
   52    47    51    54   0.00000  1.0 1.0
   52    47    51    54   3.62500 -1.0 2.0
   52    47    51    54   0.00000  1.0 3.0
   52    47    51    54   0.00000 -1.0 4.0
   47    45    43    46   0.00000  1.0 1.0
   47    45    43    46   3.62500 -1.0 2.0
   47    45    43    46   0.00000  1.0 3.0
   47    45    43    46   0.00000 -1.0 4.0
   47    45    43    41   0.00000  1.0 1.0
   47    45    43    41   3.62500 -1.0 2.0
   47    45    43    41   0.00000  1.0 3.0
   47    45    43    41   0.00000 -1.0 4.0
   48    45    43    46   0.00000  1.0 1.0
   48    45    43    46   3.62500 -1.0 2.0
   48    45    43    46   0.00000  1.0 3.0
   48    45    43    46   0.00000 -1.0 4.0
   48    45    43    41   0.00000  1.0 1.0
   48    45    43    41   3.62500 -1.0 2.0
   48    45    43    41   0.00000  1.0 3.0
   48    45    43    41   0.00000 -1.0 4.0
   45    43   -46    49   0.00000  1.0 1.0
   45    43   -46    49   3.62500 -1.0 2.0
   45    43   -46    49   0.00000  1.0 3.0
   45    43   -46    49   0.00000 -1.0 4.0
   45    43    46    50   0.00000  1.0 1.0
   45    43    46    50   3.62500 -1.0 2.0
   45    43    46    50   0.00000  1.0 3.0
   45    43    46    50   0.00000 -1.0 4.0
   41    43    46    49   0.00000  1.0 1.0
   41    43    46    49   3.62500 -1.0 2.0
   41    43    46    49   0.00000  1.0 3.0
   41    43    46    49   0.00000 -1.0 4.0
   41    43    46    50   0.00000  1.0 1.0
   41    43    46    50   3.62500 -1.0 2.0
   41    43    46    50   0.00000  1.0 3.0
   41    43    46    50   0.00000 -1.0 4.0
   45    43    41    37   0.75700  1.0 1.0
   45    43    41    37   0.34650 -1.0 2.0
   45    43    41    37   0.33000  1.0 3.0
   45    43    41    37  -0.28100 -1.0 4.0
   45    43    41    44   0.00000  1.0 1.0
   45    43    41    44   1.05000 -1.0 2.0
   45    43    41    44   0.00000  1.0 3.0
   45    43    41    44   0.00000 -1.0 4.0
   46    43    41    37   0.75700  1.0 1.0
   46    43    41    37   0.34650 -1.0 2.0
   46    43    41    37   0.33000  1.0 3.0
   46    43    41    37  -0.28100 -1.0 4.0
   46    43    41    44   0.00000  1.0 1.0
   46    43    41    44   1.05000 -1.0 2.0
   46    43    41    44   0.00000  1.0 3.0
   46    43    41    44   0.00000 -1.0 4.0
   43    46   -49    51   0.00000  1.0 1.0
   43    46   -49    51   3.62500 -1.0 2.0
   43    46   -49    51   0.00000  1.0 3.0
   43    46   -49    51   0.00000 -1.0 4.0
   43    46    49    53   0.00000  1.0 1.0
   43    46    49    53   3.62500 -1.0 2.0
   43    46    49    53   0.00000  1.0 3.0
   43    46    49    53   0.00000 -1.0 4.0
   50    46    49    51   0.00000  1.0 1.0
   50    46    49    51   3.62500 -1.0 2.0
   50    46    49    51   0.00000  1.0 3.0
   50    46    49    51   0.00000 -1.0 4.0
   50    46    49    53   0.00000  1.0 1.0
   50    46    49    53   3.62500 -1.0 2.0
   50    46    49    53   0.00000  1.0 3.0
   50    46    49    53   0.00000 -1.0 4.0
   46    49   -51    47   0.00000  1.0 1.0
   46    49   -51    47   3.62500 -1.0 2.0
   46    49   -51    47   0.00000  1.0 3.0
   46    49   -51    47   0.00000 -1.0 4.0
   46    49    51    54   0.00000  1.0 1.0
   46    49    51    54   3.62500 -1.0 2.0
   46    49    51    54   0.00000  1.0 3.0
   46    49    51    54   0.00000 -1.0 4.0
   53    49    51    47   0.00000  1.0 1.0
   53    49    51    47   3.62500 -1.0 2.0
   53    49    51    47   0.00000  1.0 3.0
   53    49    51    47   0.00000 -1.0 4.0
   53    49    51    54   0.00000  1.0 1.0
   53    49    51    54   3.62500 -1.0 2.0
   53    49    51    54   0.00000  1.0 3.0
   53    49    51    54   0.00000 -1.0 4.0
IPHI
    17    18    16    12   4.00000 -1.0 2.0
    19    20    17    16   1.10000 -1.0 2.0
    23    24    19    17   4.00000 -1.0 2.0
    21    26    24    19   1.10000 -1.0 2.0
    18    25    21    24   1.10000 -1.0 2.0
    21    22    18    16   1.10000 -1.0 2.0
    13    12    11     2   1.00000 -1.0 2.0
     1     3     2    11   4.00000 -1.0 2.0
     4     5     1     2   1.10000 -1.0 2.0
     6     7     4     1   1.10000 -1.0 2.0
     8     9     3     2   1.10000 -1.0 2.0
     6    10     8     3   1.10000 -1.0 2.0
     8    27     6     4   4.00000 -1.0 2.0
    28    29    27     6   4.00000 -1.0 2.0
    30    31    28    27   1.10000 -1.0 2.0
    34    35    30    28   4.00000 -1.0 2.0
    37    38    34    30   4.00000 -1.0 2.0
    40    41    37    34   1.00000 -1.0 2.0
    39    32    35    30   4.00000 -1.0 2.0
    42    35    39    38   1.00000 -1.0 2.0
    29    36    32    35   1.10000 -1.0 2.0
    32    33    29    27   1.10000 -1.0 2.0
    51    52    47    45   1.10000 -1.0 2.0
    43    48    45    47   1.10000 -1.0 2.0
    46    41    43    45   4.00000 -1.0 2.0
    49    50    46    43   1.10000 -1.0 2.0
    51    53    49    46   1.10000 -1.0 2.0
    49    54    51    47   4.00000 -1.0 2.0
    37    43    41    44  10.50000 -1.0 2.0
END