* LIGAND DATABASE FILE (OPLS2005)
*
MBE      15    15     24     36      66
    1     0 S   CA   _C1_     1    23.22982    45.82918   -52.74689
    2     1 S   HA   _H1_     7     1.07985    47.23943  -148.93032
    3     1 S   CA   _C2_     2     1.36997    98.23033   -25.26970
    4     3 S   HA   _H2_     8     1.07982   120.00155   -44.34142
    5     3 S   CA   _C3_     3     1.36656   120.83201   135.65905
    6     5 S   HA   _H3_     9     1.07987   120.00392   177.99387
    7     5 S   CA   _C4_     4     1.34852   119.43810    -2.00691
    8     7 S   HA   _H4_    10     1.07982   119.99406  -178.50041
    9     7 S   CA   _C5_     5     1.38059   120.43424     1.49972
   10     9 S   HA   _H5_    11     1.07987   119.99441  -179.55238
   11     1 S   CA   _C6_     6     1.37411   122.11959   108.79444
   12    11 S   CT   _C7_    12     1.51375   120.40170    56.93002
   13    12 S   HC   _H6_    13     1.09719   109.89259   179.86012
   14    12 S   HC   _H7_    14     1.09835   109.55764   -59.82622
   15    12 S   HC   _H8_    15     1.09969   109.37435    59.95103
  13   6   8   4   6   3   5   3   6   2   4   3   2   1   1
    3     5     7     9    11     2     4     6    10    12    13    14    15  
    4    12     3     5     9    11  
    5     7     9    11     4     6     8    12  
    6     5     7    11  
    7     9    11     6     8    10  
    8     7     9  
    9    11     8    10    12  
   10     9    11  
   11    10    12    13    14    15  
   12    11  
   12    13    14    15  
   13    14    15  
   14    15  
   15  
    0  
NBON
    1   3.5500   0.0700  -0.115000   2.0020   1.7750   0.001000000  -0.843144165
    2   2.4200   0.0300   0.115000   1.3810   1.2100   0.030040813   0.268726247
    3   3.5500   0.0700  -0.115000   2.0020   1.7750   0.001000000  -0.843144165
    4   2.4200   0.0300   0.115000   1.3810   1.2100   0.030040813   0.268726247
    5   3.5500   0.0700  -0.115000   2.0020   1.7750   0.001000000  -0.843144165
    6   2.4200   0.0300   0.115000   1.3810   1.2100   0.030040813   0.268726247
    7   3.5500   0.0700  -0.115000   2.0020   1.7750   0.001000000  -0.843144165
    8   2.4200   0.0300   0.115000   1.3810   1.2100   0.030040813   0.268726247
    9   3.5500   0.0700  -0.115000   2.0020   1.7750   0.001000000  -0.843144165
   10   2.4200   0.0300   0.115000   1.3810   1.2100   0.030040813   0.268726247
   11   3.5500   0.0700  -0.115000   2.5000   1.7750   0.001000000  -0.843144165
   12   3.5000   0.0660  -0.065000   1.9750   1.7500   0.005000000  -0.741685710
   13   2.5000   0.0300   0.060000   1.4250   1.2500   0.008598240   0.268726247
   14   2.5000   0.0300   0.060000   1.4250   1.2500   0.008598240   0.268726247
   15   2.5000   0.0300   0.060000   1.4250   1.2500   0.008598240   0.268726247
BOND
    1     3   469.000  1.400
    1    11   469.000  1.400
    1     2   367.000  1.080
    3     5   469.000  1.400
    3     4   367.000  1.080
    5     7   469.000  1.400
    5     6   367.000  1.080
    7     9   469.000  1.400
    7     8   367.000  1.080
    9    11   469.000  1.400
    9    10   367.000  1.080
   11    12   317.000  1.510
   12    13   340.000  1.090
   12    14   340.000  1.090
   12    15   340.000  1.090
THET
    3     1    11    63.00000  120.00000
    3     1     2    35.00000  120.00000
   11     1     2    35.00000  120.00000
    1     3     5    63.00000  120.00000
    1     3     4    35.00000  120.00000
    5     3     4    35.00000  120.00000
    3     5     7    63.00000  120.00000
    3     5     6    35.00000  120.00000
    7     5     6    35.00000  120.00000
    5     7     9    63.00000  120.00000
    5     7     8    35.00000  120.00000
    9     7     8    35.00000  120.00000
    7     9    11    63.00000  120.00000
    7     9    10    35.00000  120.00000
   11     9    10    35.00000  120.00000
    1    11     9    63.00000  120.00000
    1    11    12    70.00000  120.00000
    9    11    12    70.00000  120.00000
   11    12    13    35.00000  109.50000
   11    12    14    35.00000  109.50000
   11    12    15    35.00000  109.50000
   13    12    14    33.00000  107.80000
   13    12    15    33.00000  107.80000
   14    12    15    33.00000  107.80000
PHI
   11     1     3     5   3.62500 -1.0 2.0
   11     1     3     4   3.62500 -1.0 2.0
    2     1     3     5   3.62500 -1.0 2.0
    2     1     3     4   3.62500 -1.0 2.0
    3     1    11     9   3.62500 -1.0 2.0
    3     1    11    12   3.62500 -1.0 2.0
    2     1    11     9   3.62500 -1.0 2.0
    2     1    11    12   3.62500 -1.0 2.0
    1     3     5     7   3.62500 -1.0 2.0
    1     3     5     6   3.62500 -1.0 2.0
    4     3     5     7   3.62500 -1.0 2.0
    4     3     5     6   3.62500 -1.0 2.0
    3     5    -7     9   3.62500 -1.0 2.0
    3     5     7     8   3.62500 -1.0 2.0
    6     5     7     9   3.62500 -1.0 2.0
    6     5     7     8   3.62500 -1.0 2.0
    5     7    -9    11   3.62500 -1.0 2.0
    5     7     9    10   3.62500 -1.0 2.0
    8     7     9    11   3.62500 -1.0 2.0
    8     7     9    10   3.62500 -1.0 2.0
    7     9   -11     1   3.62500 -1.0 2.0
    7     9    11    12   3.62500 -1.0 2.0
   10     9    11     1   3.62500 -1.0 2.0
   10     9    11    12   3.62500 -1.0 2.0
    1    11    12    13   0.00000  1.0 1.0
    1    11    12    14   0.00000  1.0 1.0
    1    11    12    15   0.00000  1.0 1.0
    9    11    12    13   0.00000  1.0 1.0
    9    11    12    14   0.00000  1.0 1.0
    9    11    12    15   0.00000  1.0 1.0
IPHI
   11     2     1     3   1.10000 -1.0 2.0
    5     4     3     1   1.10000 -1.0 2.0
    7     6     5     3   1.10000 -1.0 2.0
    9     8     7     5   1.10000 -1.0 2.0
   11    10     9     7   1.10000 -1.0 2.0
    9    12    11     1   4.00000 -1.0 2.0
END
