* LIGAND DATABASE FILE (OPLS2005)
*
PYJ      18    18     30     45      84
    1     0 M   CA   _C1_     1   24.561820   40.864850  -52.425140
    2     1 M   CA   _C2_     2    1.406650  133.616890   48.703980
    3     1 M   CA   _C6_     6    1.411220   66.968830  158.726560
    4     1 M   HA   _H1_     9    1.079950   72.101360  -65.363140
    5     2 M   CA   _C3_     3    1.407140  119.992310   86.952250
    6     2 M   HA   _H2_    10    1.080380  120.418570  -93.413790
    7     5 M   CA   _C4_     4    1.405720  120.119960    0.201740
    8     5 M   HA   _H3_    11    1.077220  120.090090  179.776190
    9     7 M   CA   _C5_     5    1.405780  120.090220   -1.541290
   10     7 M   HA   _H4_    12    1.077480  119.720310  178.529800
   11     9 M   HA   _H5_    13    1.081440  119.512860 -179.247490
   12     3 S   CT   _C7_     7    1.508600  120.320320   50.222520
   13    12 S   HC   _H6_    14    1.090020  111.421540   25.295890
   14    12 S   HC   _H7_    15    1.089500  110.516260  145.880920
   15    12 S   CT   _C8_     8    1.526470  109.307650  -94.961820
   16    15 S   HC   _H9_    16    1.119200  109.410950  180.000000
   17    15 S   HC   _H10    17    1.118670  109.448430  -60.041240
   18    15 S   HC   _H11    18    1.118630  109.468800   60.039020
  13   9  14   4   6   2   5   2   6   1   1   6   5   4   3   2   1
   1
     2     5     7     9     3    12    15     4     6     8    11    13    14
     4     5     7     9     3    12     6     8    10
     4     6     5     7    10     9    11    12    15    13    14    16    17    18
     6     5     9    12
     6     7     9     8    10    11
     8     7
     8     9    12    10    11
    10     9
    10    12    15    11    13    14
    11
    12
    15    13    14    16    17    18
    14    16    17    18    15
    16    17    18    15
    16    17    18
    17    18
    18
     0
NBON
     1   3.5500   0.0700  -0.115000   2.0020   1.7750   0.001000000  -0.843144165
     2   3.5500   0.0700  -0.115000   2.0020   1.7750   0.001000000  -0.843144165
     3   3.5500   0.0700  -0.115000   2.5000   1.7750   0.001000000  -0.843144165
     4   2.4200   0.0300   0.115000   1.3810   1.2100   0.030040813   0.268726247
     5   3.5500   0.0700  -0.115000   2.0020   1.7750   0.001000000  -0.843144165
     6   2.4200   0.0300   0.115000   1.3810   1.2100   0.030040813   0.268726247
     7   3.5500   0.0700  -0.115000   2.0020   1.7750   0.001000000  -0.843144165
     8   2.4200   0.0300   0.115000   1.3810   1.2100   0.030040813   0.268726247
     9   3.5500   0.0700  -0.115000   2.0020   1.7750   0.001000000  -0.843144165
    10   2.4200   0.0300   0.115000   1.3810   1.2100   0.030040813   0.268726247
    11   2.4200   0.0300   0.115000   1.3810   1.2100   0.030040813   0.268726247
    12   3.5000   0.0660  -0.005000   1.9750   1.7500   0.005000000  -0.741685710
    13   2.5000   0.0300   0.060000   1.4250   1.2500   0.008598240   0.268726247
    14   2.5000   0.0300   0.060000   1.4250   1.2500   0.008598240   0.268726247
    15   2.5000   0.0660   0.060000   1.9750   1.7500   0.005000000  -0.741685710
    16   0.5000   0.0300   0.012000   1.4250   1.2500   0.008598240   0.268726247
    17   0.5000   0.0300   0.012000   1.4250   1.2500   0.008598240   0.268726247
    18   0.5000   0.0300   0.012000   1.4250   1.2500   0.008598240   0.268726247
BOND
     1     2   469.000  1.400
     1     3   469.000  1.400
     9     3   469.000  1.400
     1     3   469.000  1.400
     9     3   469.000  1.400
     1     4   367.000  1.080
     2     5   469.000  1.400
     2     6   367.000  1.080
     3    12   317.000  1.510
     5     7   469.000  1.400
     5     8   367.000  1.080
     7     9   469.000  1.400
     7    10   367.000  1.080
     1     3   469.000  1.400
     9     3   469.000  1.400
     1     3   469.000  1.400
     9     3   469.000  1.400
     9    11   367.000  1.080
    12    13   340.000  1.090
    12    14   340.000  1.090
    12    15   268.000  1.090
    15    16   340.000  0.218
    15    17   340.000  0.218
    15    18   340.000  0.218
THET
     2     1     3    63.00000  120.00000
     2     1     4    35.00000  120.00000
     3     1     4    35.00000  120.00000
     1     2     5    63.00000  120.00000
     1     2     6    35.00000  120.00000
     5     2     6    35.00000  120.00000
     2     5     7    63.00000  120.00000
     2     5     8    35.00000  120.00000
     7     5     8    35.00000  120.00000
     5     7     9    63.00000  120.00000
     5     7    10    35.00000  120.00000
     9     7    10    35.00000  120.00000
     7     9     3    63.00000  120.00000
     7     9    11    35.00000  120.00000
     3     9    11    35.00000  120.00000
     1     3     9    63.00000  120.00000
     1     3    12    70.00000  120.00000
     9     3    12    70.00000  120.00000
     3    12    15    70.00000  112.17500
     3    12    13    35.00000  109.50000
     3    12    14    35.00000  109.50000
    15    12    13    37.50000  110.70000
    15    12    14    37.50000  110.70000
    13    12    14    33.00000  107.80000
    12    15    16    37.50000  110.70000
    12    15    17    37.50000  110.70000
    12    15    18    37.50000  110.70000
    16    15    17    33.00000  107.80000
    16    15    18    33.00000  107.80000
    17    15    18    33.00000  107.80000
PHI
     3     1     2     5   3.62500 -1.0 2.0
     3     1     2     6   3.62500 -1.0 2.0
     4     1     2     5   3.62500 -1.0 2.0
     4     1     2     6   3.62500 -1.0 2.0
     2     1     3     9   3.62500 -1.0 2.0
     2     1     3    12   3.62500 -1.0 2.0
     4     1     3     9   3.62500 -1.0 2.0
     4     1     3    12   3.62500 -1.0 2.0
     1     2     5     7   3.62500 -1.0 2.0
     1     2     5     8   3.62500 -1.0 2.0
     6     2     5     7   3.62500 -1.0 2.0
     6     2     5     8   3.62500 -1.0 2.0
     2     5    -7     9   3.62500 -1.0 2.0
     2     5     7    10   3.62500 -1.0 2.0
     8     5     7     9   3.62500 -1.0 2.0
     8     5     7    10   3.62500 -1.0 2.0
     5     7    -9     3   3.62500 -1.0 2.0
     5     7     9    11   3.62500 -1.0 2.0
    10     7     9     3   3.62500 -1.0 2.0
    10     7     9    11   3.62500 -1.0 2.0
     7     9    -3     1   3.62500 -1.0 2.0
     7     9     3    12   3.62500 -1.0 2.0
    11     9     3     1   3.62500 -1.0 2.0
    11     9     3    12   3.62500 -1.0 2.0
     1     3    12    15   0.04150 -1.0 2.0
     1     3    12    13   0.00000  1.0 1.0
     1     3    12    14   0.00000  1.0 1.0
     9     3    12    15   0.04150 -1.0 2.0
     9     3    12    13   0.00000  1.0 1.0
     9     3    12    14   0.00000  1.0 1.0
     3    12    15    16   0.43200  1.0 3.0
     3    12    15    17   0.43200  1.0 3.0
     3    12    15    18   0.43200  1.0 3.0
    13    12    15    16   0.15000  1.0 3.0
    13    12    15    17   0.15000  1.0 3.0
    13    12    15    18   0.15000  1.0 3.0
    14    12    15    16   0.15000  1.0 3.0
    14    12    15    17   0.15000  1.0 3.0
    14    12    15    18   0.15000  1.0 3.0
IPHI
     3     4     1     2   1.10000 -1.0 2.0
     5     6     2     1   1.10000 -1.0 2.0
     7     8     5     2   1.10000 -1.0 2.0
     9    10     7     5   1.10000 -1.0 2.0
     3    11     9     7   1.10000 -1.0 2.0
     9    12     3     1   4.00000 -1.0 2.0
END