* LIGAND DATABASE FILE (AMBER99sb)
*
 DG    33    35     61    105     201
    1     0 M   P2   _P__     1     1.61000   118.62302   159.31600
    2     1 S   O2Z  _OP1     2     1.48006   109.62387   144.87842
    3     1 S   O2Z  _OP2     3     1.48025   109.64004    16.80865
    4     1 M   OS   _O5'     4     1.59962   101.33652   -99.12401
    5     4 M   CT   _C5'     5     1.44012   118.99841   -39.20797
    6     5 S   HC   _H5'    23     1.09000   109.49998   -31.39055
    7     5 S   HC   H5''    24     1.09000   109.50004    88.60946
    8     5 M   CT   _C4'     6     1.51595   110.03347  -151.39053
    9     8 S   HC   _H4'    25     1.09000   109.50002   156.59209
   10     8 S   OS   _O4'     7     1.45721   108.85906   -86.26311
   11     8 M   CT   _C3'     8     1.52844   115.78107    30.88172
   12    11 M   OS   _O3'     9     1.42421   111.13282   158.27034
   13    11 S   HC   _H3'    26     1.09000   109.49991    42.84713
   14    11 S   CT   _C2'    10     1.52844   102.77797   -86.30627
   15    14 S   HC   _H2'    27     1.09000   109.50004    85.21333
   16    14 S   HC   H2''    28     1.09000   109.49998  -154.78667
   17    10 S   CO   _C1'    11     1.41968   110.07535   105.57156
   18    17 S   HC   _H1'    29     1.09000   109.49998   119.32396
   19    17 S   N*   _N9_    12     1.48966   108.05709  -127.21148
   20    19 S   CRAB _C8_    13     1.37768   129.21851    84.54270
   21    20 S   HA   _H8_    30     1.08000   119.99999     0.01978
   22    20 S   NNA  _N7_    14     1.31075   114.01579  -179.97202
   23    22 S   CB   _C5_    15     1.39406   103.77300    -0.00000
   24    23 S   C    _C6_    16     1.41872   130.10773  -179.97202
   25    24 S   O    _O6_    17     1.22770   128.81692     0.08393
   26    24 S   NNB  _N1_    18     1.40205   111.38709   180.00000
   27    26 S   H    _H1_    31     1.01000   120.00001  -179.96044
   28    26 S   CDX  _C2_    19     1.38134   125.24202     0.04423
   29    28 S   NND  _N2_    20     1.33494   116.01923  -179.97202
   30    29 S   H    _H21    32     1.01000   120.00003   180.00000
   31    29 S   H    _H22    33     1.01000   119.99996    -0.00000
   32    28 S   NNC  _N3_    21     1.33098   123.30464    -0.04846
   33    19 S   CN   _C4_    22     1.37835   125.59356   -95.44128
   7   3   2   7  10   5   4  11   6  11   8   5   4   7   4   3
   8   3   8   6   3   6   7   7   4   7   3   5   4   2   1   1
   1
    2     3     4     5     8     6     7  
    3     4     5  
    4     5  
    5     8    10    11     6     7     9  
    8    10    11    12    14    17     6     7     9    13  
    7     9     8    10    11  
    9     8    10    11  
   10    11    12    14    17    19     9    13    15    16    18  
   13    10    11    12    14    17  
   11    12    14    17    19    20    33    13    15    16    18  
   12    14    17    19    13    15    16    18  
   14    17    13    15    16  
   15    16    14    17  
   17    19    20    33    15    16    18  
   16    18    17    19  
   18    17    19  
   19    20    22    23    32    33    18    21  
   19    20    33  
   20    22    23    24    28    32    33    21  
   22    23    24    32    33    21  
   22    23    33  
   23    24    25    26    32    33  
   24    25    26    28    32    33    27  
   25    26    28    29    32    33    27  
   26    28    33    27  
   28    29    32    33    27    30    31  
   28    29    32  
   29    32    33    30    31  
   32    33    30    31  
   31    32  
   32  
   33  
    0  
NBON
    1   2.1000   0.2000   1.1659   2.1070   1.8700   0.005000000   0.000000000
    2   1.6612   0.2100  -0.7761   1.6890   1.4900   0.001000000  -0.126889456
    3   1.6612   0.2100  -0.7761   1.6890   1.4900   0.001000000  -0.126889456
    4   1.6837   0.1700  -0.4954   1.7660   1.5600   0.020110767  -0.896042159
    5   1.9080   0.1094  -0.0069   1.9750   1.7500   0.005000000  -0.741685710
    6   1.3870   0.0157   0.0754   1.4250   1.2500   0.008598240   0.268726247
    7   1.3870   0.0157   0.0754   1.4250   1.2500   0.008598240   0.268726247
    8   1.9080   0.1094   0.1629   1.9750   1.7500   0.005000000  -0.741685710
    9   1.3870   0.0157   0.1176   1.4250   1.2500   0.008598240   0.268726247
   10   1.6837   0.1700  -0.3691   1.7660   1.5600   0.020110767  -0.896042159
   11   1.9080   0.1094   0.0713   1.9750   1.7500   0.005000000  -0.741685710
   12   1.6837   0.1700  -0.5232   1.7660   1.5600   0.020110767  -0.896042159
   13   1.3870   0.0157   0.0985   1.4250   1.2500   0.008598240   0.268726247
   14   1.9080   0.1094  -0.0854   1.9750   1.7500   0.005000000  -0.741685710
   15   1.4870   0.0157   0.0718   1.4250   1.2500   0.008598240   0.268726247
   16   1.4870   0.0157   0.0718   1.4250   1.2500   0.008598240   0.268726247
   17   1.9080   0.1094   0.0358   1.9750   1.7500   0.005000000  -0.741685710
   18   1.2870   0.0157   0.1746   1.4250   1.2500   0.008598240   0.268726247
   19   1.8240   0.1700   0.0577   1.8000   1.6000   0.001000000  -0.511443539
   20   1.9080   0.0860   0.0736   2.0020   1.7750   0.001000000  -0.843144165
   21   1.3590   0.0150   0.1997   1.3810   1.2100   0.030040813   0.268726247
   22   1.8240   0.1700  -0.5725   1.8000   1.6000   0.001000000  -0.511443539
   23   1.9080   0.0860   0.1991   2.5000   1.7750   0.001000000  -0.843144165
   24   1.9080   0.0860   0.4918   1.9250   1.7000   0.001000000  -0.126889456
   25   1.6612   0.2100  -0.5699   1.5250   1.4250   0.001000000  -1.480495490
   26   1.8240   0.1700  -0.5053   2.1120   1.8750   0.051222218  -2.220205820
   27   0.6000   0.0157   0.3520   1.5900   1.4000   0.030040813  -0.651083722
   28   1.9080   0.0860   0.7432   2.1120   1.8750   0.001000000  -0.126889456
   29   1.8240   0.1700  -0.9230   2.1120   1.8750   0.051222218  -2.220205820
   30   0.6000   0.0157   0.4235   0.9960   0.8600   0.030040813  -0.651083722
   31   0.6000   0.0157   0.4235   0.9960   0.8600   0.030040813  -0.651083722
   32   1.8240   0.1700  -0.6636   1.9250   1.7000   0.054801302  -2.445846770
   33   1.9080   0.0860   0.1814   2.5000   1.7750   0.001000000  -0.843144165
BOND
    1     2   525.000  1.480
    1     3   525.000  1.480
    1     4   230.000  1.610
    4     5   320.000  1.410
    5     8   310.000  1.526
    5     6   340.000  1.090
    5     7   340.000  1.090
    8    10   320.000  1.410
    8    11   310.000  1.526
    8     9   340.000  1.090
   10    17   320.000  1.410
   17    14   310.000  1.526
   17    18   340.000  1.090
   17    19   337.000  1.475
   11    14   310.000  1.526
   11    12   320.000  1.410
   11    13   340.000  1.090
   14    15   340.000  1.090
   14    16   340.000  1.090
   19    20   440.000  1.371
   19    33   436.000  1.374
   20    22   529.000  1.304
   20    21   367.000  1.080
   22    23   414.000  1.391
   23    24   447.000  1.419
   23    33   520.000  1.370
   24    25   570.000  1.229
   24    26   418.000  1.388
   26    28   427.000  1.381
   26    27   434.000  1.010
   28    29   481.000  1.340
   28    32   483.000  1.339
   29    30   434.000  1.010
   29    31   434.000  1.010
   32    33   461.000  1.354
THET
    2     1     3   140.00000  119.90000
    2     1     4   100.00000  108.23000
    3     1     4   100.00000  108.23000
    1     4     5   100.00000  120.50000
    4     5     8    50.00000  109.50000
    4     5     6    50.00000  109.50000
    4     5     7    50.00000  109.50000
    8     5     6    50.00000  109.50000
    8     5     7    50.00000  109.50000
    6     5     7    35.00000  109.50000
    5     8    10    50.00000  109.50000
    5     8    11    40.00000  109.50000
    5     8     9    50.00000  109.50000
   10     8    11    50.00000  109.50000
   10     8     9    50.00000  109.50000
   11     8     9    50.00000  109.50000
    8    10    17    60.00000  109.50000
   10    17    14    50.00000  109.50000
   10    17    18    50.00000  109.50000
   10    17    19    50.00000  109.50000
   14    17    18    50.00000  109.50000
   14    17    19    50.00000  109.50000
   18    17    19    50.00000  109.50000
    8    11    14    40.00000  109.50000
    8    11    12    50.00000  109.50000
    8    11    13    50.00000  109.50000
   14    11    12    50.00000  109.50000
   14    11    13    50.00000  109.50000
   12    11    13    50.00000  109.50000
   17    14    11    40.00000  109.50000
   17    14    15    50.00000  109.50000
   17    14    16    50.00000  109.50000
   11    14    15    50.00000  109.50000
   11    14    16    50.00000  109.50000
   15    14    16    35.00000  109.50000
   17    19    20    70.00000  128.80000
   17    19    33    70.00000  125.80000
   20    19    33    70.00000  105.40000
   19    20    22    70.00000  113.90000
   19    20    21    50.00000  123.05000
   22    20    21    50.00000  123.05000
   20    22    23    70.00000  103.80000
   22    23    24    70.00000  130.00000
   22    23    33    70.00000  110.40000
   24    23    33    63.00000  119.20000
   23    24    25    80.00000  128.80000
   23    24    26    70.00000  111.30000
   25    24    26    80.00000  120.60000
   24    26    28    70.00000  125.20000
   24    26    27    50.00000  116.80000
   28    26    27    50.00000  118.00000
   26    28    29    70.00000  116.00000
   26    28    32    70.00000  123.30000
   29    28    32    70.00000  119.30000
   28    29    30    50.00000  120.00000
   28    29    31    50.00000  120.00000
   30    29    31    35.00000  120.00000
   28    32    33    70.00000  112.20000
   19    33    23    70.00000  106.20000
   19    33    32    70.00000  126.20000
   23    33    32    70.00000  127.70000
PHI
    2     1     4     5   0.25000  1.0 3.0
    3     1     4     5   0.25000  1.0 3.0
    1     4     5     8   0.38300  1.0 3.0
    1     4     5     6   0.38300  1.0 3.0
    1     4     5     7   0.38300  1.0 3.0
    4     5     8    10   1.17500  1.0 2.0
    4     5     8    10   0.14400  1.0 3.0
    4     5     8    11   0.15600  1.0 3.0
    4     5     8     9   0.15600  1.0 3.0
    6     5     8    10   0.15600  1.0 3.0
    6     5     8    11   0.15600  1.0 3.0
    6     5     8     9   0.15600  1.0 3.0
    7     5     8    10   0.15600  1.0 3.0
    7     5     8    11   0.15600  1.0 3.0
    7     5     8     9   0.15600  1.0 3.0
    5     8    10    17   0.10000 -1.0 2.0
    5     8    10    17   0.38300  1.0 3.0
   11     8   -10    17   0.10000 -1.0 2.0
   11     8   -10    17   0.38300  1.0 3.0
    9     8    10    17   0.38300  1.0 3.0
    5     8    11    14   0.20000 -1.0 1.0
    5     8    11    14   0.25000 -1.0 2.0
    5     8    11    14   0.18000  1.0 3.0
    5     8    11    12   0.15600  1.0 3.0
    5     8    11    13   0.15600  1.0 3.0
   10     8   -11    14   0.15600  1.0 3.0
   10     8    11    12   1.17500  1.0 2.0
   10     8    11    12   0.14400  1.0 3.0
   10     8    11    13   0.15600  1.0 3.0
    9     8    11    14   0.15600  1.0 3.0
    9     8    11    12   0.15600  1.0 3.0
    9     8    11    13   0.15600  1.0 3.0
    8    10   -17    14   0.10000 -1.0 2.0
    8    10   -17    14   0.38300  1.0 3.0
    8    10    17    18   0.38300  1.0 3.0
    8    10    17    19   0.65000  1.0 2.0
    8    10    17    19   0.38300  1.0 3.0
   10    17   -14    11   0.15600  1.0 3.0
   10    17    14    15   0.25000  1.0 1.0
   10    17    14    15   0.15600  1.0 3.0
   10    17    14    16   0.25000  1.0 1.0
   10    17    14    16   0.15600  1.0 3.0
   18    17    14    11   0.15600  1.0 3.0
   18    17    14    15   0.15600  1.0 3.0
   18    17    14    16   0.15600  1.0 3.0
   19    17    14    11   0.15600  1.0 3.0
   19    17    14    15   0.15600  1.0 3.0
   19    17    14    16   0.15600  1.0 3.0
   10    17    19    20   2.50000  1.0 1.0
    8    11   -14    17   0.20000 -1.0 1.0
    8    11   -14    17   0.25000 -1.0 2.0
    8    11   -14    17   0.18000  1.0 3.0
    8    11    14    15   0.16000  1.0 3.0
    8    11    14    16   0.16000  1.0 3.0
   12    11    14    17   0.15600  1.0 3.0
   12    11    14    15   0.25000  1.0 1.0
   12    11    14    15   0.15600  1.0 3.0
   12    11    14    16   0.25000  1.0 1.0
   12    11    14    16   0.15600  1.0 3.0
   13    11    14    17   0.15600  1.0 3.0
   13    11    14    15   0.15600  1.0 3.0
   13    11    14    16   0.15600  1.0 3.0
   17    19    20    22   1.70000 -1.0 2.0
   17    19    20    21   1.70000 -1.0 2.0
   33    19   -20    22   1.70000 -1.0 2.0
   33    19    20    21   1.70000 -1.0 2.0
   17    19    33    23   1.65000 -1.0 2.0
   17    19    33    32   1.65000 -1.0 2.0
   20    19   -33    23   1.65000 -1.0 2.0
   20    19    33    32   1.65000 -1.0 2.0
   19    20   -22    23  10.00000 -1.0 2.0
   21    20    22    23  10.00000 -1.0 2.0
   20    22    23    24   2.55000 -1.0 2.0
   20    22   -23    33   2.55000 -1.0 2.0
   22    23    24    25   3.00000 -1.0 2.0
   22    23    24    26   3.00000 -1.0 2.0
   33    23    24    25   3.00000 -1.0 2.0
   33    23    24    26   3.00000 -1.0 2.0
   22    23   -33    19   5.45000 -1.0 2.0
   22    23    33    32   5.45000 -1.0 2.0
   24    23    33    19   5.45000 -1.0 2.0
   24    23    33    32   5.45000 -1.0 2.0
   23    24    26    28   1.35000 -1.0 2.0
   23    24    26    27   1.35000 -1.0 2.0
   25    24    26    28   1.35000 -1.0 2.0
   25    24    26    27   1.35000 -1.0 2.0
   24    26    28    29   1.50000 -1.0 2.0
   24    26   -28    32   1.50000 -1.0 2.0
   27    26    28    29   1.50000 -1.0 2.0
   27    26    28    32   1.50000 -1.0 2.0
   26    28    29    30   2.40000 -1.0 2.0
   26    28    29    31   2.40000 -1.0 2.0
   32    28    29    30   2.40000 -1.0 2.0
   32    28    29    31   2.40000 -1.0 2.0
   26    28   -32    33   4.80000 -1.0 2.0
   29    28    32    33   4.80000 -1.0 2.0
   28    32    33    19   4.15000 -1.0 2.0
   28    32   -33    23   4.15000 -1.0 2.0
IPHI
   20    33    19    17   1.00000 -1.0 2.0
   22    19    20    21   1.10000 -1.0 2.0
   23    26    24    25  10.50000 -1.0 2.0
   24    28    26    27   1.00000 -1.0 2.0
   26    32    28    29   1.10000 -1.0 2.0
   28    30    29    31   0.50000 -1.0 2.0
   28    31    29    30   0.50000 -1.0 2.0
END
