* LIGAND DATABASE FILE (OPLS2005)
*
 DC      30    31     54     83     154
    1     0 M   P2   _P__     1     1.61000   118.62299   159.31597
    2     1 S   O2Z  _OP1     2     1.48018   109.62270   144.88514
    3     1 S   O2Z  _OP2     3     1.48015   109.64614    16.81486
    4     1 M   OS   _O5'     4     1.59955   101.33404   -99.12400
    5     4 M   CT   _C5'     5     1.44012   119.00528   -39.20800
    6     5 S   HC   _H5'    20     1.09000   109.49996   -31.39290
    7     5 S   HC   H5''    21     1.09000   109.49999    88.60705
    8     5 M   CT   _C4'     6     1.51604   110.03762  -151.39292
    9     8 S   HC   _H4'    22     1.09000   109.49994   156.58646
   10     8 S   OS   _O4'     7     1.45716   108.85561   -86.26598
   11     8 M   CT   _C3'     8     1.52843   115.77739    30.88163
   12    11 M   OS   _O3'     9     1.42421   111.12631   158.27133
   13    11 S   HC   _H3'    23     1.09000   109.50003    42.84804
   14    11 S   CT   _C2'    10     1.52848   102.77564   -86.30539
   15    14 S   HC   _H2'    24     1.09000   109.49997    85.21276
   16    14 S   HC   H2''    25     1.09000   109.50002  -154.78732
   17    10 S   CO   _C1'    11     1.41972   110.07363   105.57362
   18    17 S   HC   _H1'    26     1.09000   109.49998   119.31028
   19    17 S   N*   _N1_    12     1.48964   108.06014  -127.21203
   20    19 S   C    _C2_    13     1.39236   117.78950   -95.44472
   21    20 S   O    _O2_    14     1.23776   118.82326     0.00000
   22    20 S   NNC  _N3_    15     1.35768   118.71112   180.00000
   23    22 S   CDX  _C4_    16     1.33865   120.61030    -0.02798
   24    23 S   NND  _N4_    17     1.32460   118.32240  -180.00000
   25    24 S   H    _H41    27     1.01000   120.00000   179.98022
   26    24 S   H    _H42    28     1.01000   120.00004     0.01978
   27    23 S   CM   _C5_    18     1.43309   121.58262     0.01978
   28    27 S   HC   _H5_    29     1.08000   120.00000  -179.98022
   29    19 S   CNA  _C6_    19     1.35943   121.07523    84.53909
   30    29 S   HC   _H6_    30     1.08000   119.99998     0.03426
   7   3   2   7  10   5   4  11   6  11   8   5   4   7   4   3
   8   3   8   7   3   7   7   5   2   1   3   2   1   1
    2     3     4     5     8     6     7  
    3     4     5  
    4     5  
    5     8    10    11     6     7     9  
    8    10    11    12    14    17     6     7     9    13  
    7     9     8    10    11  
    9     8    10    11  
   10    11    12    14    17    19     9    13    15    16    18  
   13    10    11    12    14    17  
   11    12    14    17    19    20    29    13    15    16    18  
   12    14    17    19    13    15    16    18  
   14    17    13    15    16  
   15    16    14    17  
   17    19    20    29    15    16    18  
   16    18    17    19  
   18    17    19  
   19    20    21    22    27    29    18    30  
   19    20    29  
   20    21    22    23    27    29    28    30  
   21    22    23    24    27    29    30  
   22    23    29  
   23    24    27    29    25    26    28  
   24    27    29    25    26    28    30  
   27    29    25    26    28  
   26    27  
   27  
   29    28    30  
   30    29  
   30  
    0  
NBON
    1   3.7400   0.2000   1.760000   2.1070   1.8700   0.005000000   0.000000000
    2   2.9800   0.2000  -0.970000   1.6890   1.4900   0.001000000  -0.126889456
    3   2.9800   0.2000  -0.970000   1.6890   1.4900   0.001000000  -0.126889456
    4   2.8500   0.1400  -0.610000   1.7660   1.5600   0.020110767  -0.896042159
    5   3.5000   0.0660   0.080000   1.9750   1.7500   0.005000000  -0.741685710
    6   2.5000   0.0300   0.060000   1.4250   1.2500   0.008598240   0.268726247
    7   2.5000   0.0300   0.060000   1.4250   1.2500   0.008598240   0.268726247
    8   3.5000   0.0660   0.170000   1.9750   1.7500   0.005000000  -0.741685710
    9   2.5000   0.0300   0.030000   1.4250   1.2500   0.008598240   0.268726247
   10   2.9000   0.1400  -0.400000   1.7660   1.5600   0.020110767  -0.896042159
   11   3.5000   0.0660   0.140000   1.9750   1.7500   0.005000000  -0.741685710
   12   2.8500   0.1400  -0.610000   1.7660   1.5600   0.020110767  -0.896042159
   13   2.5000   0.0300   0.060000   1.4250   1.2500   0.008598240   0.268726247
   14   3.5000   0.0660  -0.120000   1.9750   1.7500   0.005000000  -0.741685710
   15   2.5000   0.0300   0.060000   1.4250   1.2500   0.008598240   0.268726247
   16   2.5000   0.0300   0.060000   1.4250   1.2500   0.008598240   0.268726247
   17   3.5000   0.0660   0.480000   1.9750   1.7500   0.005000000  -0.741685710
   18   2.5000   0.0500   0.100000   1.3810   1.2100   0.008598240   0.268726247
   19   3.2500   0.1700  -0.560000   1.8100   1.6000   0.054801302  -1.445846770
   20   3.7500   0.1050   0.550000   1.9250   1.7000   0.001000000  -0.126889456
   21   2.9600   0.2100  -0.480000   1.5250   1.4250   0.001000000  -1.480495490
   22   3.2500   0.1700  -0.540000   1.8375   1.6250   0.005000000   0.000000000
   23   3.5000   0.0800   0.460000   2.0020   1.7750   0.023028004  -0.852763146
   24   3.2500   0.1700  -0.790000   1.8650   1.6500   0.051222218  -2.220205820
   25   0.5000   0.0300   0.370000   0.9960   0.8600   0.030040813  -0.651083722
   26   0.5000   0.0300   0.370000   0.9960   0.8600   0.030040813  -0.651083722
   27   3.5000   0.0800  -0.060000   2.0020   1.7750   0.023028004  -0.852763146
   28   2.5000   0.0500   0.100000   1.4250   1.2500   0.008598240   0.268726247
   29   3.5000   0.0800   0.100000   2.0020   1.7750   0.023028004  -0.852763146
   30   2.5000   0.0500   0.100000   1.4250   1.2500   0.008598240   0.268726247
BOND
    1     2   525.000  1.480
    1     3   525.000  1.480
    1     4   230.000  1.697
    4     5   320.000  1.410
    5     8   268.000  1.529
    5     6   340.000  1.090
    5     7   340.000  1.090
    8    10   320.000  1.410
    8    11   268.000  1.529
    8     9   340.000  1.090
   10    17   320.000  1.380
   11    12   320.000  1.410
   11    14   268.000  1.529
   11    13   340.000  1.090
   14    17   250.000  1.527
   14    15   340.000  1.090
   14    16   340.000  1.090
   17    19   275.000  1.479
   17    18   340.000  1.090
   19    20   418.000  1.388
   19    29   448.000  1.365
   20    21   570.000  1.229
   20    22   457.000  1.358
   22    23   585.000  1.311
   23    24   481.000  1.340
   23    27   427.000  1.433
   24    25   434.000  1.010
   24    26   434.000  1.010
   27    29   549.000  1.340
   27    28   340.000  1.080
   29    30   367.000  1.080
THET
    1     4     5   100.00000  120.50000
    3     1     2   140.00000  119.90000
    4     1     2   100.00000  108.23000
    4     1     3   100.00000  108.23000
    4     5     8    50.00000  109.50000
    4     5     6    35.00000  109.50000
    4     5     7    35.00000  109.50000
    5     8    10    50.00000  109.50000
    5     8    11    58.35000  112.70000
    5     8     9    37.50000  110.70000
    8    10    17    60.00000  109.50000
    8    11    12    50.00000  109.50000
    8    11    14    58.35000  112.70000
    8    11    13    37.50000  110.70000
   10    17    14    90.00000  108.56700
   10    17    19   105.00000  106.22000
   10    17    18    35.00000  109.50000
   11     8    10    50.00000  109.50000
   11    14    17    75.00000  109.43000
   11    14    15    37.50000  110.70000
   11    14    16    37.50000  110.70000
   14    11    12    50.00000  109.50000
   14    17    19    75.00000  107.44000
   14    17    18    45.00000  112.01100
   17    19    20    70.00000  117.60000
   17    19    29    70.00000  121.20000
   19    20    21    80.00000  120.60000
   19    20    22    70.00000  118.60000
   19    29    27    70.00000  121.20000
   19    29    30    35.00000  119.10000
   20    22    23    70.00000  123.15400
   22    20    21    80.00000  122.50000
   22    23    24    70.00000  119.30000
   22    23    27    70.00000  121.02800
   23    24    25    35.00000  120.00000
   23    24    26    35.00000  120.00000
   23    27    29    85.00000  117.00000
   23    27    28    35.00000  123.30000
   27    23    24    70.00000  120.10000
   27    29    30    35.00000  119.70000
   29    19    20    70.00000  121.60000
    6     5     8    37.50000  110.70000
    7     5     8    37.50000  110.70000
    7     5     6    33.00000  107.80000
    9     8    10    35.00000  109.50000
    9     8    11    37.50000  110.70000
   13    11    12    35.00000  109.50000
   13    11    14    37.50000  110.70000
   15    14    17    45.00000  108.72000
   16    14    17    45.00000  108.72000
   16    14    15    33.00000  107.80000
   18    17    19    55.00000  103.44000
   26    24    25    35.00000  120.00000
   28    27    29    35.00000  120.00000
PHI
    1     4     5     8  -2.65550  1.0 1.0
    1     4     5     8  -0.22350 -1.0 2.0
    1     4     5     8   0.24150  1.0 3.0
    1     4     5     6   0.03000  1.0 3.0
    1     4     5     7   0.03000  1.0 3.0
    2     1     4     5   0.00000  1.0 1.0
    3     1     4     5   0.00000  1.0 1.0
    4     5     8    10   1.11900  1.0 1.0
    4     5     8    10  -1.16350 -1.0 2.0
    4     5     8    10  -0.34150  1.0 3.0
    4     5     8    11   0.62750  1.0 1.0
    4     5     8    11  -0.30950 -1.0 2.0
    4     5     8    11   0.27300  1.0 3.0
    4     5     8     9   0.23400  1.0 3.0
    5     8    10    17   0.06250  1.0 1.0
    5     8    10    17  -0.01100 -1.0 2.0
    5     8    10    17   0.28050  1.0 3.0
    5     8    11    12   0.62750  1.0 1.0
    5     8    11    12  -0.30950 -1.0 2.0
    5     8    11    12   0.27300  1.0 3.0
    5     8    11    14   0.56750  1.0 1.0
    5     8    11    14  -0.07550 -1.0 2.0
    5     8    11    14   0.20000  1.0 3.0
    5     8    11    13   0.15000  1.0 3.0
    8    10   -17    14   0.06250  1.0 1.0
    8    10   -17    14  -0.01100 -1.0 2.0
    8    10   -17    14   0.28050  1.0 3.0
    8    10    17    19  -2.37750  1.0 1.0
    8    10    17    19  -0.08150 -1.0 2.0
    8    10    17    19   0.59000  1.0 3.0
    8    10    17    18   0.37050  1.0 3.0
    8    11   -14    17   3.97050  1.0 1.0
    8    11    14    15   0.15000  1.0 3.0
    8    11    14    16   0.15000  1.0 3.0
   10     8    11    12   1.11900  1.0 1.0
   10     8    11    12  -1.16350 -1.0 2.0
   10     8    11    12  -0.34150  1.0 3.0
   10     8   -11    14   0.62750  1.0 1.0
   10     8   -11    14  -0.30950 -1.0 2.0
   10     8   -11    14   0.27300  1.0 3.0
   10     8    11    13   0.23400  1.0 3.0
   10    17    19    20  -2.75650  1.0 1.0
   10    17    19    20  -1.18150 -1.0 2.0
   10    17    19    20   0.81900  1.0 3.0
   10    17    19    29  -0.28000  1.0 1.0
   10    17    19    29  -1.16550 -1.0 2.0
   11     8   -10    17   0.06250  1.0 1.0
   11     8   -10    17  -0.01100 -1.0 2.0
   11     8   -10    17   0.28050  1.0 3.0
   11    14   -17    10   0.62750  1.0 1.0
   11    14   -17    10  -0.30950 -1.0 2.0
   11    14   -17    10   0.27300  1.0 3.0
   11    14    17    19  -0.27100  1.0 1.0
   11    14    17    19  -0.01700 -1.0 2.0
   11    14    17    19  -0.48600  1.0 3.0
   11    14    17    18   0.15000  1.0 3.0
   12    11    14    17   0.62750  1.0 1.0
   12    11    14    17  -0.30950 -1.0 2.0
   12    11    14    17   0.27300  1.0 3.0
   12    11    14    15   0.23400  1.0 3.0
   12    11    14    16   0.23400  1.0 3.0
   14    17    19    20  -0.43950  1.0 1.0
   14    17    19    20  -0.08100 -1.0 2.0
   14    17    19    20   0.03350  1.0 3.0
   14    17    19    29   2.08450  1.0 1.0
   14    17    19    29  -0.39300 -1.0 2.0
   14    17    19    29   0.23400  1.0 3.0
   17    19    20    21   3.04450 -1.0 2.0
   17    19    20    22   3.62500 -1.0 2.0
   17    19    29    27  -0.88150  1.0 1.0
   17    19    29    27   2.95600 -1.0 2.0
   17    19    29    30   1.88100 -1.0 2.0
   19    20   -22    23   3.62500 -1.0 2.0
   20    19   -29    27  -0.18900  1.0 1.0
   20    19   -29    27   1.70900 -1.0 2.0
   20    19    29    30   1.44600  1.0 1.0
   20    22    23    24   3.62500 -1.0 2.0
   20    22    23    27   3.62500 -1.0 2.0
   21    20    22    23   3.04450 -1.0 2.0
   22    23    24    25   0.70000 -1.0 2.0
   22    23    24    26   0.70000 -1.0 2.0
   22    23    27    29   7.00000 -1.0 2.0
   22    23    27    28   7.00000 -1.0 2.0
   23    27    29    19   7.00000 -1.0 2.0
   23    27    29    30   7.00000 -1.0 2.0
   24    23    27    29   7.00000 -1.0 2.0
   24    23    27    28   7.00000 -1.0 2.0
   27    23    24    25   0.70000 -1.0 2.0
   27    23    24    26   0.70000 -1.0 2.0
   29    19    20    21   2.67200 -1.0 2.0
   29    19   -20    22   3.62500 -1.0 2.0
    6     5     8    10   0.23400  1.0 3.0
    6     5     8    11   0.15000  1.0 3.0
    6     5     8     9   0.15000  1.0 3.0
    7     5     8    10   0.23400  1.0 3.0
    7     5     8    11   0.15000  1.0 3.0
    7     5     8     9   0.15000  1.0 3.0
    9     8    10    17   0.37050  1.0 3.0
    9     8    11    12   0.23400  1.0 3.0
    9     8    11    14   0.15000  1.0 3.0
    9     8    11    13   0.15000  1.0 3.0
   13    11    14    17   0.15000  1.0 3.0
   13    11    14    15   0.15000  1.0 3.0
   13    11    14    16   0.15000  1.0 3.0
   15    14    17    10   0.23400  1.0 3.0
   15    14    17    19   0.15000  1.0 3.0
   15    14    17    18   0.15000  1.0 3.0
   16    14    17    10   0.23400  1.0 3.0
   16    14    17    19   0.15000  1.0 3.0
   16    14    17    18   0.15000  1.0 3.0
   18    17    19    20   0.00000  1.0 1.0
   18    17    19    29   0.00000  1.0 1.0
   28    27    29    19   0.97550 -1.0 2.0
   28    27    29    30   7.00000 -1.0 2.0
IPHI
   29    20    19    17   1.00000 -1.0 2.0
   19    22    20    21  10.50000 -1.0 2.0
   24    27    23    22  10.50000 -1.0 2.0
   26    23    24    25   1.00000 -1.0 2.0
   23    28    27    29   1.10000 -1.0 2.0
   19    30    29    27   1.10000 -1.0 2.0
END
