* LIGAND DATABASE FILE (OPLS2005)
*
 DT      32    33     59     89     167
    1     0 M   P2   _P__     1     1.61000   118.62290   159.31602
    2     1 S   O2Z  _OP1     2     1.48011   109.62421   144.88132
    3     1 S   O2Z  _OP2     3     1.48021   109.63968    16.81311
    4     1 M   OS   _O5'     4     1.59959   101.33488   -99.12404
    5     4 M   CT   _C5'     5     1.44003   119.00403   -39.20801
    6     5 S   HC   _H5'    21     1.09000   109.50005   -31.39288
    7     5 S   HC   H5''    22     1.09000   109.49998    88.60708
    8     5 M   CT   _C4'     6     1.51598   110.03507  -151.39294
    9     8 S   HC   _H4'    23     1.09000   109.50003   156.57698
   10     8 S   OS   _O4'     7     1.45722   108.85864   -86.27017
   11     8 M   CT   _C3'     8     1.52839   115.78407    30.88277
   12    11 M   OS   _O3'     9     1.42414   111.13555   158.26955
   13    11 S   HC   _H3'    24     1.09000   109.50005    42.84029
   14    11 S   CT   _C2'    10     1.52845   102.77649   -86.30116
   15    14 S   HC   _H2'    25     1.09000   109.50006    85.20757
   16    14 S   HC   H2''    26     1.09000   109.50007  -154.79252
   17    10 S   CO   _C1'    11     1.41970   110.06920   105.57162
   18    17 S   HC   _H1'    27     1.09000   109.49991   119.32159
   19    17 S   N*   _N1_    12     1.48960   108.06058  -127.20712
   20    19 S   C    _C2_    13     1.37460   117.05434   -95.42715
   21    20 S   O    _O2_    14     1.21907   122.91826    -0.05234
   22    20 S   NNB  _N3_    15     1.38125   115.38296  -179.98022
   23    22 S   H    _H3_    28     1.01000   120.00002   179.92338
   24    22 S   C    _C4_    16     1.37948   126.46129    -0.07662
   25    24 S   O    _O4_    17     1.23270   120.58973  -179.98022
   26    24 S   CM   _C5_    18     1.44399   114.06266     0.04423
   27    26 S   CT   _C7_    19     1.50006   117.58864   179.94405
   28    27 S   HC   _H71    29     1.09000   109.50001  -180.00000
   29    27 S   HC   _H72    30     1.09000   109.50001   -59.99994
   30    27 S   HC   _H73    31     1.09000   109.49996    60.00008
   31    19 S   CM   _C6_    20     1.37031   120.86240    84.52179
   32    31 S   HC   _H6_    32     1.08000   119.99999     0.03426
   7   3   2   7  10   5   4  11   6  11   8   5   4   7   4   3
   8   3   9   8   4   6   3   8   3   6   5   3   2   1   1   1
    2     3     4     5     8     6     7  
    3     4     5  
    4     5  
    5     8    10    11     6     7     9  
    8    10    11    12    14    17     6     7     9    13  
    7     9     8    10    11  
    9     8    10    11  
   10    11    12    14    17    19     9    13    15    16    18  
   13    10    11    12    14    17  
   11    12    14    17    19    20    31    13    15    16    18  
   12    14    17    19    13    15    16    18  
   14    17    13    15    16  
   15    16    14    17  
   17    19    20    31    15    16    18  
   16    18    17    19  
   18    17    19  
   19    20    21    22    26    31    18    32  
   19    20    31  
   20    21    22    24    26    27    31    23    32  
   21    22    24    25    26    31    23    32  
   22    24    31    23  
   24    25    26    27    31    23  
   24    25    26  
   25    26    27    31    28    29    30    32  
   26    27    31  
   27    31    28    29    30    32  
   31    28    29    30    32  
   29    30    31  
   30    31  
   31  
   32  
    0  
NBON
    1   3.7400   0.2000   1.760000   2.1070   1.8700   0.005000000   0.000000000
    2   2.9800   0.2000  -0.970000   1.6890   1.4900   0.001000000  -0.126889456
    3   2.9800   0.2000  -0.970000   1.6890   1.4900   0.001000000  -0.126889456
    4   2.8500   0.1400  -0.610000   1.7660   1.5600   0.020110767  -0.896042159
    5   3.5000   0.0660   0.080000   1.9750   1.7500   0.005000000  -0.741685710
    6   2.5000   0.0300   0.060000   1.4250   1.2500   0.008598240   0.268726247
    7   2.5000   0.0300   0.060000   1.4250   1.2500   0.008598240   0.268726247
    8   3.5000   0.0660   0.170000   1.9750   1.7500   0.005000000  -0.741685710
    9   2.5000   0.0300   0.030000   1.4250   1.2500   0.008598240   0.268726247
   10   2.9000   0.1400  -0.400000   1.7660   1.5600   0.020110767  -0.896042159
   11   3.5000   0.0660   0.140000   1.9750   1.7500   0.005000000  -0.741685710
   12   2.8500   0.1400  -0.610000   1.7660   1.5600   0.020110767  -0.896042159
   13   2.5000   0.0300   0.060000   1.4250   1.2500   0.008598240   0.268726247
   14   3.5000   0.0660  -0.120000   1.9750   1.7500   0.005000000  -0.741685710
   15   2.5000   0.0300   0.060000   1.4250   1.2500   0.008598240   0.268726247
   16   2.5000   0.0300   0.060000   1.4250   1.2500   0.008598240   0.268726247
   17   3.5000   0.0660   0.510000   1.9750   1.7500   0.005000000  -0.741685710
   18   2.5000   0.0500   0.100000   1.3810   1.2100   0.008598240   0.268726247
   19   3.2500   0.1700  -0.600000   1.8100   1.6000   0.054801302  -1.445846770
   20   3.7500   0.1050   0.500000   1.9250   1.7000   0.001000000  -0.126889456
   21   2.9600   0.2100  -0.400000   1.5250   1.4250   0.001000000  -1.480495490
   22   3.2500   0.1700  -0.510000   1.8100   1.6000   0.054801302  -1.445846770
   23   0.5000   0.0300   0.360000   1.5900   1.4000   0.030040813  -0.651083722
   24   3.7500   0.1050   0.450000   1.9250   1.7000   0.001000000  -0.126889456
   25   2.9600   0.2100  -0.420000   1.5250   1.4250   0.001000000  -1.480495490
   26   3.5000   0.0800  -0.070000   2.0020   1.7750   0.023028004  -0.852763146
   27   3.5000   0.0800  -0.140000   1.9750   1.7500   0.005000000  -0.741685710
   28   2.5000   0.0500   0.080000   1.4250   1.2500   0.008598240   0.268726247
   29   2.5000   0.0500   0.080000   1.4250   1.2500   0.008598240   0.268726247
   30   2.5000   0.0500   0.080000   1.4250   1.2500   0.008598240   0.268726247
   31   3.5000   0.0800   0.080000   2.0020   1.7750   0.023028004  -0.852763146
   32   2.5000   0.0500   0.100000   1.4250   1.2500   0.008598240   0.268726247
BOND
    1     2   525.000  1.480
    1     3   525.000  1.480
    1     4   230.000  1.697
    4     5   320.000  1.410
    5     8   268.000  1.529
    5     6   340.000  1.090
    5     7   340.000  1.090
    8    10   320.000  1.410
    8    11   268.000  1.529
    8     9   340.000  1.090
   10    17   320.000  1.380
   11    12   320.000  1.410
   11    14   268.000  1.529
   11    13   340.000  1.090
   14    17   250.000  1.527
   14    15   340.000  1.090
   14    16   340.000  1.090
   17    19   275.000  1.479
   17    18   340.000  1.090
   19    20   418.000  1.388
   19    31   448.000  1.365
   20    21   570.000  1.229
   20    22   418.000  1.388
   22    24   418.000  1.388
   22    23   434.000  1.010
   24    25   570.000  1.229
   24    26   410.000  1.444
   26    27   317.000  1.510
   26    31   549.000  1.340
   27    28   340.000  1.090
   27    29   340.000  1.090
   27    30   340.000  1.090
   31    32   340.000  1.080
THET
    1     4     5   100.00000  120.50000
    3     1     2   140.00000  119.90000
    4     1     2   100.00000  108.23000
    4     1     3   100.00000  108.23000
    4     5     8    50.00000  109.50000
    4     5     6    35.00000  109.50000
    4     5     7    35.00000  109.50000
    5     8    10    50.00000  109.50000
    5     8    11    58.35000  112.70000
    5     8     9    37.50000  110.70000
    8    10    17    60.00000  109.50000
    8    11    12    50.00000  109.50000
    8    11    14    58.35000  112.70000
    8    11    13    37.50000  110.70000
   10    17    14    90.00000  108.56700
   10    17    19   105.00000  106.22000
   10    17    18    35.00000  109.50000
   11     8    10    50.00000  109.50000
   11    14    17    75.00000  109.43000
   11    14    15    37.50000  110.70000
   11    14    16    37.50000  110.70000
   14    11    12    50.00000  109.50000
   14    17    19    75.00000  107.44000
   14    17    18    45.00000  112.01100
   17    19    20    70.00000  117.60000
   17    19    31    70.00000  121.20000
   19    20    21    80.00000  120.60000
   19    20    22    70.00000  118.60000
   19    31    26    70.00000  121.20000
   19    31    32    35.00000  119.10000
   20    22    24    70.00000  126.40000
   20    22    23    35.00000  116.80000
   22    20    21    80.00000  120.60000
   22    24    25    80.00000  120.60000
   22    24    26    70.00000  114.10000
   24    26    27    70.00000  119.70000
   24    26    31    70.00000  118.70000
   26    24    25    80.00000  125.30000
   26    27    28    35.00000  109.50000
   26    27    29    35.00000  109.50000
   26    27    30    35.00000  109.50000
   26    31    32    35.00000  120.00000
   31    19    20    70.00000  121.60000
   31    26    27    70.00000  124.00000
    6     5     8    37.50000  110.70000
    7     5     8    37.50000  110.70000
    7     5     6    33.00000  107.80000
    9     8    10    35.00000  109.50000
    9     8    11    37.50000  110.70000
   13    11    12    35.00000  109.50000
   13    11    14    37.50000  110.70000
   15    14    17    45.00000  108.72000
   16    14    17    45.00000  108.72000
   16    14    15    33.00000  107.80000
   18    17    19    55.00000  103.44000
   23    22    24    35.00000  116.80000
   29    27    28    33.00000  107.80000
   30    27    28    33.00000  107.80000
   30    27    29    33.00000  107.80000
PHI
    1     4     5     8  -2.65550  1.0 1.0
    1     4     5     8  -0.22350 -1.0 2.0
    1     4     5     8   0.24150  1.0 3.0
    1     4     5     6   0.03000  1.0 3.0
    1     4     5     7   0.03000  1.0 3.0
    2     1     4     5   0.00000  1.0 1.0
    3     1     4     5   0.00000  1.0 1.0
    4     5     8    10   1.11900  1.0 1.0
    4     5     8    10  -1.16350 -1.0 2.0
    4     5     8    10  -0.34150  1.0 3.0
    4     5     8    11   0.62750  1.0 1.0
    4     5     8    11  -0.30950 -1.0 2.0
    4     5     8    11   0.27300  1.0 3.0
    4     5     8     9   0.23400  1.0 3.0
    5     8    10    17   0.06250  1.0 1.0
    5     8    10    17  -0.01100 -1.0 2.0
    5     8    10    17   0.28050  1.0 3.0
    5     8    11    12   0.62750  1.0 1.0
    5     8    11    12  -0.30950 -1.0 2.0
    5     8    11    12   0.27300  1.0 3.0
    5     8    11    14   0.56750  1.0 1.0
    5     8    11    14  -0.07550 -1.0 2.0
    5     8    11    14   0.20000  1.0 3.0
    5     8    11    13   0.15000  1.0 3.0
    8    10   -17    14   0.06250  1.0 1.0
    8    10   -17    14  -0.01100 -1.0 2.0
    8    10   -17    14   0.28050  1.0 3.0
    8    10    17    19  -2.37750  1.0 1.0
    8    10    17    19  -0.08150 -1.0 2.0
    8    10    17    19   0.59000  1.0 3.0
    8    10    17    18   0.37050  1.0 3.0
    8    11   -14    17   3.97050  1.0 1.0
    8    11    14    15   0.15000  1.0 3.0
    8    11    14    16   0.15000  1.0 3.0
   10     8    11    12   1.11900  1.0 1.0
   10     8    11    12  -1.16350 -1.0 2.0
   10     8    11    12  -0.34150  1.0 3.0
   10     8   -11    14   0.62750  1.0 1.0
   10     8   -11    14  -0.30950 -1.0 2.0
   10     8   -11    14   0.27300  1.0 3.0
   10     8    11    13   0.23400  1.0 3.0
   10    17    19    20  -2.75650  1.0 1.0
   10    17    19    20  -1.18150 -1.0 2.0
   10    17    19    20   0.81900  1.0 3.0
   10    17    19    31  -0.28000  1.0 1.0
   10    17    19    31  -1.16550 -1.0 2.0
   11     8   -10    17   0.06250  1.0 1.0
   11     8   -10    17  -0.01100 -1.0 2.0
   11     8   -10    17   0.28050  1.0 3.0
   11    14   -17    10   0.62750  1.0 1.0
   11    14   -17    10  -0.30950 -1.0 2.0
   11    14   -17    10   0.27300  1.0 3.0
   11    14    17    19  -0.27100  1.0 1.0
   11    14    17    19  -0.01700 -1.0 2.0
   11    14    17    19  -0.48600  1.0 3.0
   11    14    17    18   0.15000  1.0 3.0
   12    11    14    17   0.62750  1.0 1.0
   12    11    14    17  -0.30950 -1.0 2.0
   12    11    14    17   0.27300  1.0 3.0
   12    11    14    15   0.23400  1.0 3.0
   12    11    14    16   0.23400  1.0 3.0
   14    17    19    20  -0.43950  1.0 1.0
   14    17    19    20  -0.08100 -1.0 2.0
   14    17    19    20   0.03350  1.0 3.0
   14    17    19    31   2.08450  1.0 1.0
   14    17    19    31  -0.39300 -1.0 2.0
   14    17    19    31   0.23400  1.0 3.0
   17    19    20    21   3.04450 -1.0 2.0
   17    19    20    22   3.62500 -1.0 2.0
   17    19    31    26  -0.88150  1.0 1.0
   17    19    31    26   2.95600 -1.0 2.0
   17    19    31    32   1.88100 -1.0 2.0
   19    20   -22    24   3.62500 -1.0 2.0
   19    20    22    23   2.56700 -1.0 2.0
   20    19   -31    26  -0.18900  1.0 1.0
   20    19   -31    26   1.70900 -1.0 2.0
   20    19    31    32   1.44600  1.0 1.0
   20    22    24    25   3.04450 -1.0 2.0
   20    22    24    26   7.00000 -1.0 2.0
   21    20    22    24   3.04450 -1.0 2.0
   21    20    22    23   2.45000 -1.0 2.0
   22    24    26    27   1.50000 -1.0 2.0
   22    24    26    31   1.50000 -1.0 2.0
   24    26    27    28   0.15000  1.0 3.0
   24    26    27    29   0.15000  1.0 3.0
   24    26    27    30   0.15000  1.0 3.0
   24    26    31    19   7.00000 -1.0 2.0
   24    26    31    32   7.00000 -1.0 2.0
   25    24    26    27  -0.64400  1.0 1.0
   25    24    26    27   0.26850 -1.0 2.0
   25    24    26    31   1.00000 -1.0 2.0
   27    26    31    19   7.00000 -1.0 2.0
   27    26    31    32   7.00000 -1.0 2.0
   31    19    20    21   2.67200 -1.0 2.0
   31    19   -20    22   3.62500 -1.0 2.0
   31    26    27    28   0.00000  1.0 1.0
   31    26    27    29   0.00000  1.0 1.0
   31    26    27    30   0.00000  1.0 1.0
    6     5     8    10   0.23400  1.0 3.0
    6     5     8    11   0.15000  1.0 3.0
    6     5     8     9   0.15000  1.0 3.0
    7     5     8    10   0.23400  1.0 3.0
    7     5     8    11   0.15000  1.0 3.0
    7     5     8     9   0.15000  1.0 3.0
    9     8    10    17   0.37050  1.0 3.0
    9     8    11    12   0.23400  1.0 3.0
    9     8    11    14   0.15000  1.0 3.0
    9     8    11    13   0.15000  1.0 3.0
   13    11    14    17   0.15000  1.0 3.0
   13    11    14    15   0.15000  1.0 3.0
   13    11    14    16   0.15000  1.0 3.0
   15    14    17    10   0.23400  1.0 3.0
   15    14    17    19   0.15000  1.0 3.0
   15    14    17    18   0.15000  1.0 3.0
   16    14    17    10   0.23400  1.0 3.0
   16    14    17    19   0.15000  1.0 3.0
   16    14    17    18   0.15000  1.0 3.0
   18    17    19    20   0.00000  1.0 1.0
   18    17    19    31   0.00000  1.0 1.0
   23    22    24    25   2.45000 -1.0 2.0
   23    22    24    26   1.52500 -1.0 2.0
IPHI
   31    20    19    17   1.00000 -1.0 2.0
   19    22    20    21  10.50000 -1.0 2.0
   23    20    22    24   1.00000 -1.0 2.0
   22    26    24    25  10.50000 -1.0 2.0
   24    27    26    31   1.10000 -1.0 2.0
   19    32    31    26   1.10000 -1.0 2.0
END
