* LIGAND DATABASE FILE (OPLS2005)
*
 DTE     33    34     60     92     172
    1     0 M   P2   _P__     1     1.61000   118.62308   159.31594
    2     1 S   O2Z  _OP1     2     1.48011   109.62431   144.88137
    3     1 S   O2Z  _OP2     3     1.48021   109.63975    16.81313
    4     1 M   OS   _O5'     4     1.59959   101.33504   -99.12391
    5     4 M   CT   _C5'     5     1.44003   119.00386   -39.20807
    6     5 S   HC   _H5'    21     1.09000   109.50006   -31.39297
    7     5 S   HC   H5''    22     1.09000   109.50002    88.60695
    8     5 M   CT   _C4'     6     1.51598   110.03504  -151.39302
    9     8 S   HC   _H4'    23     1.09000   109.49994   156.57700
   10     8 S   OS   _O4'     7     1.45722   108.85859   -86.27020
   11     8 M   CT   _C3'     8     1.52839   115.78405    30.88281
   12    11 S   HC   _H3'    24     1.09000   109.50002    42.84025
   13    11 M   OH   _O3'     9     1.42414   111.13554   158.26963
   14    13 S   HO   HO3'    25     0.96000   109.50006  -179.97202
   15    11 S   CT   _C2'    10     1.52845   102.77644   -86.30124
   16    15 S   HC   _H2'    26     1.09000   109.50005    85.20760
   17    15 S   HC   H2''    27     1.09000   109.50002  -154.79248
   18    10 S   CO   _C1'    11     1.41970   110.06920   105.57162
   19    18 S   HC   _H1'    28     1.09000   109.50014   119.32139
   20    18 S   N*   _N1_    12     1.48960   108.06067  -127.20720
   21    20 S   C    _C2_    13     1.37460   117.05445   -95.42725
   22    21 S   O    _O2_    14     1.21907   122.91818    -0.03956
   23    21 S   NNB  _N3_    15     1.38125   115.38301  -180.00000
   24    23 S   H    _H3_    29     1.01000   120.00002   179.92598
   25    23 S   C    _C4_    16     1.37948   126.46137    -0.07133
   26    25 S   O    _O4_    17     1.23270   120.58978  -179.98022
   27    25 S   CM   _C5_    18     1.44399   114.06260     0.04423
   28    27 S   CT   _C7_    19     1.50006   117.58864   179.94405
   29    28 S   HC   _H71    30     1.09000   109.50000  -179.98022
   30    28 S   HC   _H72    31     1.09000   109.50006   -59.99990
   31    28 S   HC   _H73    32     1.09000   109.49991    60.00010
   32    20 S   CM   _C6_    20     1.37031   120.86235    84.52194
   33    32 S   HC   _H6_    33     1.08000   120.00000     0.01978
   7   3   2   7  10   5   4  12   6  11   9   6   5   1   7   4
   3   8   3   9   8   4   6   3   8   3   6   5   3   2   1   1
   1
    2     3     4     5     8     6     7  
    3     4     5  
    4     5  
    5     8    10    11     6     7     9  
    8    10    11    13    15    18     6     7     9    12  
    7     9     8    10    11  
    9     8    10    11  
   10    11    13    15    18    20     9    12    14    16    17    19  
   12    10    11    13    15    18  
   11    13    15    18    20    21    32    12    16    17    19  
   13    15    18    20    12    14    16    17    19  
   14    16    17    13    15    18  
   15    18    14    16    17  
   15  
   18    20    21    32    16    17    19  
   17    19    18    20  
   19    18    20  
   20    21    22    23    27    32    19    33  
   20    21    32  
   21    22    23    25    27    28    32    24    33  
   22    23    25    26    27    32    24    33  
   23    25    32    24  
   25    26    27    28    32    24  
   25    26    27  
   26    27    28    32    29    30    31    33  
   27    28    32  
   28    32    29    30    31    33  
   32    29    30    31    33  
   30    31    32  
   31    32  
   32  
   33  
    0  
NBON
    1   3.7400   0.2000   1.760000   2.1070   1.8700   0.005000000   0.000000000
    2   2.9800   0.2000  -0.970000   1.6890   1.4900   0.001000000  -0.126889456
    3   2.9800   0.2000  -0.970000   1.6890   1.4900   0.001000000  -0.126889456
    4   2.8500   0.1400  -0.610000   1.7660   1.5600   0.020110767  -0.896042159
    5   3.5000   0.0660   0.080000   1.9750   1.7500   0.005000000  -0.741685710
    6   2.5000   0.0300   0.060000   1.4250   1.2500   0.008598240   0.268726247
    7   2.5000   0.0300   0.060000   1.4250   1.2500   0.008598240   0.268726247
    8   3.5000   0.0660   0.170000   1.9750   1.7500   0.005000000  -0.741685710
    9   2.5000   0.0300   0.030000   1.4250   1.2500   0.008598240   0.268726247
   10   2.9000   0.1400  -0.400000   1.7660   1.5600   0.020110767  -0.896042159
   11   3.5000   0.0660   0.205000   1.9750   1.7500   0.005000000  -0.741685710
   12   2.5000   0.0300   0.060000   1.4250   1.2500   0.008598240   0.268726247
   13   3.1200   0.1700  -0.655000   1.7660   1.5600   0.021068034  -0.322181743
   14   0.0000   0.0000   0.390000   0.9960   0.8600   0.030040813  -0.651083722
   15   3.5000   0.0660  -0.120000   1.9750   1.7500   0.005000000  -0.741685710
   16   2.5000   0.0300   0.060000   1.4250   1.2500   0.008598240   0.268726247
   17   2.5000   0.0300   0.060000   1.4250   1.2500   0.008598240   0.268726247
   18   3.5000   0.0660   0.510000   1.9750   1.7500   0.005000000  -0.741685710
   19   2.5000   0.0500   0.100000   1.3810   1.2100   0.008598240   0.268726247
   20   3.2500   0.1700  -0.600000   1.8100   1.6000   0.054801302  -1.445846770
   21   3.7500   0.1050   0.500000   1.9250   1.7000   0.001000000  -0.126889456
   22   2.9600   0.2100  -0.400000   1.5250   1.4250   0.001000000  -1.480495490
   23   3.2500   0.1700  -0.510000   1.8100   1.6000   0.054801302  -1.445846770
   24   0.5000   0.0300   0.360000   1.5900   1.4000   0.030040813  -0.651083722
   25   3.7500   0.1050   0.450000   1.9250   1.7000   0.001000000  -0.126889456
   26   2.9600   0.2100  -0.420000   1.5250   1.4250   0.001000000  -1.480495490
   27   3.5000   0.0800  -0.070000   2.0020   1.7750   0.023028004  -0.852763146
   28   3.5000   0.0800  -0.140000   1.9750   1.7500   0.005000000  -0.741685710
   29   2.5000   0.0500   0.080000   1.4250   1.2500   0.008598240   0.268726247
   30   2.5000   0.0500   0.080000   1.4250   1.2500   0.008598240   0.268726247
   31   2.5000   0.0500   0.080000   1.4250   1.2500   0.008598240   0.268726247
   32   3.5000   0.0800   0.080000   2.0020   1.7750   0.023028004  -0.852763146
   33   2.5000   0.0500   0.100000   1.4250   1.2500   0.008598240   0.268726247
BOND
    1     2   525.000  1.480
    1     3   525.000  1.480
    1     4   230.000  1.697
    4     5   320.000  1.410
    5     8   268.000  1.529
    5     6   340.000  1.090
    5     7   340.000  1.090
    8    10   320.000  1.410
    8    11   268.000  1.529
    8     9   340.000  1.090
   10    18   320.000  1.380
   11    13   320.000  1.410
   11    15   268.000  1.529
   11    12   340.000  1.090
   13    14   553.000  0.945
   15    18   250.000  1.527
   15    16   340.000  1.090
   15    17   340.000  1.090
   18    20   275.000  1.479
   18    19   340.000  1.090
   20    21   418.000  1.388
   20    32   448.000  1.365
   21    22   570.000  1.229
   21    23   418.000  1.388
   23    25   418.000  1.388
   23    24   434.000  1.010
   25    26   570.000  1.229
   25    27   410.000  1.444
   27    28   317.000  1.510
   27    32   549.000  1.340
   28    29   340.000  1.090
   28    30   340.000  1.090
   28    31   340.000  1.090
   32    33   340.000  1.080
THET
    1     4     5   100.00000  120.50000
    3     1     2   140.00000  119.90000
    4     1     2   100.00000  108.23000
    4     1     3   100.00000  108.23000
    4     5     8    50.00000  109.50000
    4     5     6    35.00000  109.50000
    4     5     7    35.00000  109.50000
    5     8    10    50.00000  109.50000
    5     8    11    58.35000  112.70000
    5     8     9    37.50000  110.70000
    8    10    18    60.00000  109.50000
    8    11    13    50.00000  109.50000
    8    11    15    58.35000  112.70000
    8    11    12    37.50000  110.70000
   10    18    15    90.00000  108.56700
   10    18    20   105.00000  106.22000
   10    18    19    35.00000  109.50000
   11     8    10    50.00000  109.50000
   11    13    14    55.00000  108.50000
   11    15    18    75.00000  109.43000
   11    15    16    37.50000  110.70000
   11    15    17    37.50000  110.70000
   15    11    13    50.00000  109.50000
   15    18    20    75.00000  107.44000
   15    18    19    45.00000  112.01100
   18    20    21    70.00000  117.60000
   18    20    32    70.00000  121.20000
   20    21    22    80.00000  120.60000
   20    21    23    70.00000  118.60000
   20    32    27    70.00000  121.20000
   20    32    33    35.00000  119.10000
   21    23    25    70.00000  126.40000
   21    23    24    35.00000  116.80000
   23    21    22    80.00000  120.60000
   23    25    26    80.00000  120.60000
   23    25    27    70.00000  114.10000
   25    27    28    70.00000  119.70000
   25    27    32    70.00000  118.70000
   27    25    26    80.00000  125.30000
   27    28    29    35.00000  109.50000
   27    28    30    35.00000  109.50000
   27    28    31    35.00000  109.50000
   27    32    33    35.00000  120.00000
   32    20    21    70.00000  121.60000
   32    27    28    70.00000  124.00000
    6     5     8    37.50000  110.70000
    7     5     8    37.50000  110.70000
    7     5     6    33.00000  107.80000
    9     8    10    35.00000  109.50000
    9     8    11    37.50000  110.70000
   12    11    13    35.00000  109.50000
   12    11    15    37.50000  110.70000
   16    15    18    45.00000  108.72000
   17    15    18    45.00000  108.72000
   17    15    16    33.00000  107.80000
   19    18    20    55.00000  103.44000
   24    23    25    35.00000  116.80000
   30    28    29    33.00000  107.80000
   31    28    29    33.00000  107.80000
   31    28    30    33.00000  107.80000
PHI
    1     4     5     8  -2.65550  1.0 1.0
    1     4     5     8  -0.22350 -1.0 2.0
    1     4     5     8   0.24150  1.0 3.0
    1     4     5     6   0.03000  1.0 3.0
    1     4     5     7   0.03000  1.0 3.0
    2     1     4     5   0.00000  1.0 1.0
    3     1     4     5   0.00000  1.0 1.0
    4     5     8    10   1.11900  1.0 1.0
    4     5     8    10  -1.16350 -1.0 2.0
    4     5     8    10  -0.34150  1.0 3.0
    4     5     8    11   0.62750  1.0 1.0
    4     5     8    11  -0.30950 -1.0 2.0
    4     5     8    11   0.27300  1.0 3.0
    4     5     8     9   0.23400  1.0 3.0
    5     8    10    18   0.06250  1.0 1.0
    5     8    10    18  -0.01100 -1.0 2.0
    5     8    10    18   0.28050  1.0 3.0
    5     8    11    13   0.86500  1.0 1.0
    5     8    11    13  -0.17500 -1.0 2.0
    5     8    11    13   0.20800  1.0 3.0
    5     8    11    15   0.56750  1.0 1.0
    5     8    11    15  -0.07550 -1.0 2.0
    5     8    11    15   0.20000  1.0 3.0
    5     8    11    12   0.15000  1.0 3.0
    8    10   -18    15   0.06250  1.0 1.0
    8    10   -18    15  -0.01100 -1.0 2.0
    8    10   -18    15   0.28050  1.0 3.0
    8    10    18    20  -2.37750  1.0 1.0
    8    10    18    20  -0.08150 -1.0 2.0
    8    10    18    20   0.59000  1.0 3.0
    8    10    18    19   0.37050  1.0 3.0
    8    11    13    14  -0.11600  1.0 1.0
    8    11    13    14  -0.09450 -1.0 2.0
    8    11    13    14   0.21250  1.0 3.0
    8    11   -15    18   3.97050  1.0 1.0
    8    11    15    16   0.15000  1.0 3.0
    8    11    15    17   0.15000  1.0 3.0
   10     8    11    13   3.69350  1.0 1.0
   10     8    11    13  -1.82950 -1.0 2.0
   10     8   -11    15   0.62750  1.0 1.0
   10     8   -11    15  -0.30950 -1.0 2.0
   10     8   -11    15   0.27300  1.0 3.0
   10     8    11    12   0.23400  1.0 3.0
   10    18    20    21  -2.75650  1.0 1.0
   10    18    20    21  -1.18150 -1.0 2.0
   10    18    20    21   0.81900  1.0 3.0
   10    18    20    32  -0.28000  1.0 1.0
   10    18    20    32  -1.16550 -1.0 2.0
   11     8   -10    18   0.06250  1.0 1.0
   11     8   -10    18  -0.01100 -1.0 2.0
   11     8   -10    18   0.28050  1.0 3.0
   11    15   -18    10   0.62750  1.0 1.0
   11    15   -18    10  -0.30950 -1.0 2.0
   11    15   -18    10   0.27300  1.0 3.0
   11    15    18    20  -0.27100  1.0 1.0
   11    15    18    20  -0.01700 -1.0 2.0
   11    15    18    20  -0.48600  1.0 3.0
   11    15    18    19   0.15000  1.0 3.0
   13    11    15    18   0.86500  1.0 1.0
   13    11    15    18  -0.17500 -1.0 2.0
   13    11    15    18   0.20800  1.0 3.0
   13    11    15    16   0.23400  1.0 3.0
   13    11    15    17   0.23400  1.0 3.0
   15    11    13    14  -0.11600  1.0 1.0
   15    11    13    14  -0.09450 -1.0 2.0
   15    11    13    14   0.21250  1.0 3.0
   15    18    20    21  -0.43950  1.0 1.0
   15    18    20    21  -0.08100 -1.0 2.0
   15    18    20    21   0.03350  1.0 3.0
   15    18    20    32   2.08450  1.0 1.0
   15    18    20    32  -0.39300 -1.0 2.0
   15    18    20    32   0.23400  1.0 3.0
   18    20    21    22   3.04450 -1.0 2.0
   18    20    21    23   3.62500 -1.0 2.0
   18    20    32    27  -0.88150  1.0 1.0
   18    20    32    27   2.95600 -1.0 2.0
   18    20    32    33   1.88100 -1.0 2.0
   20    21   -23    25   3.62500 -1.0 2.0
   20    21    23    24   2.56700 -1.0 2.0
   21    20   -32    27  -0.18900  1.0 1.0
   21    20   -32    27   1.70900 -1.0 2.0
   21    20    32    33   1.44600  1.0 1.0
   21    23    25    26   3.04450 -1.0 2.0
   21    23    25    27   7.00000 -1.0 2.0
   22    21    23    25   3.04450 -1.0 2.0
   22    21    23    24   2.45000 -1.0 2.0
   23    25    27    28   1.50000 -1.0 2.0
   23    25    27    32   1.50000 -1.0 2.0
   25    27    28    29   0.15000  1.0 3.0
   25    27    28    30   0.15000  1.0 3.0
   25    27    28    31   0.15000  1.0 3.0
   25    27    32    20   7.00000 -1.0 2.0
   25    27    32    33   7.00000 -1.0 2.0
   26    25    27    28  -0.64400  1.0 1.0
   26    25    27    28   0.26850 -1.0 2.0
   26    25    27    32   1.00000 -1.0 2.0
   28    27    32    20   7.00000 -1.0 2.0
   28    27    32    33   7.00000 -1.0 2.0
   32    20    21    22   2.67200 -1.0 2.0
   32    20   -21    23   3.62500 -1.0 2.0
   32    27    28    29   0.00000  1.0 1.0
   32    27    28    30   0.00000  1.0 1.0
   32    27    28    31   0.00000  1.0 1.0
    6     5     8    10   0.23400  1.0 3.0
    6     5     8    11   0.15000  1.0 3.0
    6     5     8     9   0.15000  1.0 3.0
    7     5     8    10   0.23400  1.0 3.0
    7     5     8    11   0.15000  1.0 3.0
    7     5     8     9   0.15000  1.0 3.0
    9     8    10    18   0.37050  1.0 3.0
    9     8    11    13   0.23400  1.0 3.0
    9     8    11    15   0.15000  1.0 3.0
    9     8    11    12   0.15000  1.0 3.0
   12    11    13    14   0.19450  1.0 3.0
   12    11    15    18   0.15000  1.0 3.0
   12    11    15    16   0.15000  1.0 3.0
   12    11    15    17   0.15000  1.0 3.0
   16    15    18    10   0.23400  1.0 3.0
   16    15    18    20   0.15000  1.0 3.0
   16    15    18    19   0.15000  1.0 3.0
   17    15    18    10   0.23400  1.0 3.0
   17    15    18    20   0.15000  1.0 3.0
   17    15    18    19   0.15000  1.0 3.0
   19    18    20    21   0.00000  1.0 1.0
   19    18    20    32   0.00000  1.0 1.0
   24    23    25    26   2.45000 -1.0 2.0
   24    23    25    27   1.52500 -1.0 2.0
IPHI
   32    21    20    18   1.00000 -1.0 2.0
   20    23    21    22  10.50000 -1.0 2.0
   24    21    23    25   1.00000 -1.0 2.0
   23    27    25    26  10.50000 -1.0 2.0
   25    28    27    32   1.10000 -1.0 2.0
   20    33    32    27   1.10000 -1.0 2.0
END
