* LIGAND DATABASE FILE (OPLS2005)
*
  C      31    32     55     86     159
    1     0 M   P2   _P__     1     1.61000   118.92002  -146.78102
    2     1 S   O2Z  _OP1     2     1.48010   109.56462   165.38576
    3     1 S   O2Z  _OP2     3     1.47977   109.61523    37.28826
    4     1 M   OS   _O5'     4     1.60047   101.35377   -78.69400
    5     4 M   CT   _C5'     5     1.43927   119.01957   -60.11802
    6     5 S   HC   _H5'    21     1.09000   109.50005   -65.10638
    7     5 S   HC   H5''    22     1.09000   109.49999    54.89362
    8     5 M   CT   _C4'     6     1.51533   110.01982   174.89370
    9     8 S   HC   _H4'    23     1.09000   109.50006   175.65594
   10     8 S   OS   _O4'     7     1.45674   108.87315   -67.73908
   11     8 M   CT   _C3'     8     1.52929   115.82175    48.86601
   12    11 M   OS   _O3'     9     1.42270   111.96347    83.18030
   13    11 S   HC   _H3'    24     1.09000   109.49999   -38.36290
   14    11 S   CT   _C2'    10     1.52700   102.08227  -155.27620
   15    14 S   HC   _H2'    25     1.09000   109.50006   170.28748
   16    14 S   OH   _O2'    11     1.40738   110.78419   -76.40536
   17    16 S   HO   HO2'    26     0.96000   109.49994  -180.00000
   18    10 S   CO   _C1'    12     1.41864   109.84040   144.73508
   19    18 S   HC   _H1'    27     1.09000   109.50011   126.25972
   20    18 S   N*   _N1_    13     1.48957   107.99319  -119.92171
   21    20 S   C    _C2_    14     1.39195   117.80140  -166.58638
   22    21 S   O    _O2_    15     1.23655   118.83059     0.00000
   23    21 S   NNC  _N3_    16     1.35773   118.72026  -179.98022
   24    23 S   CDX  _C4_    17     1.33917   120.63646    -0.00000
   25    24 S   NND  _N4_    18     1.32416   118.29329  -179.96574
   26    25 S   H    _H41    28     1.01000   120.00005   180.00000
   27    25 S   H    _H42    29     1.01000   120.00006    -0.01978
   28    24 S   CM   _C5_    19     1.42814   120.43826    -0.13417
   29    28 S   HC   _H5_    30     1.08000   120.00000  -179.68910
   30    20 S   CNA  _C6_    20     1.36019   121.08117    13.43813
   31    30 S   HC   _H6_    31     1.08000   119.99995     0.16071
   7   3   2   7  10   5   4  11   6  11   9   5   4   8   5   4
   1   8   3   8   7   3   7   7   5   2   1   3   2   1   1
    2     3     4     5     8     6     7  
    3     4     5  
    4     5  
    5     8    10    11     6     7     9  
    8    10    11    12    14    18     6     7     9    13  
    7     9     8    10    11  
    9     8    10    11  
   10    11    12    14    16    18    20     9    13    15    19  
   13    10    11    12    14    18  
   11    12    14    16    18    20    21    30    13    15    19  
   12    14    16    18    20    13    15    17    19  
   14    16    18    13    15  
   15    14    16    18  
   16    18    20    21    30    15    17    19  
   17    19    16    18    20  
   18    20    17    19  
   18  
   20    21    22    23    28    30    19    31  
   20    21    30  
   21    22    23    24    28    30    29    31  
   22    23    24    25    28    30    31  
   23    24    30  
   24    25    28    30    26    27    29  
   25    28    30    26    27    29    31  
   28    30    26    27    29  
   27    28  
   28  
   30    29    31  
   31    30  
   31  
    0  
NBON
    1   3.7400   0.2000   1.760000   2.1070   1.8700   0.005000000   0.000000000
    2   2.9800   0.2000  -0.970000   1.6890   1.4900   0.001000000  -0.126889456
    3   2.9800   0.2000  -0.970000   1.6890   1.4900   0.001000000  -0.126889456
    4   2.8500   0.1400  -0.610000   1.7660   1.5600   0.020110767  -0.896042159
    5   3.5000   0.0660   0.080000   1.9750   1.7500   0.005000000  -0.741685710
    6   2.5000   0.0300   0.060000   1.4250   1.2500   0.008598240   0.268726247
    7   2.5000   0.0300   0.060000   1.4250   1.2500   0.008598240   0.268726247
    8   3.5000   0.0660   0.170000   1.9750   1.7500   0.005000000  -0.741685710
    9   2.5000   0.0300   0.030000   1.4250   1.2500   0.008598240   0.268726247
   10   2.9000   0.1400  -0.400000   1.7660   1.5600   0.020110767  -0.896042159
   11   3.5000   0.0660   0.140000   1.9750   1.7500   0.005000000  -0.741685710
   12   2.8500   0.1400  -0.610000   1.7660   1.5600   0.020110767  -0.896042159
   13   2.5000   0.0300   0.060000   1.4250   1.2500   0.008598240   0.268726247
   14   3.5000   0.0660   0.205000   1.9750   1.7500   0.005000000  -0.741685710
   15   2.5000   0.0300   0.060000   1.4250   1.2500   0.008598240   0.268726247
   16   3.1200   0.1700  -0.683000   1.7660   1.5600   0.021068034  -0.322181743
   17   0.5000   0.0300   0.418000   0.9960   0.8600   0.030040813  -0.651083722
   18   3.5000   0.0660   0.480000   1.9750   1.7500   0.005000000  -0.741685710
   19   2.5000   0.0500   0.100000   1.3810   1.2100   0.008598240   0.268726247
   20   3.2500   0.1700  -0.560000   1.8100   1.6000   0.054801302  -1.445846770
   21   3.7500   0.1050   0.550000   1.9250   1.7000   0.001000000  -0.126889456
   22   2.9600   0.2100  -0.480000   1.5250   1.4250   0.001000000  -1.480495490
   23   3.2500   0.1700  -0.540000   1.8375   1.6250   0.005000000   0.000000000
   24   3.5000   0.0800   0.460000   2.0020   1.7750   0.023028004  -0.852763146
   25   3.2500   0.1700  -0.790000   1.8650   1.6500   0.051222218  -2.220205820
   26   0.5000   0.0300   0.370000   0.9960   0.8600   0.030040813  -0.651083722
   27   0.5000   0.0300   0.370000   0.9960   0.8600   0.030040813  -0.651083722
   28   3.5000   0.0800  -0.060000   2.0020   1.7750   0.023028004  -0.852763146
   29   2.5000   0.0500   0.100000   1.4250   1.2500   0.008598240   0.268726247
   30   3.5000   0.0800   0.100000   2.0020   1.7750   0.023028004  -0.852763146
   31   2.5000   0.0500   0.100000   1.4250   1.2500   0.008598240   0.268726247
BOND
    1     2   525.000  1.480
    1     3   525.000  1.480
    1     4   230.000  1.697
    4     5   320.000  1.410
    5     8   268.000  1.529
    5     6   340.000  1.090
    5     7   340.000  1.090
    8    10   320.000  1.410
    8    11   268.000  1.529
    8     9   340.000  1.090
   10    18   320.000  1.380
   11    12   320.000  1.410
   11    14   268.000  1.529
   11    13   340.000  1.090
   14    16   320.000  1.410
   14    18   250.000  1.527
   14    15   340.000  1.090
   16    17   553.000  0.945
   18    20   275.000  1.479
   18    19   340.000  1.090
   20    21   418.000  1.388
   20    30   448.000  1.365
   21    22   570.000  1.229
   21    23   457.000  1.358
   23    24   585.000  1.311
   24    25   481.000  1.340
   24    28   427.000  1.433
   25    26   434.000  1.010
   25    27   434.000  1.010
   28    30   549.000  1.340
   28    29   340.000  1.080
   30    31   367.000  1.080
THET
    1     4     5   100.00000  120.50000
    3     1     2   140.00000  119.90000
    4     1     2   100.00000  108.23000
    4     1     3   100.00000  108.23000
    4     5     8    50.00000  109.50000
    4     5     6    35.00000  109.50000
    4     5     7    35.00000  109.50000
    5     8    10    50.00000  109.50000
    5     8    11    58.35000  112.70000
    5     8     9    37.50000  110.70000
    8    10    18    60.00000  109.50000
    8    11    12    50.00000  109.50000
    8    11    14    58.35000  112.70000
    8    11    13    37.50000  110.70000
   10    18    14    90.00000  108.56700
   10    18    20   105.00000  106.22000
   10    18    19    35.00000  109.50000
   11     8    10    50.00000  109.50000
   11    14    16    50.00000  109.50000
   11    14    18    75.00000  109.43000
   11    14    15    37.50000  110.70000
   14    11    12    50.00000  109.50000
   14    16    17    55.00000  108.50000
   14    18    20    75.00000  107.44000
   14    18    19    45.00000  112.01100
   18    14    16    90.00000  111.58700
   18    20    21    70.00000  117.60000
   18    20    30    70.00000  121.20000
   20    21    22    80.00000  120.60000
   20    21    23    70.00000  118.60000
   20    30    28    70.00000  121.20000
   20    30    31    35.00000  119.10000
   21    23    24    70.00000  123.15400
   23    21    22    80.00000  122.50000
   23    24    25    70.00000  119.30000
   23    24    28    70.00000  121.02800
   24    25    26    35.00000  120.00000
   24    25    27    35.00000  120.00000
   24    28    30    85.00000  117.00000
   24    28    29    35.00000  123.30000
   28    24    25    70.00000  120.10000
   28    30    31    35.00000  119.70000
   30    20    21    70.00000  121.60000
    6     5     8    37.50000  110.70000
    7     5     8    37.50000  110.70000
    7     5     6    33.00000  107.80000
    9     8    10    35.00000  109.50000
    9     8    11    37.50000  110.70000
   13    11    12    35.00000  109.50000
   13    11    14    37.50000  110.70000
   15    14    16    35.00000  109.50000
   15    14    18    45.00000  108.72000
   19    18    20    55.00000  103.44000
   27    25    26    35.00000  120.00000
   29    28    30    35.00000  120.00000
PHI
    1     4     5     8  -2.65550  1.0 1.0
    1     4     5     8  -0.22350 -1.0 2.0
    1     4     5     8   0.24150  1.0 3.0
    1     4     5     6   0.03000  1.0 3.0
    1     4     5     7   0.03000  1.0 3.0
    2     1     4     5   0.00000  1.0 1.0
    3     1     4     5   0.00000  1.0 1.0
    4     5     8    10   1.11900  1.0 1.0
    4     5     8    10  -1.16350 -1.0 2.0
    4     5     8    10  -0.34150  1.0 3.0
    4     5     8    11   0.62750  1.0 1.0
    4     5     8    11  -0.30950 -1.0 2.0
    4     5     8    11   0.27300  1.0 3.0
    4     5     8     9   0.23400  1.0 3.0
    5     8    10    18   0.06250  1.0 1.0
    5     8    10    18  -0.01100 -1.0 2.0
    5     8    10    18   0.28050  1.0 3.0
    5     8    11    12   0.62750  1.0 1.0
    5     8    11    12  -0.30950 -1.0 2.0
    5     8    11    12   0.27300  1.0 3.0
    5     8    11    14   0.56750  1.0 1.0
    5     8    11    14  -0.07550 -1.0 2.0
    5     8    11    14   0.20000  1.0 3.0
    5     8    11    13   0.15000  1.0 3.0
    8    10   -18    14   0.06250  1.0 1.0
    8    10   -18    14  -0.01100 -1.0 2.0
    8    10   -18    14   0.28050  1.0 3.0
    8    10    18    20  -2.37750  1.0 1.0
    8    10    18    20  -0.08150 -1.0 2.0
    8    10    18    20   0.59000  1.0 3.0
    8    10    18    19   0.37050  1.0 3.0
    8    11    14    16   0.86500  1.0 1.0
    8    11    14    16  -0.17500 -1.0 2.0
    8    11    14    16   0.20800  1.0 3.0
    8    11   -14    18   3.97050  1.0 1.0
    8    11    14    15   0.15000  1.0 3.0
   10     8    11    12   1.11900  1.0 1.0
   10     8    11    12  -1.16350 -1.0 2.0
   10     8    11    12  -0.34150  1.0 3.0
   10     8   -11    14   0.62750  1.0 1.0
   10     8   -11    14  -0.30950 -1.0 2.0
   10     8   -11    14   0.27300  1.0 3.0
   10     8    11    13   0.23400  1.0 3.0
   10    18    20    21  -2.75650  1.0 1.0
   10    18    20    21  -1.18150 -1.0 2.0
   10    18    20    21   0.81900  1.0 3.0
   10    18    20    30  -0.28000  1.0 1.0
   10    18    20    30  -1.16550 -1.0 2.0
   11     8   -10    18   0.06250  1.0 1.0
   11     8   -10    18  -0.01100 -1.0 2.0
   11     8   -10    18   0.28050  1.0 3.0
   11    14    16    17  -0.11600  1.0 1.0
   11    14    16    17  -0.09450 -1.0 2.0
   11    14    16    17   0.21250  1.0 3.0
   11    14   -18    10   0.62750  1.0 1.0
   11    14   -18    10  -0.30950 -1.0 2.0
   11    14   -18    10   0.27300  1.0 3.0
   11    14    18    20  -0.27100  1.0 1.0
   11    14    18    20  -0.01700 -1.0 2.0
   11    14    18    20  -0.48600  1.0 3.0
   11    14    18    19   0.15000  1.0 3.0
   12    11    14    16   3.69350  1.0 1.0
   12    11    14    16  -1.82950 -1.0 2.0
   12    11    14    18   0.62750  1.0 1.0
   12    11    14    18  -0.30950 -1.0 2.0
   12    11    14    18   0.27300  1.0 3.0
   12    11    14    15   0.23400  1.0 3.0
   14    18    20    21  -0.43950  1.0 1.0
   14    18    20    21  -0.08100 -1.0 2.0
   14    18    20    21   0.03350  1.0 3.0
   14    18    20    30   2.08450  1.0 1.0
   14    18    20    30  -0.39300 -1.0 2.0
   14    18    20    30   0.23400  1.0 3.0
   16    14    18    10   3.69350  1.0 1.0
   16    14    18    10  -1.82950 -1.0 2.0
   16    14    18    20   2.76900  1.0 1.0
   16    14    18    20  -0.24350 -1.0 2.0
   16    14    18    20  -0.78250  1.0 3.0
   16    14    18    19   0.23400  1.0 3.0
   18    14    16    17  -0.11600  1.0 1.0
   18    14    16    17  -0.09450 -1.0 2.0
   18    14    16    17   0.21250  1.0 3.0
   18    20    21    22   3.04450 -1.0 2.0
   18    20    21    23   3.62500 -1.0 2.0
   18    20    30    28  -0.88150  1.0 1.0
   18    20    30    28   2.95600 -1.0 2.0
   18    20    30    31   1.88100 -1.0 2.0
   20    21   -23    24   3.62500 -1.0 2.0
   21    20   -30    28  -0.18900  1.0 1.0
   21    20   -30    28   1.70900 -1.0 2.0
   21    20    30    31   1.44600  1.0 1.0
   21    23    24    25   3.62500 -1.0 2.0
   21    23    24    28   3.62500 -1.0 2.0
   22    21    23    24   3.04450 -1.0 2.0
   23    24    25    26   0.70000 -1.0 2.0
   23    24    25    27   0.70000 -1.0 2.0
   23    24    28    30   7.00000 -1.0 2.0
   23    24    28    29   7.00000 -1.0 2.0
   24    28    30    20   7.00000 -1.0 2.0
   24    28    30    31   7.00000 -1.0 2.0
   25    24    28    30   7.00000 -1.0 2.0
   25    24    28    29   7.00000 -1.0 2.0
   28    24    25    26   0.70000 -1.0 2.0
   28    24    25    27   0.70000 -1.0 2.0
   30    20    21    22   2.67200 -1.0 2.0
   30    20   -21    23   3.62500 -1.0 2.0
    6     5     8    10   0.23400  1.0 3.0
    6     5     8    11   0.15000  1.0 3.0
    6     5     8     9   0.15000  1.0 3.0
    7     5     8    10   0.23400  1.0 3.0
    7     5     8    11   0.15000  1.0 3.0
    7     5     8     9   0.15000  1.0 3.0
    9     8    10    18   0.37050  1.0 3.0
    9     8    11    12   0.23400  1.0 3.0
    9     8    11    14   0.15000  1.0 3.0
    9     8    11    13   0.15000  1.0 3.0
   13    11    14    16   0.23400  1.0 3.0
   13    11    14    18   0.15000  1.0 3.0
   13    11    14    15   0.15000  1.0 3.0
   15    14    16    17   0.19450  1.0 3.0
   15    14    18    10   0.23400  1.0 3.0
   15    14    18    20   0.15000  1.0 3.0
   15    14    18    19   0.15000  1.0 3.0
   19    18    20    21   0.00000  1.0 1.0
   19    18    20    30   0.00000  1.0 1.0
   29    28    30    20   0.97550 -1.0 2.0
   29    28    30    31   7.00000 -1.0 2.0
IPHI
   30    21    20    18   1.00000 -1.0 2.0
   20    23    21    22  10.50000 -1.0 2.0
   25    28    24    23  10.50000 -1.0 2.0
   27    24    25    26   1.00000 -1.0 2.0
   24    29    28    30   1.10000 -1.0 2.0
   20    31    30    28   1.10000 -1.0 2.0
END
