* LIGAND DATABASE FILE (OPLS2005)
*
  CB      29    30     52     84     152
    1     0 M   OH   _O5'     1    20.59295   102.51545   -49.23562
    2     1 S   HO   HO5'    29     0.96000   111.17828  -149.13789
    3     1 M   CT   _C5'     2     1.43927    87.39989   -39.21478
    4     3 S   HC   _H5'    18     1.09000   109.49994  -171.56567
    5     3 S   HC   H5''    19     1.09000   109.50002   -51.56577
    6     3 M   CT   _C4'     3     1.51533   110.01980    68.43428
    7     6 S   HC   _H4'    20     1.09000   109.49998   175.65571
    8     6 S   OS   _O4'     4     1.45673   108.87324   -67.73907
    9     6 M   CT   _C3'     5     1.52929   115.82166    48.86606
   10     9 M   OS   _O3'     6     1.42270   111.96345    83.18035
   11     9 S   HC   _H3'    21     1.09000   109.49998   -38.36299
   12     9 S   CT   _C2'     7     1.52700   102.08221  -155.27633
   13    12 S   HC   _H2'    22     1.09000   109.50011   170.28746
   14    12 S   OH   _O2'     8     1.40738   110.78432   -76.40530
   15    14 S   HO   HO2'    23     0.96000   109.50006  -180.00000
   16     8 S   CO   _C1'     9     1.41864   109.84045   144.73505
   17    16 S   HC   _H1'    24     1.09000   109.50001   126.25974
   18    16 S   N*   _N1_    10     1.48957   107.99326  -119.92174
   19    18 S   C    _C2_    11     1.39195   117.80146  -166.58640
   20    19 S   O    _O2_    12     1.23655   118.83060     0.01978
   21    19 S   NNC  _N3_    13     1.35773   118.72025  -179.97202
   22    21 S   CDX  _C4_    14     1.33917   120.63652    -0.01978
   23    22 S   NND  _N4_    15     1.32416   118.29335  -179.97202
   24    23 S   H    _H41    25     1.01000   119.99997   180.00000
   25    23 S   H    _H42    26     1.01000   119.99993     0.00000
   26    22 S   CM   _C5_    16     1.42814   120.43820    -0.13417
   27    26 S   HC   _H5_    27     1.08000   119.99999  -179.68973
   28    18 S   CNA  _C6_    17     1.36019   121.08112    13.43825
   29    28 S   HC   _H6_    28     1.08000   120.00001     0.16313
   8   4  10   5   4  11   6  11   9   5   4   8   5   4   1   8
   3   8   7   3   7   7   5   2   1   3   2   1   1
    3     6     8     9     4     5     7     2  
    3     4     5     6  
    6     8     9    10    12    16     4     5     7    11  
    5     7     6     8     9  
    7     6     8     9  
    8     9    10    12    14    16    18     7    11    13    17  
   11     8     9    10    12    16  
    9    10    12    14    16    18    19    28    11    13    17  
   10    12    14    16    18    11    13    15    17  
   12    14    16    11    13  
   13    12    14    16  
   14    16    18    19    28    13    15    17  
   15    17    14    16    18  
   16    18    15    17  
   16  
   18    19    20    21    26    28    17    29  
   18    19    28  
   19    20    21    22    26    28    27    29  
   20    21    22    23    26    28    29  
   21    22    28  
   22    23    26    28    24    25    27  
   23    26    28    24    25    27    29  
   26    28    24    25    27  
   25    26  
   26  
   28    27    29  
   29    28  
   29  
    0  
NBON
    1   3.1200   0.1700  -0.683000   1.7660   1.5600   0.021068034  -0.322181743
    2   0.5000   0.0300   0.418000   0.9960   0.8600   0.030040813  -0.651083722
    3   3.5000   0.0660   0.145000   1.9750   1.7500   0.005000000  -0.741685710
    4   2.5000   0.0300   0.060000   1.4250   1.2500   0.008598240   0.268726247
    5   2.5000   0.0300   0.060000   1.4250   1.2500   0.008598240   0.268726247
    6   3.5000   0.0660   0.170000   1.9750   1.7500   0.005000000  -0.741685710
    7   2.5000   0.0300   0.030000   1.4250   1.2500   0.008598240   0.268726247
    8   2.9000   0.1400  -0.400000   1.7660   1.5600   0.020110767  -0.896042159
    9   3.5000   0.0660   0.140000   1.9750   1.7500   0.005000000  -0.741685710
   10   2.8500   0.1400  -0.610000   1.7660   1.5600   0.020110767  -0.896042159
   11   2.5000   0.0300   0.060000   1.4250   1.2500   0.008598240   0.268726247
   12   3.5000   0.0660   0.205000   1.9750   1.7500   0.005000000  -0.741685710
   13   2.5000   0.0300   0.060000   1.4250   1.2500   0.008598240   0.268726247
   14   3.1200   0.1700  -0.683000   1.7660   1.5600   0.021068034  -0.322181743
   15   0.5000   0.0300   0.418000   0.9960   0.8600   0.030040813  -0.651083722
   16   3.5000   0.0660   0.480000   1.9750   1.7500   0.005000000  -0.741685710
   17   2.5000   0.0500   0.100000   1.3810   1.2100   0.008598240   0.268726247
   18   3.2500   0.1700  -0.560000   1.8100   1.6000   0.054801302  -1.445846770
   19   3.7500   0.1050   0.550000   1.9250   1.7000   0.001000000  -0.126889456
   20   2.9600   0.2100  -0.480000   1.5250   1.4250   0.001000000  -1.480495490
   21   3.2500   0.1700  -0.540000   1.8375   1.6250   0.005000000   0.000000000
   22   3.5000   0.0800   0.460000   2.0020   1.7750   0.023028004  -0.852763146
   23   3.2500   0.1700  -0.790000   1.8650   1.6500   0.051222218  -2.220205820
   24   0.5000   0.0300   0.370000   0.9960   0.8600   0.030040813  -0.651083722
   25   0.5000   0.0300   0.370000   0.9960   0.8600   0.030040813  -0.651083722
   26   3.5000   0.0800  -0.060000   2.0020   1.7750   0.023028004  -0.852763146
   27   2.5000   0.0500   0.100000   1.4250   1.2500   0.008598240   0.268726247
   28   3.5000   0.0800   0.100000   2.0020   1.7750   0.023028004  -0.852763146
   29   2.5000   0.0500   0.100000   1.4250   1.2500   0.008598240   0.268726247
BOND
    1     3   320.000  1.410
    1     2   553.000  0.945
    3     6   268.000  1.529
    3     4   340.000  1.090
    3     5   340.000  1.090
    6     8   320.000  1.410
    6     9   268.000  1.529
    6     7   340.000  1.090
    8    16   320.000  1.380
    9    10   320.000  1.410
    9    12   268.000  1.529
    9    11   340.000  1.090
   12    14   320.000  1.410
   12    16   250.000  1.527
   12    13   340.000  1.090
   14    15   553.000  0.945
   16    18   275.000  1.479
   16    17   340.000  1.090
   18    19   418.000  1.388
   18    28   448.000  1.365
   19    20   570.000  1.229
   19    21   457.000  1.358
   21    22   585.000  1.311
   22    23   481.000  1.340
   22    26   427.000  1.433
   23    24   434.000  1.010
   23    25   434.000  1.010
   26    28   549.000  1.340
   26    27   340.000  1.080
   28    29   367.000  1.080
THET
    1     3     6    50.00000  109.50000
    1     3     4    35.00000  109.50000
    1     3     5    35.00000  109.50000
    3     6     8    50.00000  109.50000
    3     6     9    58.35000  112.70000
    3     6     7    37.50000  110.70000
    6     8    16    60.00000  109.50000
    6     9    10    50.00000  109.50000
    6     9    12    58.35000  112.70000
    6     9    11    37.50000  110.70000
    8    16    12    90.00000  108.56700
    8    16    18   105.00000  106.22000
    8    16    17    35.00000  109.50000
    9     6     8    50.00000  109.50000
    9    12    14    50.00000  109.50000
    9    12    16    75.00000  109.43000
    9    12    13    37.50000  110.70000
   12     9    10    50.00000  109.50000
   12    14    15    55.00000  108.50000
   12    16    18    75.00000  107.44000
   12    16    17    45.00000  112.01100
   16    12    14    90.00000  111.58700
   16    18    19    70.00000  117.60000
   16    18    28    70.00000  121.20000
   18    19    20    80.00000  120.60000
   18    19    21    70.00000  118.60000
   18    28    26    70.00000  121.20000
   18    28    29    35.00000  119.10000
   19    21    22    70.00000  123.15400
   21    19    20    80.00000  122.50000
   21    22    23    70.00000  119.30000
   21    22    26    70.00000  121.02800
   22    23    24    35.00000  120.00000
   22    23    25    35.00000  120.00000
   22    26    28    85.00000  117.00000
   22    26    27    35.00000  123.30000
   26    22    23    70.00000  120.10000
   26    28    29    35.00000  119.70000
   28    18    19    70.00000  121.60000
    4     3     6    37.50000  110.70000
    5     3     6    37.50000  110.70000
    5     3     4    33.00000  107.80000
    7     6     8    35.00000  109.50000
    7     6     9    37.50000  110.70000
   11     9    10    35.00000  109.50000
   11     9    12    37.50000  110.70000
   13    12    14    35.00000  109.50000
   13    12    16    45.00000  108.72000
   17    16    18    55.00000  103.44000
   25    23    24    35.00000  120.00000
   27    26    28    35.00000  120.00000
    2     1     3    55.00000  108.50000
PHI
    1     3     6     8   3.69350  1.0 1.0
    1     3     6     8  -1.82950 -1.0 2.0
    1     3     6     9   0.86500  1.0 1.0
    1     3     6     9  -0.17500 -1.0 2.0
    1     3     6     9   0.20800  1.0 3.0
    1     3     6     7   0.23400  1.0 3.0
    3     6     8    16   0.06250  1.0 1.0
    3     6     8    16  -0.01100 -1.0 2.0
    3     6     8    16   0.28050  1.0 3.0
    3     6     9    10   0.62750  1.0 1.0
    3     6     9    10  -0.30950 -1.0 2.0
    3     6     9    10   0.27300  1.0 3.0
    3     6     9    12   0.56750  1.0 1.0
    3     6     9    12  -0.07550 -1.0 2.0
    3     6     9    12   0.20000  1.0 3.0
    3     6     9    11   0.15000  1.0 3.0
    6     8   -16    12   0.06250  1.0 1.0
    6     8   -16    12  -0.01100 -1.0 2.0
    6     8   -16    12   0.28050  1.0 3.0
    6     8    16    18  -2.37750  1.0 1.0
    6     8    16    18  -0.08150 -1.0 2.0
    6     8    16    18   0.59000  1.0 3.0
    6     8    16    17   0.37050  1.0 3.0
    6     9    12    14   0.86500  1.0 1.0
    6     9    12    14  -0.17500 -1.0 2.0
    6     9    12    14   0.20800  1.0 3.0
    6     9   -12    16   3.97050  1.0 1.0
    6     9    12    13   0.15000  1.0 3.0
    8     6     9    10   1.11900  1.0 1.0
    8     6     9    10  -1.16350 -1.0 2.0
    8     6     9    10  -0.34150  1.0 3.0
    8     6    -9    12   0.62750  1.0 1.0
    8     6    -9    12  -0.30950 -1.0 2.0
    8     6    -9    12   0.27300  1.0 3.0
    8     6     9    11   0.23400  1.0 3.0
    8    16    18    19  -2.75650  1.0 1.0
    8    16    18    19  -1.18150 -1.0 2.0
    8    16    18    19   0.81900  1.0 3.0
    8    16    18    28  -0.28000  1.0 1.0
    8    16    18    28  -1.16550 -1.0 2.0
    9     6    -8    16   0.06250  1.0 1.0
    9     6    -8    16  -0.01100 -1.0 2.0
    9     6    -8    16   0.28050  1.0 3.0
    9    12    14    15  -0.11600  1.0 1.0
    9    12    14    15  -0.09450 -1.0 2.0
    9    12    14    15   0.21250  1.0 3.0
    9    12   -16     8   0.62750  1.0 1.0
    9    12   -16     8  -0.30950 -1.0 2.0
    9    12   -16     8   0.27300  1.0 3.0
    9    12    16    18  -0.27100  1.0 1.0
    9    12    16    18  -0.01700 -1.0 2.0
    9    12    16    18  -0.48600  1.0 3.0
    9    12    16    17   0.15000  1.0 3.0
   10     9    12    14   3.69350  1.0 1.0
   10     9    12    14  -1.82950 -1.0 2.0
   10     9    12    16   0.62750  1.0 1.0
   10     9    12    16  -0.30950 -1.0 2.0
   10     9    12    16   0.27300  1.0 3.0
   10     9    12    13   0.23400  1.0 3.0
   12    16    18    19  -0.43950  1.0 1.0
   12    16    18    19  -0.08100 -1.0 2.0
   12    16    18    19   0.03350  1.0 3.0
   12    16    18    28   2.08450  1.0 1.0
   12    16    18    28  -0.39300 -1.0 2.0
   12    16    18    28   0.23400  1.0 3.0
   14    12    16     8   3.69350  1.0 1.0
   14    12    16     8  -1.82950 -1.0 2.0
   14    12    16    18   2.76900  1.0 1.0
   14    12    16    18  -0.24350 -1.0 2.0
   14    12    16    18  -0.78250  1.0 3.0
   14    12    16    17   0.23400  1.0 3.0
   16    12    14    15  -0.11600  1.0 1.0
   16    12    14    15  -0.09450 -1.0 2.0
   16    12    14    15   0.21250  1.0 3.0
   16    18    19    20   3.04450 -1.0 2.0
   16    18    19    21   3.62500 -1.0 2.0
   16    18    28    26  -0.88150  1.0 1.0
   16    18    28    26   2.95600 -1.0 2.0
   16    18    28    29   1.88100 -1.0 2.0
   18    19   -21    22   3.62500 -1.0 2.0
   19    18   -28    26  -0.18900  1.0 1.0
   19    18   -28    26   1.70900 -1.0 2.0
   19    18    28    29   1.44600  1.0 1.0
   19    21    22    23   3.62500 -1.0 2.0
   19    21    22    26   3.62500 -1.0 2.0
   20    19    21    22   3.04450 -1.0 2.0
   21    22    23    24   0.70000 -1.0 2.0
   21    22    23    25   0.70000 -1.0 2.0
   21    22    26    28   7.00000 -1.0 2.0
   21    22    26    27   7.00000 -1.0 2.0
   22    26    28    18   7.00000 -1.0 2.0
   22    26    28    29   7.00000 -1.0 2.0
   23    22    26    28   7.00000 -1.0 2.0
   23    22    26    27   7.00000 -1.0 2.0
   26    22    23    24   0.70000 -1.0 2.0
   26    22    23    25   0.70000 -1.0 2.0
   28    18    19    20   2.67200 -1.0 2.0
   28    18   -19    21   3.62500 -1.0 2.0
    4     3     6     8   0.23400  1.0 3.0
    4     3     6     9   0.15000  1.0 3.0
    4     3     6     7   0.15000  1.0 3.0
    5     3     6     8   0.23400  1.0 3.0
    5     3     6     9   0.15000  1.0 3.0
    5     3     6     7   0.15000  1.0 3.0
    7     6     8    16   0.37050  1.0 3.0
    7     6     9    10   0.23400  1.0 3.0
    7     6     9    12   0.15000  1.0 3.0
    7     6     9    11   0.15000  1.0 3.0
   11     9    12    14   0.23400  1.0 3.0
   11     9    12    16   0.15000  1.0 3.0
   11     9    12    13   0.15000  1.0 3.0
   13    12    14    15   0.19450  1.0 3.0
   13    12    16     8   0.23400  1.0 3.0
   13    12    16    18   0.15000  1.0 3.0
   13    12    16    17   0.15000  1.0 3.0
   17    16    18    19   0.00000  1.0 1.0
   17    16    18    28   0.00000  1.0 1.0
   27    26    28    18   0.97550 -1.0 2.0
   27    26    28    29   7.00000 -1.0 2.0
    2     1     3     6  -0.11600  1.0 1.0
    2     1     3     6  -0.09450 -1.0 2.0
    2     1     3     6   0.21250  1.0 3.0
    2     1     3     4   0.19450  1.0 3.0
    2     1     3     5   0.19450  1.0 3.0
IPHI
   28    19    18    16   1.00000 -1.0 2.0
   18    21    19    20  10.50000 -1.0 2.0
   23    26    22    21  10.50000 -1.0 2.0
   25    22    23    24   1.00000 -1.0 2.0
   22    27    26    28   1.10000 -1.0 2.0
   18    29    28    26   1.10000 -1.0 2.0
END
