* LIGAND DATABASE FILE (OPLS2005)
*
SPC       3     2      1      0       3
    1     0 S   OWS  _O__     1    15.89724    34.71007  -173.59994
    2     1 S   HWS  _H1_     2     1.00000   170.97028   -32.54214
    3     1 S   HWS  _H2_     3     1.00000    72.68306    72.68656
   2   1   1
    2     3  
    3  
    0  
NBON
    1   3.1656   0.1554  -0.820000   1.7911   1.5828   0.001000000  -0.126889456
    2   0.0000   0.0000   0.410000   0.9960   0.8600   0.030040813  -0.651083722
    3   0.0000   0.0000   0.410000   0.9960   0.8600   0.030040813  -0.651083722
BOND
    1     2  1000.000  1.000
    1     3  1000.000  1.000
THET
    3     1     2   200.00000  109.47000
PHI
IPHI
END
