* LIGAND DATABASE FILE (AMBER99sb)
*
 DAE   33    35     60    106     201
    1     0 M   P2   _P__     1     1.61000   118.62299   159.31599
    2     1 S   O2Z  _OP1     2     1.48026   109.62126   144.88731
    3     1 S   O2Z  _OP2     3     1.48010   109.65046    16.81423
    4     1 M   OS   _O5'     4     1.59961   101.33394   -99.12400
    5     4 M   CT   _C5'     5     1.44008   119.00411   -39.20802
    6     5 S   HC   _H5'    22     1.09000   109.50007   -31.39373
    7     5 S   HC   H5''    23     1.09000   109.49997    88.60624
    8     5 M   CT   _C4'     6     1.51591   110.03988  -151.39378
    9     8 S   HC   _H4'    24     1.09000   109.49997   156.58994
   10     8 S   OS   _O4'     7     1.45718   108.86297   -86.25980
   11     8 M   CT   _C3'     8     1.52844   115.78351    30.89046
   12    11 S   HC   _H3'    25     1.09000   109.50004    42.83409
   13    11 M   OH   _O3'     9     1.42405   111.13319   158.26576
   14    13 S   HO   HO3'    26     0.96000   109.49999   180.00000
   15    11 S   CT   _C2'    10     1.52843   102.77607   -86.30264
   16    15 S   HC   _H2'    27     1.09000   109.49999    85.20489
   17    15 S   HC   H2''    28     1.09000   109.50004  -154.79515
   18    10 S   CO   _C1'    11     1.41965   110.07493   105.57158
   19    18 S   HC   _H1'    29     1.09000   109.50002   119.32192
   20    18 S   N*   _N9_    12     1.48969   108.06224  -127.21105
   21    20 S   CRAB _C8_    13     1.37682   129.02735    84.49966
   22    21 S   HA   _H8_    30     1.08000   120.00002    -0.00000
   23    21 S   NNA  _N7_    14     1.29710   113.92666   179.97202
   24    23 S   C56B _C5_    15     1.38815   104.00036     0.05935
   25    24 S   CA   _C6_    16     1.40327   132.41602   179.96574
   26    25 S   NND  _N6_    17     1.34109   123.51827    -0.03426
   27    26 S   H    _H61    31     1.01000   120.00005  -180.00000
   28    26 S   H    _H62    32     1.01000   119.99997     0.00000
   29    25 S   NB   _N1_    18     1.34567   117.42845  -179.97202
   30    29 S   CQ   _C2_    19     1.33170   118.79972    -0.04423
   31    30 S   HA   _H2_    33     1.08000   120.00003  -179.95577
   32    30 S   NB   _N3_    20     1.31561   129.16737     0.04846
   33    20 S   C56A _C4_    21     1.37022   125.97452   -95.41637
   7   3   2   7  10   5   4  12   6  11   9   6   5   1   7   4
   3   8   3   8   6   3   6   8   8   5   2   1   4   3   2   1
   1
    2     3     4     5     8     6     7  
    3     4     5  
    4     5  
    5     8    10    11     6     7     9  
    8    10    11    13    15    18     6     7     9    12  
    7     9     8    10    11  
    9     8    10    11  
   10    11    13    15    18    20     9    12    14    16    17    19  
   12    10    11    13    15    18  
   11    13    15    18    20    21    33    12    16    17    19  
   13    15    18    20    12    14    16    17    19  
   14    16    17    13    15    18  
   15    18    14    16    17  
   15  
   18    20    21    33    16    17    19  
   17    19    18    20  
   19    18    20  
   20    21    23    24    32    33    19    22  
   20    21    33  
   21    23    24    25    30    32    33    22  
   23    24    25    32    33    22  
   23    24    33  
   24    25    26    29    32    33  
   25    26    29    30    32    33    27    28  
   26    29    30    32    33    27    28    31  
   29    30    33    27    28  
   28    29  
   29  
   30    32    33    31  
   32    33    31  
   32    33  
   33  
    0  
NBON
    1   2.1000   0.2000   1.1659   2.1070   1.8700   0.005000000   0.000000000
    2   1.6612   0.2100  -0.7761   1.6890   1.4900   0.001000000  -0.126889456
    3   1.6612   0.2100  -0.7761   1.6890   1.4900   0.001000000  -0.126889456
    4   1.6837   0.1700  -0.4954   1.7660   1.5600   0.020110767  -0.896042159
    5   1.9080   0.1094  -0.0069   1.9750   1.7500   0.005000000  -0.741685710
    6   1.3870   0.0157   0.0754   1.4250   1.2500   0.008598240   0.268726247
    7   1.3870   0.0157   0.0754   1.4250   1.2500   0.008598240   0.268726247
    8   1.9080   0.1094   0.1629   1.9750   1.7500   0.005000000  -0.741685710
    9   1.3870   0.0157   0.1176   1.4250   1.2500   0.008598240   0.268726247
   10   1.6837   0.1700  -0.3691   1.7660   1.5600   0.020110767  -0.896042159
   11   1.9080   0.1094   0.0713   1.9750   1.7500   0.005000000  -0.741685710
   12   1.3870   0.0157   0.0985   1.4250   1.2500   0.008598240   0.268726247
   13   1.7210   0.2104  -0.6549   1.7660   1.5600   0.021068034  -0.322181743
   14   0.0000   0.0000   0.4396   0.9960   0.8600   0.030040813  -0.651083722
   15   1.9080   0.1094  -0.0854   1.9750   1.7500   0.005000000  -0.741685710
   16   1.4870   0.0157   0.0718   1.4250   1.2500   0.008598240   0.268726247
   17   1.4870   0.0157   0.0718   1.4250   1.2500   0.008598240   0.268726247
   18   1.9080   0.1094   0.0431   1.9750   1.7500   0.005000000  -0.741685710
   19   1.2870   0.0157   0.1838   1.4250   1.2500   0.008598240   0.268726247
   20   1.8240   0.1700  -0.0268   1.8000   1.6000   0.001000000  -0.511443539
   21   1.9080   0.0860   0.1607   2.0020   1.7750   0.001000000  -0.843144165
   22   1.3590   0.0150   0.1877   1.3810   1.2100   0.030040813   0.268726247
   23   1.8240   0.1700  -0.6175   1.8000   1.6000   0.001000000  -0.511443539
   24   1.9080   0.0860   0.0725   2.5000   1.7750   0.001000000  -0.843144165
   25   1.9080   0.0860   0.6897   2.0020   1.7750   0.001000000  -0.843144165
   26   1.8240   0.1700  -0.9123   1.8650   1.6500   0.051222218  -2.220205820
   27   0.6000   0.0157   0.4167   0.9960   0.8600   0.030040813  -0.651083722
   28   0.6000   0.0157   0.4167   0.9960   0.8600   0.030040813  -0.651083722
   29   1.8240   0.1700  -0.7624   1.8000   1.6000   0.001000000  -0.511443539
   30   1.9080   0.0860   0.5716   2.0020   1.7750   0.001000000  -0.843144165
   31   1.3590   0.0150   0.0598   1.3810   1.2100   0.030040813   0.268726247
   32   1.8240   0.1700  -0.7417   1.8000   1.6000   0.001000000  -0.511443539
   33   1.9080   0.0860   0.3800   2.5000   1.7750   0.001000000  -0.843144165
BOND
    1     2   525.000  1.480
    1     3   525.000  1.480
    1     4   230.000  1.610
    4     5   320.000  1.410
    5     8   310.000  1.526
    5     6   340.000  1.090
    5     7   340.000  1.090
    8    10   320.000  1.410
    8    11   310.000  1.526
    8     9   340.000  1.090
   10    18   320.000  1.410
   18    15   310.000  1.526
   18    19   340.000  1.090
   18    20   337.000  1.475
   11    15   310.000  1.526
   11    13   320.000  1.410
   11    12   340.000  1.090
   15    16   340.000  1.090
   15    17   340.000  1.090
   13    14   553.000  0.960
   20    21   440.000  1.371
   20    33   436.000  1.374
   21    23   529.000  1.304
   21    22   367.000  1.080
   23    24   414.000  1.391
   24    25   469.000  1.404
   24    33   520.000  1.370
   25    26   481.000  1.340
   25    29   483.000  1.339
   26    27   434.000  1.010
   26    28   434.000  1.010
   29    30   502.000  1.324
   30    32   502.000  1.324
   30    31   367.000  1.080
   32    33   461.000  1.354
THET
    2     1     3   140.00000  119.90000
    2     1     4   100.00000  108.23000
    3     1     4   100.00000  108.23000
    1     4     5   100.00000  120.50000
    4     5     8    50.00000  109.50000
    4     5     6    50.00000  109.50000
    4     5     7    50.00000  109.50000
    8     5     6    50.00000  109.50000
    8     5     7    50.00000  109.50000
    6     5     7    35.00000  109.50000
    5     8    10    50.00000  109.50000
    5     8    11    40.00000  109.50000
    5     8     9    50.00000  109.50000
   10     8    11    50.00000  109.50000
   10     8     9    50.00000  109.50000
   11     8     9    50.00000  109.50000
    8    10    18    60.00000  109.50000
   10    18    15    50.00000  109.50000
   10    18    19    50.00000  109.50000
   10    18    20    50.00000  109.50000
   15    18    19    50.00000  109.50000
   15    18    20    50.00000  109.50000
   19    18    20    50.00000  109.50000
    8    11    15    40.00000  109.50000
    8    11    13    50.00000  109.50000
    8    11    12    50.00000  109.50000
   15    11    13    50.00000  109.50000
   15    11    12    50.00000  109.50000
   13    11    12    50.00000  109.50000
   18    15    11    40.00000  109.50000
   18    15    16    50.00000  109.50000
   18    15    17    50.00000  109.50000
   11    15    16    50.00000  109.50000
   11    15    17    50.00000  109.50000
   16    15    17    35.00000  109.50000
   11    13    14    55.00000  108.50000
   18    20    21    70.00000  128.80000
   18    20    33    70.00000  125.80000
   21    20    33    70.00000  105.40000
   20    21    23    70.00000  113.90000
   20    21    22    50.00000  123.05000
   23    21    22    50.00000  123.05000
   21    23    24    70.00000  103.80000
   23    24    25    70.00000  132.40000
   23    24    33    70.00000  110.40000
   25    24    33    63.00000  117.30000
   24    25    26    70.00000  123.50000
   24    25    29    70.00000  117.30000
   26    25    29    70.00000  119.30000
   25    26    27    50.00000  120.00000
   25    26    28    50.00000  120.00000
   27    26    28    35.00000  120.00000
   25    29    30    70.00000  118.60000
   29    30    32    70.00000  129.10000
   29    30    31    50.00000  115.45000
   32    30    31    50.00000  115.45000
   30    32    33    70.00000  111.00000
   20    33    24    70.00000  106.20000
   20    33    32    70.00000  126.20000
   24    33    32    70.00000  127.70000
PHI
    2     1     4     5   0.25000  1.0 3.0
    3     1     4     5   0.25000  1.0 3.0
    1     4     5     8   0.38300  1.0 3.0
    1     4     5     6   0.38300  1.0 3.0
    1     4     5     7   0.38300  1.0 3.0
    4     5     8    10   1.17500  1.0 2.0
    4     5     8    10   0.14400  1.0 3.0
    4     5     8    11   0.15600  1.0 3.0
    4     5     8     9   0.15600  1.0 3.0
    6     5     8    10   0.15600  1.0 3.0
    6     5     8    11   0.15600  1.0 3.0
    6     5     8     9   0.15600  1.0 3.0
    7     5     8    10   0.15600  1.0 3.0
    7     5     8    11   0.15600  1.0 3.0
    7     5     8     9   0.15600  1.0 3.0
    5     8    10    18   0.10000 -1.0 2.0
    5     8    10    18   0.38300  1.0 3.0
   11     8   -10    18   0.10000 -1.0 2.0
   11     8   -10    18   0.38300  1.0 3.0
    9     8    10    18   0.38300  1.0 3.0
    5     8    11    15   0.20000 -1.0 1.0
    5     8    11    15   0.25000 -1.0 2.0
    5     8    11    15   0.18000  1.0 3.0
    5     8    11    13   0.15600  1.0 3.0
    5     8    11    12   0.15600  1.0 3.0
   10     8   -11    15   0.15600  1.0 3.0
   10     8    11    13   1.17500  1.0 2.0
   10     8    11    13   0.14400  1.0 3.0
   10     8    11    12   0.15600  1.0 3.0
    9     8    11    15   0.15600  1.0 3.0
    9     8    11    13   0.15600  1.0 3.0
    9     8    11    12   0.15600  1.0 3.0
    8    10   -18    15   0.10000 -1.0 2.0
    8    10   -18    15   0.38300  1.0 3.0
    8    10    18    19   0.38300  1.0 3.0
    8    10    18    20   0.65000  1.0 2.0
    8    10    18    20   0.38300  1.0 3.0
   10    18   -15    11   0.15600  1.0 3.0
   10    18    15    16   0.25000  1.0 1.0
   10    18    15    16   0.15600  1.0 3.0
   10    18    15    17   0.25000  1.0 1.0
   10    18    15    17   0.15600  1.0 3.0
   19    18    15    11   0.15600  1.0 3.0
   19    18    15    16   0.15600  1.0 3.0
   19    18    15    17   0.15600  1.0 3.0
   20    18    15    11   0.15600  1.0 3.0
   20    18    15    16   0.15600  1.0 3.0
   20    18    15    17   0.15600  1.0 3.0
   10    18    20    21   2.50000  1.0 1.0
    8    11   -15    18   0.20000 -1.0 1.0
    8    11   -15    18   0.25000 -1.0 2.0
    8    11   -15    18   0.18000  1.0 3.0
    8    11    15    16   0.16000  1.0 3.0
    8    11    15    17   0.16000  1.0 3.0
   13    11    15    18   0.15600  1.0 3.0
   13    11    15    16   0.25000  1.0 1.0
   13    11    15    16   0.15600  1.0 3.0
   13    11    15    17   0.25000  1.0 1.0
   13    11    15    17   0.15600  1.0 3.0
   12    11    15    18   0.15600  1.0 3.0
   12    11    15    16   0.15600  1.0 3.0
   12    11    15    17   0.15600  1.0 3.0
    8    11    13    14   0.02500  1.0 1.0
    8    11    13    14   0.16000  1.0 3.0
   15    11    13    14   0.02500  1.0 1.0
   15    11    13    14   0.16000  1.0 3.0
   12    11    13    14   0.16700  1.0 3.0
   18    20    21    23   1.70000 -1.0 2.0
   18    20    21    22   1.70000 -1.0 2.0
   33    20   -21    23   1.70000 -1.0 2.0
   33    20    21    22   1.70000 -1.0 2.0
   18    20    33    24   1.65000 -1.0 2.0
   18    20    33    32   1.65000 -1.0 2.0
   21    20   -33    24   1.65000 -1.0 2.0
   21    20    33    32   1.65000 -1.0 2.0
   20    21   -23    24  10.00000 -1.0 2.0
   22    21    23    24  10.00000 -1.0 2.0
   21    23    24    25   2.55000 -1.0 2.0
   21    23   -24    33   2.55000 -1.0 2.0
   23    24    25    26   3.50000 -1.0 2.0
   23    24    25    29   3.50000 -1.0 2.0
   33    24    25    26   3.50000 -1.0 2.0
   33    24    25    29   3.50000 -1.0 2.0
   23    24   -33    20   5.45000 -1.0 2.0
   23    24    33    32   5.45000 -1.0 2.0
   25    24    33    20   5.45000 -1.0 2.0
   25    24    33    32   5.45000 -1.0 2.0
   24    25    26    27   2.40000 -1.0 2.0
   24    25    26    28   2.40000 -1.0 2.0
   29    25    26    27   2.40000 -1.0 2.0
   29    25    26    28   2.40000 -1.0 2.0
   24    25    29    30   4.80000 -1.0 2.0
   26    25    29    30   4.80000 -1.0 2.0
   25    29   -30    32   6.80000 -1.0 2.0
   25    29    30    31   6.80000 -1.0 2.0
   29    30   -32    33   6.80000 -1.0 2.0
   31    30    32    33   6.80000 -1.0 2.0
   30    32    33    20   4.15000 -1.0 2.0
   30    32   -33    24   4.15000 -1.0 2.0
IPHI
   21    33    20    18   1.00000 -1.0 2.0
   23    20    21    22   1.10000 -1.0 2.0
   24    29    25    26   1.10000 -1.0 2.0
   25    27    26    28   0.50000 -1.0 2.0
   25    28    26    27   0.50000 -1.0 2.0
   29    32    30    31   0.55000 -1.0 2.0
   32    29    30    31   0.55000 -1.0 2.0
END
