* LIGAND DATABASE FILE (AMBER99)
*
 DGB   31    33     58    104     195
    1     0 M   OH   _O5'     1    35.67220   115.42241  -133.39046
    2     1 S   HO   HO5'    31     0.96000   115.96767  -119.49226
    3     1 M   CT   _C5'     2     1.44012   120.11692    15.88560
    4     3 S   HC   _H5'    20     1.09000   109.49998   162.06225
    5     3 S   HC   H5''    21     1.09000   109.49994   -77.93767
    6     3 M   CT   _C4'     3     1.51596   110.03340    42.06225
    7     6 S   HC   _H4'    22     1.09000   109.49996   156.59217
    8     6 S   OS   _O4'     4     1.45721   108.85906   -86.26310
    9     6 M   CT   _C3'     5     1.52844   115.78109    30.88182
   10     9 M   OS   _O3'     6     1.42421   111.13285   158.27034
   11     9 S   HC   _H3'    23     1.09000   109.50003    42.84709
   12     9 S   CT   _C2'     7     1.52844   102.77798   -86.30636
   13    12 S   HC   _H2'    24     1.09000   109.50006    85.21340
   14    12 S   HC   H2''    25     1.09000   109.50000  -154.78670
   15     8 S   CO   _C1'     8     1.41968   110.07533   105.57162
   16    15 S   HC   _H1'    26     1.09000   109.49997   119.32392
   17    15 S   N*   _N9_     9     1.48966   108.05710  -127.21152
   18    17 S   CRAB _C8_    10     1.37768   129.21849    84.54272
   19    18 S   HA   _H8_    27     1.08000   119.99999     0.02798
   20    18 S   NNA  _N7_    11     1.31075   114.01580  -179.97202
   21    20 S   CB   _C5_    12     1.39406   103.77297    -0.00000
   22    21 S   C    _C6_    13     1.41872   130.10773  -179.97202
   23    22 S   O    _O6_    14     1.22770   128.81688     0.07913
   24    22 S   NNB  _N1_    15     1.40205   111.38707   179.98022
   25    24 S   H    _H1_    28     1.01000   119.99995  -179.96044
   26    24 S   CDX  _C2_    16     1.38134   125.24210     0.03956
   27    26 S   NND  _N2_    17     1.33494   116.01927  -179.97202
   28    27 S   H    _H21    29     1.01000   120.00001  -180.00000
   29    27 S   H    _H22    30     1.01000   120.00000     0.00000
   30    26 S   NNC  _N3_    18     1.33098   123.30456    -0.04423
   31    17 S   CN   _C4_    19     1.37835   125.59355   -95.44118
   8   4  10   5   4  11   6  11   8   5   4   7   4   3   8   3
   8   6   3   6   7   7   4   7   3   5   4   2   1   1   1
    3     6     8     9     4     5     7     2  
    3     4     5     6  
    6     8     9    10    12    15     4     5     7    11  
    5     7     6     8     9  
    7     6     8     9  
    8     9    10    12    15    17     7    11    13    14    16  
   11     8     9    10    12    15  
    9    10    12    15    17    18    31    11    13    14    16  
   10    12    15    17    11    13    14    16  
   12    15    11    13    14  
   13    14    12    15  
   15    17    18    31    13    14    16  
   14    16    15    17  
   16    15    17  
   17    18    20    21    30    31    16    19  
   17    18    31  
   18    20    21    22    26    30    31    19  
   20    21    22    30    31    19  
   20    21    31  
   21    22    23    24    30    31  
   22    23    24    26    30    31    25  
   23    24    26    27    30    31    25  
   24    26    31    25  
   26    27    30    31    25    28    29  
   26    27    30  
   27    30    31    28    29  
   30    31    28    29  
   29    30  
   30  
   31  
    0  
NBON
    1   1.7210   0.2104  -0.6318   1.7660   1.5600   0.021068034  -0.322181743
    2   0.0000   0.0000   0.4422   0.9960   0.8600   0.030040813  -0.651083722
    3   1.9080   0.1094  -0.0069   1.9750   1.7500   0.005000000  -0.741685710
    4   1.3870   0.0157   0.0754   1.4250   1.2500   0.008598240   0.268726247
    5   1.3870   0.0157   0.0754   1.4250   1.2500   0.008598240   0.268726247
    6   1.9080   0.1094   0.1629   1.9750   1.7500   0.005000000  -0.741685710
    7   1.3870   0.0157   0.1176   1.4250   1.2500   0.008598240   0.268726247
    8   1.6837   0.1700  -0.3691   1.7660   1.5600   0.020110767  -0.896042159
    9   1.9080   0.1094   0.0713   1.9750   1.7500   0.005000000  -0.741685710
   10   1.6837   0.1700  -0.5232   1.7660   1.5600   0.020110767  -0.896042159
   11   1.3870   0.0157   0.0985   1.4250   1.2500   0.008598240   0.268726247
   12   1.9080   0.1094  -0.0854   1.9750   1.7500   0.005000000  -0.741685710
   13   1.4870   0.0157   0.0718   1.4250   1.2500   0.008598240   0.268726247
   14   1.4870   0.0157   0.0718   1.4250   1.2500   0.008598240   0.268726247
   15   1.9080   0.1094   0.0358   1.9750   1.7500   0.005000000  -0.741685710
   16   1.2870   0.0157   0.1746   1.4250   1.2500   0.008598240   0.268726247
   17   1.8240   0.1700   0.0577   1.8000   1.6000   0.001000000  -0.511443539
   18   1.9080   0.0860   0.0736   2.0020   1.7750   0.001000000  -0.843144165
   19   1.3590   0.0150   0.1997   1.3810   1.2100   0.030040813   0.268726247
   20   1.8240   0.1700  -0.5725   1.8000   1.6000   0.001000000  -0.511443539
   21   1.9080   0.0860   0.1991   2.5000   1.7750   0.001000000  -0.843144165
   22   1.9080   0.0860   0.4918   1.9250   1.7000   0.001000000  -0.126889456
   23   1.6612   0.2100  -0.5699   1.5250   1.4250   0.001000000  -1.480495490
   24   1.8240   0.1700  -0.5053   2.1120   1.8750   0.051222218  -2.220205820
   25   0.6000   0.0157   0.3520   1.5900   1.4000   0.030040813  -0.651083722
   26   1.9080   0.0860   0.7432   2.1120   1.8750   0.001000000  -0.126889456
   27   1.8240   0.1700  -0.9230   2.1120   1.8750   0.051222218  -2.220205820
   28   0.6000   0.0157   0.4235   0.9960   0.8600   0.030040813  -0.651083722
   29   0.6000   0.0157   0.4235   0.9960   0.8600   0.030040813  -0.651083722
   30   1.8240   0.1700  -0.6636   1.9250   1.7000   0.054801302  -2.445846770
   31   1.9080   0.0860   0.1814   2.5000   1.7750   0.001000000  -0.843144165
BOND
    1     3   320.000  1.410
    1     2   553.000  0.960
    3     6   310.000  1.526
    3     4   340.000  1.090
    3     5   340.000  1.090
    6     8   320.000  1.410
    6     9   310.000  1.526
    6     7   340.000  1.090
    8    15   320.000  1.410
   15    12   310.000  1.526
   15    16   340.000  1.090
   15    17   337.000  1.475
    9    12   310.000  1.526
    9    10   320.000  1.410
    9    11   340.000  1.090
   12    13   340.000  1.090
   12    14   340.000  1.090
   17    18   440.000  1.371
   17    31   436.000  1.374
   18    20   529.000  1.304
   18    19   367.000  1.080
   20    21   414.000  1.391
   21    22   447.000  1.419
   21    31   520.000  1.370
   22    23   570.000  1.229
   22    24   418.000  1.388
   24    26   427.000  1.381
   24    25   434.000  1.010
   26    27   481.000  1.340
   26    30   483.000  1.339
   27    28   434.000  1.010
   27    29   434.000  1.010
   30    31   461.000  1.354
THET
    3     1     2    55.00000  108.50000
    1     3     6    50.00000  109.50000
    1     3     4    50.00000  109.50000
    1     3     5    50.00000  109.50000
    6     3     4    50.00000  109.50000
    6     3     5    50.00000  109.50000
    4     3     5    35.00000  109.50000
    3     6     8    50.00000  109.50000
    3     6     9    40.00000  109.50000
    3     6     7    50.00000  109.50000
    8     6     9    50.00000  109.50000
    8     6     7    50.00000  109.50000
    9     6     7    50.00000  109.50000
    6     8    15    60.00000  109.50000
    8    15    12    50.00000  109.50000
    8    15    16    50.00000  109.50000
    8    15    17    50.00000  109.50000
   12    15    16    50.00000  109.50000
   12    15    17    50.00000  109.50000
   16    15    17    50.00000  109.50000
    6     9    12    40.00000  109.50000
    6     9    10    50.00000  109.50000
    6     9    11    50.00000  109.50000
   12     9    10    50.00000  109.50000
   12     9    11    50.00000  109.50000
   10     9    11    50.00000  109.50000
   15    12     9    40.00000  109.50000
   15    12    13    50.00000  109.50000
   15    12    14    50.00000  109.50000
    9    12    13    50.00000  109.50000
    9    12    14    50.00000  109.50000
   13    12    14    35.00000  109.50000
   15    17    18    70.00000  128.80000
   15    17    31    70.00000  125.80000
   18    17    31    70.00000  105.40000
   17    18    20    70.00000  113.90000
   17    18    19    50.00000  123.05000
   20    18    19    50.00000  123.05000
   18    20    21    70.00000  103.80000
   20    21    22    70.00000  130.00000
   20    21    31    70.00000  110.40000
   22    21    31    63.00000  119.20000
   21    22    23    80.00000  128.80000
   21    22    24    70.00000  111.30000
   23    22    24    80.00000  120.60000
   22    24    26    70.00000  125.20000
   22    24    25    50.00000  116.80000
   26    24    25    50.00000  118.00000
   24    26    27    70.00000  116.00000
   24    26    30    70.00000  123.30000
   27    26    30    70.00000  119.30000
   26    27    28    50.00000  120.00000
   26    27    29    50.00000  120.00000
   28    27    29    35.00000  120.00000
   26    30    31    70.00000  112.20000
   17    31    21    70.00000  106.20000
   17    31    30    70.00000  126.20000
   21    31    30    70.00000  127.70000
PHI
    2     1     3     6   0.02500  1.0 1.0
    2     1     3     6   0.16000  1.0 3.0
    2     1     3     4   0.16700  1.0 3.0
    2     1     3     5   0.16700  1.0 3.0
    1     3     6     8   1.17500  1.0 2.0
    1     3     6     8   0.14400  1.0 3.0
    1     3     6     9   0.15600  1.0 3.0
    1     3     6     7   0.15600  1.0 3.0
    4     3     6     8   0.15600  1.0 3.0
    4     3     6     9   0.15600  1.0 3.0
    4     3     6     7   0.15600  1.0 3.0
    5     3     6     8   0.15600  1.0 3.0
    5     3     6     9   0.15600  1.0 3.0
    5     3     6     7   0.15600  1.0 3.0
    3     6     8    15   0.10000 -1.0 2.0
    3     6     8    15   0.38300  1.0 3.0
    9     6     8    15   0.10000 -1.0 2.0
    9     6     8    15   0.38300  1.0 3.0
    7     6     8    15   0.38300  1.0 3.0
    3     6     9    12   0.20000 -1.0 1.0
    3     6     9    12   0.25000 -1.0 2.0
    3     6     9    12   0.18000  1.0 3.0
    3     6     9    10   0.15600  1.0 3.0
    3     6     9    11   0.15600  1.0 3.0
    8     6     9    12   0.15600  1.0 3.0
    8     6     9    10   1.17500  1.0 2.0
    8     6     9    10   0.14400  1.0 3.0
    8     6     9    11   0.15600  1.0 3.0
    7     6     9    12   0.15600  1.0 3.0
    7     6     9    10   0.15600  1.0 3.0
    7     6     9    11   0.15600  1.0 3.0
    6     8    15    12   0.10000 -1.0 2.0
    6     8    15    12   0.38300  1.0 3.0
    6     8    15    16   0.38300  1.0 3.0
    6     8    15    17   0.65000  1.0 2.0
    6     8    15    17   0.38300  1.0 3.0
    8    15    12     9   0.15600  1.0 3.0
    8    15    12    13   0.25000  1.0 1.0
    8    15    12    13   0.15600  1.0 3.0
    8    15    12    14   0.25000  1.0 1.0
    8    15    12    14   0.15600  1.0 3.0
   16    15    12     9   0.15600  1.0 3.0
   16    15    12    13   0.15600  1.0 3.0
   16    15    12    14   0.15600  1.0 3.0
   17    15    12     9   0.15600  1.0 3.0
   17    15    12    13   0.15600  1.0 3.0
   17    15    12    14   0.15600  1.0 3.0
    8    15    17    18   2.50000  1.0 1.0
    6     9    12    15   0.20000 -1.0 1.0
    6     9    12    15   0.25000 -1.0 2.0
    6     9    12    15   0.18000  1.0 3.0
    6     9    12    13   0.16000  1.0 3.0
    6     9    12    14   0.16000  1.0 3.0
   10     9    12    15   0.15600  1.0 3.0
   10     9    12    13   0.25000  1.0 1.0
   10     9    12    13   0.15600  1.0 3.0
   10     9    12    14   0.25000  1.0 1.0
   10     9    12    14   0.15600  1.0 3.0
   11     9    12    15   0.15600  1.0 3.0
   11     9    12    13   0.15600  1.0 3.0
   11     9    12    14   0.15600  1.0 3.0
   15    17    18    20   1.70000 -1.0 2.0
   15    17    18    19   1.70000 -1.0 2.0
   31    17    18    20   1.70000 -1.0 2.0
   31    17    18    19   1.70000 -1.0 2.0
   15    17    31    21   1.65000 -1.0 2.0
   15    17    31    30   1.65000 -1.0 2.0
   18    17    31    21   1.65000 -1.0 2.0
   18    17    31    30   1.65000 -1.0 2.0
   17    18    20    21  10.00000 -1.0 2.0
   19    18    20    21  10.00000 -1.0 2.0
   18    20    21    22   2.55000 -1.0 2.0
   18    20    21    31   2.55000 -1.0 2.0
   20    21    22    23   3.00000 -1.0 2.0
   20    21    22    24   3.00000 -1.0 2.0
   31    21    22    23   3.00000 -1.0 2.0
   31    21    22    24   3.00000 -1.0 2.0
   20    21    31    17   5.45000 -1.0 2.0
   20    21    31    30   5.45000 -1.0 2.0
   22    21    31    17   5.45000 -1.0 2.0
   22    21    31    30   5.45000 -1.0 2.0
   21    22    24    26   1.35000 -1.0 2.0
   21    22    24    25   1.35000 -1.0 2.0
   23    22    24    26   1.35000 -1.0 2.0
   23    22    24    25   1.35000 -1.0 2.0
   22    24    26    27   1.50000 -1.0 2.0
   22    24   -26    30   1.50000 -1.0 2.0
   25    24    26    27   1.50000 -1.0 2.0
   25    24    26    30   1.50000 -1.0 2.0
   24    26    27    28   2.40000 -1.0 2.0
   24    26    27    29   2.40000 -1.0 2.0
   30    26    27    28   2.40000 -1.0 2.0
   30    26    27    29   2.40000 -1.0 2.0
   24    26   -30    31   4.80000 -1.0 2.0
   27    26    30    31   4.80000 -1.0 2.0
   26    30    31    17   4.15000 -1.0 2.0
   26    30   -31    21   4.15000 -1.0 2.0
IPHI
   18    31    17    15   1.00000 -1.0 2.0
   20    17    18    19   1.10000 -1.0 2.0
   21    24    22    23  10.50000 -1.0 2.0
   22    26    24    25   1.00000 -1.0 2.0
   24    30    26    27   1.10000 -1.0 2.0
   26    28    27    29   0.50000 -1.0 2.0
   26    29    27    28   0.50000 -1.0 2.0
END
