* LIGAND DATABASE FILE (OPLS2005)
*
GRW      27    28    44      71       0
    1     0 M   HC   _H4_     6   48.434375   38.062925   20.220253
    2     1 M   CT   _C6_     6    1.097015   68.529870  120.640161
    3     2 M   HC   _H7_     6    1.095831  107.322163   85.151639
    4     2 S   OS   _O1_     6    1.425501  111.866638 -155.409951
    5     4 S   CA   _C5_     6    1.388575  117.844968   59.973688
    6     5 S   CA   _C1_     6    1.408751  118.120084 -174.993195
    7     5 S   CA   _C4_     6    1.418080  124.992675    5.815539
    8     6 S   NB   _N1_     6    1.347083  124.574929 -177.334212
    9     6 S   NE   _N2_     6    1.385253  119.064522    1.911320
   10     7 S   CA   _C3_     6    1.410550  119.410460  178.272306
   11     7 S   HA   _H3_     6    1.078307  121.799909   -0.736734
   12     8 S   CA   _C2_     6    1.354124  117.551593   -2.077553
   13    10 S   HA   _H2_     6    1.084576  121.135834 -179.907809
   14     9 S    H   _H8_     6    1.025758  119.760601 -156.225916
   15     9 S    H   _H9_     6    1.011495  115.495295  -10.726595
   16    12 S   HA   _H1_     6    1.084308  116.843444 -179.779643
   17     2 S   CA   _G0_     6    1.099710  109.394580  -31.373684
   18    17 S   CA   _G1_     6    1.405012  120.012722   62.401505
   19    17 S   CA   _G5_     6    1.403752  120.036088 -117.535360
   20    18 S   CA   _G2_     6    1.403065  120.019088  179.996999
   21    18 S   HA   _G6_     6    1.104197  119.921362    0.052643
   22    19 S   CA   _G4_     6    1.403870  120.044577  179.950921
   23    19 S   HA   _G10     6    1.103918  119.963207    0.003243
   24    20 S   CA   _G3_     6    1.404422  119.999655    0.061793
   25    20 S   HA   _G7_     6    1.103805  120.002193 -179.992897
   26    22 S   HA   _G9_     6    1.103454  120.040116  179.982664
   27    24 S   HA   _G8_     6    1.104088  119.972372  179.958323
NBON
     1   2.5000   0.0300   0.030000   1.4250   1.2500   0.008598240   0.268726247
     2   3.5000   0.0660   0.181800   1.9750   1.7500   0.005000000  -0.741685710
     3   2.5000   0.0300   0.030000   1.4250   1.2500   0.008598240   0.268726247
     4   2.9000   0.1400  -0.300000   1.5900   1.4000   0.020110767  -0.896042159
     5   3.5500   0.0700  -0.192000   2.5000   1.7750   0.001000000  -0.843144165
     6   3.5500   0.0700   0.685000   2.5000   1.7750   0.001000000  -0.843144165
     7   3.5500   0.0700   0.227000   2.5000   1.7750   0.001000000  -0.843144165
     8   3.2500   0.1700  -0.678000   1.8100   1.6000   0.054801302  -1.445846770
     9   3.3000   0.1700  -0.920000   2.1120   1.8750   0.051222218  -2.220205820
    10   3.5500   0.0700  -0.447000   2.5000   1.7750   0.001000000  -0.843144165
    11   2.4200   0.0300   0.065000   1.3810   1.2100   0.030040813   0.268726247
    12   3.5500   0.0700   0.473000   2.5000   1.7750   0.001000000  -0.843144165
    13   2.4200   0.0300   0.155000   1.3810   1.2100   0.030040813   0.268726247
    14   0.5000   0.0300   0.360000   1.5900   1.4000   0.030040813  -0.651083722
    15   0.5000   0.0300   0.360000   1.5900   1.4000   0.030040813  -0.651083722
    16   2.4200   0.0300   0.012000   1.3810   1.2100   0.030040813   0.268726247
    17   2.2589   0.0700  -0.026600   2.5000   1.7750   0.001000000  -0.843144165
    18   2.2589   0.0700  -0.073185   2.5000   1.7750   0.001000000  -0.843144165
    19   2.2589   0.0700  -0.073185   2.5000   1.7750   0.001000000  -0.843144165
    20   2.2589   0.0700  -0.073185   2.5000   1.7750   0.001000000  -0.843144165
    21   1.5400   0.0300   0.073185   1.3810   1.2100   0.030040813   0.268726247
    22   2.2589   0.0700  -0.073185   2.5000   1.7750   0.001000000  -0.843144165
    23   1.5400   0.0300   0.073185   1.3810   1.2100   0.030040813   0.268726247
    24   2.2589   0.0700  -0.073185   2.5000   1.7750   0.001000000  -0.843144165
    25   1.5400   0.0300   0.073185   1.3810   1.2100   0.030040813   0.268726247
    26   1.5400   0.0300   0.073185   1.3810   1.2100   0.030040813   0.268726247
    27   1.5400   0.0300   0.073185   1.3810   1.2100   0.030040813   0.268726247
BOND
     2     1   340.000  1.090
     2     3   340.000  1.090
     2    17   317.000  1.357
     4     2   320.000  1.410
     5     4   450.000  1.364
     6     5   469.000  1.400
     6     8   483.000  1.339
     6     9   481.000  1.393
     7     5   469.000  1.400
     7    11   367.000  1.080
     8    12   483.000  1.339
     9    14   434.000  1.010
     9    15   434.000  1.010
    10     7   469.000  1.400
    10    13   367.000  1.080
    12    10   469.000  1.400
    12    16   367.000  1.080
    17    18   469.000  0.889
    17    19   469.000  0.889
    18    20   469.000  0.889
    18    21   367.000  0.686
    19    23   367.000  0.686
    20    24   469.000  0.889
    20    25   367.000  0.686
    22    19   469.000  0.889
    22    26   367.000  0.686
    24    22   469.000  0.889
    24    27   367.000  0.686
THET
     8     6     5    70.00000  124.00000
     8     6     9    80.00000  117.25000
     5     6     9    70.00000  120.10000
     6     8    12    70.00000  117.00000
     8    12    10    70.00000  124.00000
     8    12    16    35.00000  116.00000
    10    12    16    35.00000  120.00000
    12    10     7    63.00000  120.00000
    12    10    13    35.00000  120.00000
     7    10    13    35.00000  120.00000
    10     7     5    63.00000  120.00000
    10     7    11    35.00000  120.00000
     5     7    11    35.00000  120.00000
     6     5     7    63.00000  120.00000
     6     5     4    70.00000  120.00000
     7     5     4    70.00000  120.00000
     5     4     2    75.00000  111.00000
     4     2     1    35.00000  109.50000
     4     2     3    35.00000  109.50000
     4     2    17    85.00000  111.85700
     1     2     3    33.00000  107.80000
     1     2    17    35.00000  109.50000
     3     2    17    35.00000  109.50000
     6     9    14    35.00000  113.50000
     6     9    15    35.00000  113.50000
    14     9    15    35.00000  109.00000
     2    17    18    70.00000  120.00000
     2    17    19    70.00000  120.00000
    18    17    19    63.00000  120.00000
    17    18    20    63.00000  120.00000
    17    18    21    35.00000  120.00000
    20    18    21    35.00000  120.00000
    18    20    24    63.00000  120.00000
    18    20    25    35.00000  120.00000
    24    20    25    35.00000  120.00000
    20    24    22    63.00000  120.00000
    20    24    27    35.00000  120.00000
    22    24    27    35.00000  120.00000
    24    22    19    63.00000  120.00000
    24    22    26    35.00000  120.00000
    19    22    26    35.00000  120.00000
    17    19    22    63.00000  120.00000
    17    19    23    35.00000  120.00000
    22    19    23    35.00000  120.00000
PHI
    5     6     8    12   0.00000  1.0 1.0
    5     6     8    12   3.62500 -1.0 2.0
    5     6     8    12   0.00000  1.0 3.0
    5     6     8    12   0.00000 -1.0 4.0
    9     6     8    12   0.00000  1.0 1.0
    9     6     8    12   3.62500 -1.0 2.0
    9     6     8    12   0.00000  1.0 3.0
    9     6     8    12   0.00000 -1.0 4.0
    8     6     5     7   0.00000  1.0 1.0
    8     6     5     7   3.62500 -1.0 2.0
    8     6     5     7   0.00000  1.0 3.0
    8     6     5     7   0.00000 -1.0 4.0
    8     6     5     4   0.00000  1.0 1.0
    8     6     5     4   3.62500 -1.0 2.0
    8     6     5     4   0.00000  1.0 3.0
    8     6     5     4   0.00000 -1.0 4.0
    9     6     5     7   0.00000  1.0 1.0
    9     6     5     7   3.62500 -1.0 2.0
    9     6     5     7   0.00000  1.0 3.0
    9     6     5     7   0.00000 -1.0 4.0
    9     6     5     4   0.00000  1.0 1.0
    9     6     5     4   3.62500 -1.0 2.0
    9     6     5     4   0.00000  1.0 3.0
    9     6     5     4   0.00000 -1.0 4.0
    8     6     9    14   0.00000  1.0 1.0
    8     6     9    14   1.75000 -1.0 2.0
    8     6     9    14   0.00000  1.0 3.0
    8     6     9    14   0.00000 -1.0 4.0
    8     6     9    15   0.00000  1.0 1.0
    8     6     9    15   1.75000 -1.0 2.0
    8     6     9    15   0.00000  1.0 3.0
    8     6     9    15   0.00000 -1.0 4.0
    5     6     9    14   0.00000  1.0 1.0
    5     6     9    14   1.00000 -1.0 2.0
    5     6     9    14   0.00000  1.0 3.0
    5     6     9    14   0.00000 -1.0 4.0
    5     6     9    15   0.00000  1.0 1.0
    5     6     9    15   1.00000 -1.0 2.0
    5     6     9    15   0.00000  1.0 3.0
    5     6     9    15   0.00000 -1.0 4.0
    6     8    12    10   0.00000  1.0 1.0
    6     8    12    10   3.62500 -1.0 2.0
    6     8    12    10   0.00000  1.0 3.0
    6     8    12    10   0.00000 -1.0 4.0
    6     8    12    16   0.00000  1.0 1.0
    6     8    12    16   3.62500 -1.0 2.0
    6     8    12    16   0.00000  1.0 3.0
    6     8    12    16   0.00000 -1.0 4.0
    8    12   -10     7   0.00000  1.0 1.0
    8    12   -10     7   3.62500 -1.0 2.0
    8    12   -10     7   0.00000  1.0 3.0
    8    12   -10     7   0.00000 -1.0 4.0
    8    12    10    13   0.00000  1.0 1.0
    8    12    10    13   3.62500 -1.0 2.0
    8    12    10    13   0.00000  1.0 3.0
    8    12    10    13   0.00000 -1.0 4.0
   16    12    10     7   0.00000  1.0 1.0
   16    12    10     7   3.62500 -1.0 2.0
   16    12    10     7   0.00000  1.0 3.0
   16    12    10     7   0.00000 -1.0 4.0
   16    12    10    13   0.00000  1.0 1.0
   16    12    10    13   3.62500 -1.0 2.0
   16    12    10    13   0.00000  1.0 3.0
   16    12    10    13   0.00000 -1.0 4.0
   12    10    -7     5   0.00000  1.0 1.0
   12    10    -7     5   3.62500 -1.0 2.0
   12    10    -7     5   0.00000  1.0 3.0
   12    10    -7     5   0.00000 -1.0 4.0
   12    10     7    11   0.00000  1.0 1.0
   12    10     7    11   3.62500 -1.0 2.0
   12    10     7    11   0.00000  1.0 3.0
   12    10     7    11   0.00000 -1.0 4.0
   13    10     7     5   0.00000  1.0 1.0
   13    10     7     5   3.62500 -1.0 2.0
   13    10     7     5   0.00000  1.0 3.0
   13    10     7     5   0.00000 -1.0 4.0
   13    10     7    11   0.00000  1.0 1.0
   13    10     7    11   3.62500 -1.0 2.0
   13    10     7    11   0.00000  1.0 3.0
   13    10     7    11   0.00000 -1.0 4.0
   10     7    -5     6   0.00000  1.0 1.0
   10     7    -5     6   3.62500 -1.0 2.0
   10     7    -5     6   0.00000  1.0 3.0
   10     7    -5     6   0.00000 -1.0 4.0
   10     7     5     4   0.00000  1.0 1.0
   10     7     5     4   3.62500 -1.0 2.0
   10     7     5     4   0.00000  1.0 3.0
   10     7     5     4   0.00000 -1.0 4.0
   11     7     5     6   0.00000  1.0 1.0
   11     7     5     6   3.62500 -1.0 2.0
   11     7     5     6   0.00000  1.0 3.0
   11     7     5     6   0.00000 -1.0 4.0
   11     7     5     4   0.00000  1.0 1.0
   11     7     5     4   3.62500 -1.0 2.0
   11     7     5     4   0.00000  1.0 3.0
   11     7     5     4   0.00000 -1.0 4.0
    6     5     4     2   0.00000  1.0 1.0
    6     5     4     2   1.95800 -1.0 2.0
    6     5     4     2   0.00000  1.0 3.0
    6     5     4     2   0.00000 -1.0 4.0
    7     5     4     2   0.00000  1.0 1.0
    7     5     4     2   1.95800 -1.0 2.0
    7     5     4     2   0.00000  1.0 3.0
    7     5     4     2   0.00000 -1.0 4.0
    5     4     2     1   0.00000  1.0 1.0
    5     4     2     1   0.00000 -1.0 2.0
    5     4     2     1   0.08050  1.0 3.0
    5     4     2     1   0.00000 -1.0 4.0
    5     4     2     3   0.00000  1.0 1.0
    5     4     2     3   0.00000 -1.0 2.0
    5     4     2     3   0.08050  1.0 3.0
    5     4     2     3   0.00000 -1.0 4.0
    5     4     2    17  -0.50150  1.0 1.0
    5     4     2    17  -0.23050 -1.0 2.0
    5     4     2    17   0.70600  1.0 3.0
    5     4     2    17   0.00000 -1.0 4.0
    4     2    17    18   0.64500  1.0 1.0
    4     2    17    18   0.14800 -1.0 2.0
    4     2    17    18   0.20650  1.0 3.0
    4     2    17    18   0.00000 -1.0 4.0
    4     2    17    19   0.64500  1.0 1.0
    4     2    17    19   0.14800 -1.0 2.0
    4     2    17    19   0.20650  1.0 3.0
    4     2    17    19   0.00000 -1.0 4.0
    1     2    17    18   0.00000  1.0 1.0
    1     2    17    19   0.00000  1.0 1.0
    3     2    17    18   0.00000  1.0 1.0
    3     2    17    19   0.00000  1.0 1.0
    2    17    18    20   0.00000  1.0 1.0
    2    17    18    20   3.62500 -1.0 2.0
    2    17    18    20   0.00000  1.0 3.0
    2    17    18    20   0.00000 -1.0 4.0
    2    17    18    21   0.00000  1.0 1.0
    2    17    18    21   3.62500 -1.0 2.0
    2    17    18    21   0.00000  1.0 3.0
    2    17    18    21   0.00000 -1.0 4.0
   19    17    18    20   0.00000  1.0 1.0
   19    17    18    20   3.62500 -1.0 2.0
   19    17    18    20   0.00000  1.0 3.0
   19    17    18    20   0.00000 -1.0 4.0
   19    17    18    21   0.00000  1.0 1.0
   19    17    18    21   3.62500 -1.0 2.0
   19    17    18    21   0.00000  1.0 3.0
   19    17    18    21   0.00000 -1.0 4.0
    2    17    19    22   0.00000  1.0 1.0
    2    17    19    22   3.62500 -1.0 2.0
    2    17    19    22   0.00000  1.0 3.0
    2    17    19    22   0.00000 -1.0 4.0
    2    17    19    23   0.00000  1.0 1.0
    2    17    19    23   3.62500 -1.0 2.0
    2    17    19    23   0.00000  1.0 3.0
    2    17    19    23   0.00000 -1.0 4.0
   18    17    19    22   0.00000  1.0 1.0
   18    17    19    22   3.62500 -1.0 2.0
   18    17    19    22   0.00000  1.0 3.0
   18    17    19    22   0.00000 -1.0 4.0
   18    17    19    23   0.00000  1.0 1.0
   18    17    19    23   3.62500 -1.0 2.0
   18    17    19    23   0.00000  1.0 3.0
   18    17    19    23   0.00000 -1.0 4.0
   17    18    20    24   0.00000  1.0 1.0
   17    18    20    24   3.62500 -1.0 2.0
   17    18    20    24   0.00000  1.0 3.0
   17    18    20    24   0.00000 -1.0 4.0
   17    18    20    25   0.00000  1.0 1.0
   17    18    20    25   3.62500 -1.0 2.0
   17    18    20    25   0.00000  1.0 3.0
   17    18    20    25   0.00000 -1.0 4.0
   21    18    20    24   0.00000  1.0 1.0
   21    18    20    24   3.62500 -1.0 2.0
   21    18    20    24   0.00000  1.0 3.0
   21    18    20    24   0.00000 -1.0 4.0
   21    18    20    25   0.00000  1.0 1.0
   21    18    20    25   3.62500 -1.0 2.0
   21    18    20    25   0.00000  1.0 3.0
   21    18    20    25   0.00000 -1.0 4.0
   18    20   -24    22   0.00000  1.0 1.0
   18    20   -24    22   3.62500 -1.0 2.0
   18    20   -24    22   0.00000  1.0 3.0
   18    20   -24    22   0.00000 -1.0 4.0
   18    20    24    27   0.00000  1.0 1.0
   18    20    24    27   3.62500 -1.0 2.0
   18    20    24    27   0.00000  1.0 3.0
   18    20    24    27   0.00000 -1.0 4.0
   25    20    24    22   0.00000  1.0 1.0
   25    20    24    22   3.62500 -1.0 2.0
   25    20    24    22   0.00000  1.0 3.0
   25    20    24    22   0.00000 -1.0 4.0
   25    20    24    27   0.00000  1.0 1.0
   25    20    24    27   3.62500 -1.0 2.0
   25    20    24    27   0.00000  1.0 3.0
   25    20    24    27   0.00000 -1.0 4.0
   20    24   -22    19   0.00000  1.0 1.0
   20    24   -22    19   3.62500 -1.0 2.0
   20    24   -22    19   0.00000  1.0 3.0
   20    24   -22    19   0.00000 -1.0 4.0
   20    24    22    26   0.00000  1.0 1.0
   20    24    22    26   3.62500 -1.0 2.0
   20    24    22    26   0.00000  1.0 3.0
   20    24    22    26   0.00000 -1.0 4.0
   27    24    22    19   0.00000  1.0 1.0
   27    24    22    19   3.62500 -1.0 2.0
   27    24    22    19   0.00000  1.0 3.0
   27    24    22    19   0.00000 -1.0 4.0
   27    24    22    26   0.00000  1.0 1.0
   27    24    22    26   3.62500 -1.0 2.0
   27    24    22    26   0.00000  1.0 3.0
   27    24    22    26   0.00000 -1.0 4.0
   24    22   -19    17   0.00000  1.0 1.0
   24    22   -19    17   3.62500 -1.0 2.0
   24    22   -19    17   0.00000  1.0 3.0
   24    22   -19    17   0.00000 -1.0 4.0
   24    22    19    23   0.00000  1.0 1.0
   24    22    19    23   3.62500 -1.0 2.0
   24    22    19    23   0.00000  1.0 3.0
   24    22    19    23   0.00000 -1.0 4.0
   26    22    19    17   0.00000  1.0 1.0
   26    22    19    17   3.62500 -1.0 2.0
   26    22    19    17   0.00000  1.0 3.0
   26    22    19    17   0.00000 -1.0 4.0
   26    22    19    23   0.00000  1.0 1.0
   26    22    19    23   3.62500 -1.0 2.0
   26    22    19    23   0.00000  1.0 3.0
   26    22    19    23   0.00000 -1.0 4.0
IPHI
     5     9     6     8   4.00000 -1.0 2.0
    10    16    12     8   1.10000 -1.0 2.0
     7    13    10    12   1.10000 -1.0 2.0
     5    11     7    10   1.10000 -1.0 2.0
     7     4     5     6   4.00000 -1.0 2.0
    15     6     9    14   1.00000 -1.0 2.0
    18    19    17     2   4.00000 -1.0 2.0
    20    21    18    17   1.10000 -1.0 2.0
    24    25    20    18   1.10000 -1.0 2.0
    22    27    24    20   1.10000 -1.0 2.0
    19    26    22    24   1.10000 -1.0 2.0
    22    23    19    17   1.10000 -1.0 2.0
END