* LIGAND DATABASE FILE (OPLS2005)
*
GRW      27    28    44      71       0
    1     0 M   HC   _H4_     6   49.796058   37.564767   19.472237
    2     1 M   CT   _C6_     6    1.089916   54.074417  127.324313
    3     2 M   HC   _H5_     6    1.090455  109.266200  -21.425431
    4     2 S   OS   _O1_     6    1.421068  111.862128 -145.468309
    5     4 S   CA   _C5_     6    1.381629  118.324720   63.103733
    6     5 S   CA   _C1_     6    1.404945  118.081225  174.204552
    7     5 S   CA   _C4_     6    1.413112  124.934507   -6.037976
    8     6 S   NB   _N1_     6    1.342807  124.796410  179.277844
    9     6 S   NE   _N2_     6    1.381365  118.746898   -0.223874
   10     7 S   CA   _C3_     6    1.404125  119.096806  179.438483
   11     7 S   HA   _H3_     6    1.077013  121.732317   -0.406220
   12     8 S   CA   _C2_     6    1.348790  117.275800    1.619700
   13    10 S   HA   _H2_     6    1.079752  120.735376 -179.732127
   14     9 S    H   _H8_     6    1.009607  117.948976    5.633736
   15     9 S    H   _H9_     6    1.019448  122.984915  169.217645
   16    12 S   HA   _H1_     6    1.078860  116.501356  178.604788
   17     2 S   CA   _G0_     6    1.096309  107.126880   94.741178
   18    17 S   CA   _G1_     6    1.405214  120.045654  174.329356
   19    17 S   CA   _G5_     6    1.405023  120.043871   -5.711997
   20    18 S   CA   _G2_     6    1.403361  120.020672  179.949436
   21    18 S   HA   _G6_     6    1.103574  119.920740   -0.041570
   22    19 S   CA   _G4_     6    1.404026  120.038408 -179.949452
   23    19 S   HA   _G10     6    1.104068  119.939768   -0.003831
   24    20 S   CA   _G3_     6    1.403717  120.051315    0.024748
   25    20 S   HA   _G7_     6    1.104068  119.991344  179.954854
   26    22 S   HA   _G9_     6    1.103887  119.978827  179.999701
   27    24 S   HA   _G8_     6    1.103988  120.034226  179.945839
NBON
     1   2.5000   0.0300   0.030000   1.4250   1.2500   0.008598240   0.268726247
     2   3.5000   0.0660   0.181800   1.9750   1.7500   0.005000000  -0.741685710
     3   2.5000   0.0300   0.030000   1.4250   1.2500   0.008598240   0.268726247
     4   2.9000   0.1400  -0.300000   1.5900   1.4000   0.020110767  -0.896042159
     5   3.5500   0.0700  -0.192000   2.5000   1.7750   0.001000000  -0.843144165
     6   3.5500   0.0700   0.685000   2.5000   1.7750   0.001000000  -0.843144165
     7   3.5500   0.0700   0.227000   2.5000   1.7750   0.001000000  -0.843144165
     8   3.2500   0.1700  -0.678000   1.8100   1.6000   0.054801302  -1.445846770
     9   3.3000   0.1700  -0.920000   2.1120   1.8750   0.051222218  -2.220205820
    10   3.5500   0.0700  -0.447000   2.5000   1.7750   0.001000000  -0.843144165
    11   2.4200   0.0300   0.065000   1.3810   1.2100   0.030040813   0.268726247
    12   3.5500   0.0700   0.473000   2.5000   1.7750   0.001000000  -0.843144165
    13   2.4200   0.0300   0.155000   1.3810   1.2100   0.030040813   0.268726247
    14   0.5000   0.0300   0.360000   1.5900   1.4000   0.030040813  -0.651083722
    15   0.5000   0.0300   0.360000   1.5900   1.4000   0.030040813  -0.651083722
    16   2.4200   0.0300   0.012000   1.3810   1.2100   0.030040813   0.268726247
    17   1.1834   0.0700  -0.013934   2.5000   1.7750   0.001000000  -0.843144165
    18   1.1834   0.0700  -0.038334   2.5000   1.7750   0.001000000  -0.843144165
    19   1.1834   0.0700  -0.038334   2.5000   1.7750   0.001000000  -0.843144165
    20   1.1834   0.0700  -0.038334   2.5000   1.7750   0.001000000  -0.843144165
    21   0.8066   0.0300   0.038334   1.3810   1.2100   0.030040813   0.268726247
    22   1.1834   0.0700  -0.038334   2.5000   1.7750   0.001000000  -0.843144165
    23   0.8066   0.0300   0.038334   1.3810   1.2100   0.030040813   0.268726247
    24   1.1834   0.0700  -0.038334   2.5000   1.7750   0.001000000  -0.843144165
    25   0.8066   0.0300   0.038334   1.3810   1.2100   0.030040813   0.268726247
    26   0.8066   0.0300   0.038334   1.3810   1.2100   0.030040813   0.268726247
    27   0.8066   0.0300   0.038334   1.3810   1.2100   0.030040813   0.268726247
BOND
     2     1   340.000  1.090
     2     3   340.000  1.090
     2    17   317.000  1.230
     4     2   320.000  1.410
     5     4   450.000  1.364
     6     5   469.000  1.400
     6     8   483.000  1.339
     6     9   481.000  1.393
     7     5   469.000  1.400
     7    11   367.000  1.080
     8    12   483.000  1.339
     9    14   434.000  1.010
     9    15   434.000  1.010
    10     7   469.000  1.400
    10    13   367.000  1.080
    12    10   469.000  1.400
    12    16   367.000  1.080
    17    18   469.000  0.466
    17    19   469.000  0.466
    18    20   469.000  0.466
    18    21   367.000  0.360
    19    23   367.000  0.360
    20    24   469.000  0.466
    20    25   367.000  0.360
    22    19   469.000  0.466
    22    26   367.000  0.360
    24    22   469.000  0.466
    24    27   367.000  0.360
THET
     8     6     5    70.00000  124.00000
     8     6     9    80.00000  117.25000
     5     6     9    70.00000  120.10000
     6     8    12    70.00000  117.00000
     8    12    10    70.00000  124.00000
     8    12    16    35.00000  116.00000
    10    12    16    35.00000  120.00000
    12    10     7    63.00000  120.00000
    12    10    13    35.00000  120.00000
     7    10    13    35.00000  120.00000
    10     7     5    63.00000  120.00000
    10     7    11    35.00000  120.00000
     5     7    11    35.00000  120.00000
     6     5     7    63.00000  120.00000
     6     5     4    70.00000  120.00000
     7     5     4    70.00000  120.00000
     5     4     2    75.00000  111.00000
     4     2     1    35.00000  109.50000
     4     2     3    35.00000  109.50000
     4     2    17    85.00000  111.85700
     1     2     3    33.00000  107.80000
     1     2    17    35.00000  109.50000
     3     2    17    35.00000  109.50000
     6     9    14    35.00000  113.50000
     6     9    15    35.00000  113.50000
    14     9    15    35.00000  109.00000
     2    17    18    70.00000  120.00000
     2    17    19    70.00000  120.00000
    18    17    19    63.00000  120.00000
    17    18    20    63.00000  120.00000
    17    18    21    35.00000  120.00000
    20    18    21    35.00000  120.00000
    18    20    24    63.00000  120.00000
    18    20    25    35.00000  120.00000
    24    20    25    35.00000  120.00000
    20    24    22    63.00000  120.00000
    20    24    27    35.00000  120.00000
    22    24    27    35.00000  120.00000
    24    22    19    63.00000  120.00000
    24    22    26    35.00000  120.00000
    19    22    26    35.00000  120.00000
    17    19    22    63.00000  120.00000
    17    19    23    35.00000  120.00000
    22    19    23    35.00000  120.00000
PHI
    5     6     8    12   0.00000  1.0 1.0
    5     6     8    12   3.62500 -1.0 2.0
    5     6     8    12   0.00000  1.0 3.0
    5     6     8    12   0.00000 -1.0 4.0
    9     6     8    12   0.00000  1.0 1.0
    9     6     8    12   3.62500 -1.0 2.0
    9     6     8    12   0.00000  1.0 3.0
    9     6     8    12   0.00000 -1.0 4.0
    8     6     5     7   0.00000  1.0 1.0
    8     6     5     7   3.62500 -1.0 2.0
    8     6     5     7   0.00000  1.0 3.0
    8     6     5     7   0.00000 -1.0 4.0
    8     6     5     4   0.00000  1.0 1.0
    8     6     5     4   3.62500 -1.0 2.0
    8     6     5     4   0.00000  1.0 3.0
    8     6     5     4   0.00000 -1.0 4.0
    9     6     5     7   0.00000  1.0 1.0
    9     6     5     7   3.62500 -1.0 2.0
    9     6     5     7   0.00000  1.0 3.0
    9     6     5     7   0.00000 -1.0 4.0
    9     6     5     4   0.00000  1.0 1.0
    9     6     5     4   3.62500 -1.0 2.0
    9     6     5     4   0.00000  1.0 3.0
    9     6     5     4   0.00000 -1.0 4.0
    8     6     9    14   0.00000  1.0 1.0
    8     6     9    14   1.75000 -1.0 2.0
    8     6     9    14   0.00000  1.0 3.0
    8     6     9    14   0.00000 -1.0 4.0
    8     6     9    15   0.00000  1.0 1.0
    8     6     9    15   1.75000 -1.0 2.0
    8     6     9    15   0.00000  1.0 3.0
    8     6     9    15   0.00000 -1.0 4.0
    5     6     9    14   0.00000  1.0 1.0
    5     6     9    14   1.00000 -1.0 2.0
    5     6     9    14   0.00000  1.0 3.0
    5     6     9    14   0.00000 -1.0 4.0
    5     6     9    15   0.00000  1.0 1.0
    5     6     9    15   1.00000 -1.0 2.0
    5     6     9    15   0.00000  1.0 3.0
    5     6     9    15   0.00000 -1.0 4.0
    6     8    12    10   0.00000  1.0 1.0
    6     8    12    10   3.62500 -1.0 2.0
    6     8    12    10   0.00000  1.0 3.0
    6     8    12    10   0.00000 -1.0 4.0
    6     8    12    16   0.00000  1.0 1.0
    6     8    12    16   3.62500 -1.0 2.0
    6     8    12    16   0.00000  1.0 3.0
    6     8    12    16   0.00000 -1.0 4.0
    8    12   -10     7   0.00000  1.0 1.0
    8    12   -10     7   3.62500 -1.0 2.0
    8    12   -10     7   0.00000  1.0 3.0
    8    12   -10     7   0.00000 -1.0 4.0
    8    12    10    13   0.00000  1.0 1.0
    8    12    10    13   3.62500 -1.0 2.0
    8    12    10    13   0.00000  1.0 3.0
    8    12    10    13   0.00000 -1.0 4.0
   16    12    10     7   0.00000  1.0 1.0
   16    12    10     7   3.62500 -1.0 2.0
   16    12    10     7   0.00000  1.0 3.0
   16    12    10     7   0.00000 -1.0 4.0
   16    12    10    13   0.00000  1.0 1.0
   16    12    10    13   3.62500 -1.0 2.0
   16    12    10    13   0.00000  1.0 3.0
   16    12    10    13   0.00000 -1.0 4.0
   12    10    -7     5   0.00000  1.0 1.0
   12    10    -7     5   3.62500 -1.0 2.0
   12    10    -7     5   0.00000  1.0 3.0
   12    10    -7     5   0.00000 -1.0 4.0
   12    10     7    11   0.00000  1.0 1.0
   12    10     7    11   3.62500 -1.0 2.0
   12    10     7    11   0.00000  1.0 3.0
   12    10     7    11   0.00000 -1.0 4.0
   13    10     7     5   0.00000  1.0 1.0
   13    10     7     5   3.62500 -1.0 2.0
   13    10     7     5   0.00000  1.0 3.0
   13    10     7     5   0.00000 -1.0 4.0
   13    10     7    11   0.00000  1.0 1.0
   13    10     7    11   3.62500 -1.0 2.0
   13    10     7    11   0.00000  1.0 3.0
   13    10     7    11   0.00000 -1.0 4.0
   10     7    -5     6   0.00000  1.0 1.0
   10     7    -5     6   3.62500 -1.0 2.0
   10     7    -5     6   0.00000  1.0 3.0
   10     7    -5     6   0.00000 -1.0 4.0
   10     7     5     4   0.00000  1.0 1.0
   10     7     5     4   3.62500 -1.0 2.0
   10     7     5     4   0.00000  1.0 3.0
   10     7     5     4   0.00000 -1.0 4.0
   11     7     5     6   0.00000  1.0 1.0
   11     7     5     6   3.62500 -1.0 2.0
   11     7     5     6   0.00000  1.0 3.0
   11     7     5     6   0.00000 -1.0 4.0
   11     7     5     4   0.00000  1.0 1.0
   11     7     5     4   3.62500 -1.0 2.0
   11     7     5     4   0.00000  1.0 3.0
   11     7     5     4   0.00000 -1.0 4.0
    6     5     4     2   0.00000  1.0 1.0
    6     5     4     2   1.95800 -1.0 2.0
    6     5     4     2   0.00000  1.0 3.0
    6     5     4     2   0.00000 -1.0 4.0
    7     5     4     2   0.00000  1.0 1.0
    7     5     4     2   1.95800 -1.0 2.0
    7     5     4     2   0.00000  1.0 3.0
    7     5     4     2   0.00000 -1.0 4.0
    5     4     2     1   0.00000  1.0 1.0
    5     4     2     1   0.00000 -1.0 2.0
    5     4     2     1   0.08050  1.0 3.0
    5     4     2     1   0.00000 -1.0 4.0
    5     4     2     3   0.00000  1.0 1.0
    5     4     2     3   0.00000 -1.0 2.0
    5     4     2     3   0.08050  1.0 3.0
    5     4     2     3   0.00000 -1.0 4.0
    5     4     2    17  -0.50150  1.0 1.0
    5     4     2    17  -0.23050 -1.0 2.0
    5     4     2    17   0.70600  1.0 3.0
    5     4     2    17   0.00000 -1.0 4.0
    4     2    17    18   0.64500  1.0 1.0
    4     2    17    18   0.14800 -1.0 2.0
    4     2    17    18   0.20650  1.0 3.0
    4     2    17    18   0.00000 -1.0 4.0
    4     2    17    19   0.64500  1.0 1.0
    4     2    17    19   0.14800 -1.0 2.0
    4     2    17    19   0.20650  1.0 3.0
    4     2    17    19   0.00000 -1.0 4.0
    1     2    17    18   0.00000  1.0 1.0
    1     2    17    19   0.00000  1.0 1.0
    3     2    17    18   0.00000  1.0 1.0
    3     2    17    19   0.00000  1.0 1.0
    2    17    18    20   0.00000  1.0 1.0
    2    17    18    20   3.62500 -1.0 2.0
    2    17    18    20   0.00000  1.0 3.0
    2    17    18    20   0.00000 -1.0 4.0
    2    17    18    21   0.00000  1.0 1.0
    2    17    18    21   3.62500 -1.0 2.0
    2    17    18    21   0.00000  1.0 3.0
    2    17    18    21   0.00000 -1.0 4.0
   19    17    18    20   0.00000  1.0 1.0
   19    17    18    20   3.62500 -1.0 2.0
   19    17    18    20   0.00000  1.0 3.0
   19    17    18    20   0.00000 -1.0 4.0
   19    17    18    21   0.00000  1.0 1.0
   19    17    18    21   3.62500 -1.0 2.0
   19    17    18    21   0.00000  1.0 3.0
   19    17    18    21   0.00000 -1.0 4.0
    2    17    19    22   0.00000  1.0 1.0
    2    17    19    22   3.62500 -1.0 2.0
    2    17    19    22   0.00000  1.0 3.0
    2    17    19    22   0.00000 -1.0 4.0
    2    17    19    23   0.00000  1.0 1.0
    2    17    19    23   3.62500 -1.0 2.0
    2    17    19    23   0.00000  1.0 3.0
    2    17    19    23   0.00000 -1.0 4.0
   18    17    19    22   0.00000  1.0 1.0
   18    17    19    22   3.62500 -1.0 2.0
   18    17    19    22   0.00000  1.0 3.0
   18    17    19    22   0.00000 -1.0 4.0
   18    17    19    23   0.00000  1.0 1.0
   18    17    19    23   3.62500 -1.0 2.0
   18    17    19    23   0.00000  1.0 3.0
   18    17    19    23   0.00000 -1.0 4.0
   17    18    20    24   0.00000  1.0 1.0
   17    18    20    24   3.62500 -1.0 2.0
   17    18    20    24   0.00000  1.0 3.0
   17    18    20    24   0.00000 -1.0 4.0
   17    18    20    25   0.00000  1.0 1.0
   17    18    20    25   3.62500 -1.0 2.0
   17    18    20    25   0.00000  1.0 3.0
   17    18    20    25   0.00000 -1.0 4.0
   21    18    20    24   0.00000  1.0 1.0
   21    18    20    24   3.62500 -1.0 2.0
   21    18    20    24   0.00000  1.0 3.0
   21    18    20    24   0.00000 -1.0 4.0
   21    18    20    25   0.00000  1.0 1.0
   21    18    20    25   3.62500 -1.0 2.0
   21    18    20    25   0.00000  1.0 3.0
   21    18    20    25   0.00000 -1.0 4.0
   18    20   -24    22   0.00000  1.0 1.0
   18    20   -24    22   3.62500 -1.0 2.0
   18    20   -24    22   0.00000  1.0 3.0
   18    20   -24    22   0.00000 -1.0 4.0
   18    20    24    27   0.00000  1.0 1.0
   18    20    24    27   3.62500 -1.0 2.0
   18    20    24    27   0.00000  1.0 3.0
   18    20    24    27   0.00000 -1.0 4.0
   25    20    24    22   0.00000  1.0 1.0
   25    20    24    22   3.62500 -1.0 2.0
   25    20    24    22   0.00000  1.0 3.0
   25    20    24    22   0.00000 -1.0 4.0
   25    20    24    27   0.00000  1.0 1.0
   25    20    24    27   3.62500 -1.0 2.0
   25    20    24    27   0.00000  1.0 3.0
   25    20    24    27   0.00000 -1.0 4.0
   20    24   -22    19   0.00000  1.0 1.0
   20    24   -22    19   3.62500 -1.0 2.0
   20    24   -22    19   0.00000  1.0 3.0
   20    24   -22    19   0.00000 -1.0 4.0
   20    24    22    26   0.00000  1.0 1.0
   20    24    22    26   3.62500 -1.0 2.0
   20    24    22    26   0.00000  1.0 3.0
   20    24    22    26   0.00000 -1.0 4.0
   27    24    22    19   0.00000  1.0 1.0
   27    24    22    19   3.62500 -1.0 2.0
   27    24    22    19   0.00000  1.0 3.0
   27    24    22    19   0.00000 -1.0 4.0
   27    24    22    26   0.00000  1.0 1.0
   27    24    22    26   3.62500 -1.0 2.0
   27    24    22    26   0.00000  1.0 3.0
   27    24    22    26   0.00000 -1.0 4.0
   24    22   -19    17   0.00000  1.0 1.0
   24    22   -19    17   3.62500 -1.0 2.0
   24    22   -19    17   0.00000  1.0 3.0
   24    22   -19    17   0.00000 -1.0 4.0
   24    22    19    23   0.00000  1.0 1.0
   24    22    19    23   3.62500 -1.0 2.0
   24    22    19    23   0.00000  1.0 3.0
   24    22    19    23   0.00000 -1.0 4.0
   26    22    19    17   0.00000  1.0 1.0
   26    22    19    17   3.62500 -1.0 2.0
   26    22    19    17   0.00000  1.0 3.0
   26    22    19    17   0.00000 -1.0 4.0
   26    22    19    23   0.00000  1.0 1.0
   26    22    19    23   3.62500 -1.0 2.0
   26    22    19    23   0.00000  1.0 3.0
   26    22    19    23   0.00000 -1.0 4.0
IPHI
     5     9     6     8   4.00000 -1.0 2.0
    10    16    12     8   1.10000 -1.0 2.0
     7    13    10    12   1.10000 -1.0 2.0
     5    11     7    10   1.10000 -1.0 2.0
     7     4     5     6   4.00000 -1.0 2.0
    15     6     9    14   1.00000 -1.0 2.0
    18    19    17     2   4.00000 -1.0 2.0
    20    21    18    17   1.10000 -1.0 2.0
    24    25    20    18   1.10000 -1.0 2.0
    22    27    24    20   1.10000 -1.0 2.0
    19    26    22    24   1.10000 -1.0 2.0
    22    23    19    17   1.10000 -1.0 2.0
END