* LIGAND DATABASE FILE (OPLS2005)
*
LIG      17    17    26      35       0
    1     0 M   NB   _N1_     6   50.875668   36.099172   28.655997
    2     1 M   CA   _C1_     6    1.342807   74.586880 -137.429485
    3     2 M   CA   _C5_     6    1.404945  124.796410   71.432991
    4     1 M   CA   _C2_     6    1.348790   79.986420  -15.329116
    5     4 M   CA   _C3_     6    1.403707  123.226785  -68.224315
    6     4 M   HA   _H1_     6    1.078860  116.501356  111.851538
    7     5 M   CA   _C4_     6    1.404125  118.596365    0.236122
    8     5 M   HA   _H2_     6    1.079752  120.664969 -179.108799
    9     7 M   HA   _H3_     6    1.077013  119.170698 -179.227837
   10     3 S   OS   _O1_     6    1.381629  118.081225  179.277844
   11    10 S   CT   _C6_     6    1.421068  118.324720  174.204552
   12    11 S   HC   _H4_     6    1.089916  111.862128   63.103733
   13    11 S   HC   _H5_     6    1.090455  111.566936  -59.639904
   14    11 S   HC   _H7_     6    1.090322  109.345856 -178.394390
   15     2 S   NE   _N2_     6    1.381365  116.454949 -109.054976
   16    15 S    H   _H8_     6    1.009607  117.948976 -173.909224
   17    15 S    H   _H9_     6    1.019448  122.984915  -10.325315
NBON
     1   3.2500   0.1700  -0.678000   1.8100   1.6000   0.054801302  -1.445846770
     2   3.5500   0.0700   0.685000   2.5000   1.7750   0.001000000  -0.843144165
     3   3.5500   0.0700  -0.192000   2.5000   1.7750   0.001000000  -0.843144165
     4   3.5500   0.0700   0.473000   2.5000   1.7750   0.001000000  -0.843144165
     5   3.5500   0.0700  -0.447000   2.5000   1.7750   0.001000000  -0.843144165
     6   2.4200   0.0300   0.012000   1.3810   1.2100   0.030040813   0.268726247
     7   3.5500   0.0700   0.227000   2.5000   1.7750   0.001000000  -0.843144165
     8   2.4200   0.0300   0.155000   1.3810   1.2100   0.030040813   0.268726247
     9   2.4200   0.0300   0.065000   1.3810   1.2100   0.030040813   0.268726247
    10   2.9000   0.1400  -0.300000   1.5900   1.4000   0.020110767  -0.896042159
    11   3.5000   0.0660   0.110000   1.9750   1.7500   0.005000000  -0.741685710
    12   2.5000   0.0300   0.030000   1.4250   1.2500   0.008598240   0.268726247
    13   2.5000   0.0300   0.030000   1.4250   1.2500   0.008598240   0.268726247
    14   2.5000   0.0300   0.030000   1.4250   1.2500   0.008598240   0.268726247
    15   3.3000   0.1700  -0.920000   2.1120   1.8750   0.051222218  -2.220205820
    16   0.5000   0.0300   0.360000   1.5900   1.4000   0.030040813  -0.651083722
    17   0.5000   0.0300   0.360000   1.5900   1.4000   0.030040813  -0.651083722
BOND
     2     1   483.000  1.339
     2     3   469.000  1.400
     2    15   481.000  1.393
     1     4   483.000  1.339
     4     5   469.000  1.400
     4     6   367.000  1.080
     5     7   469.000  1.400
     5     8   367.000  1.080
     7     3   469.000  1.400
     7     9   367.000  1.080
     3    10   450.000  1.364
    10    11   320.000  1.410
    11    12   340.000  1.090
    11    13   340.000  1.090
    11    14   340.000  1.090
    15    16   434.000  1.010
    15    17   434.000  1.010
THET
     1     2     3    70.00000  124.00000
     1     2    15    80.00000  117.25000
     3     2    15    70.00000  120.10000
     2     1     4    70.00000  117.00000
     1     4     5    70.00000  124.00000
     1     4     6    35.00000  116.00000
     5     4     6    35.00000  120.00000
     4     5     7    63.00000  120.00000
     4     5     8    35.00000  120.00000
     7     5     8    35.00000  120.00000
     5     7     3    63.00000  120.00000
     5     7     9    35.00000  120.00000
     3     7     9    35.00000  120.00000
     2     3     7    63.00000  120.00000
     2     3    10    70.00000  120.00000
     7     3    10    70.00000  120.00000
     3    10    11    75.00000  111.00000
    10    11    12    35.00000  109.50000
    10    11    13    35.00000  109.50000
    10    11    14    35.00000  109.50000
    12    11    13    33.00000  107.80000
    12    11    14    33.00000  107.80000
    13    11    14    33.00000  107.80000
     2    15    16    35.00000  113.50000
     2    15    17    35.00000  113.50000
    16    15    17    35.00000  109.00000
PHI
    3     2     1     4   0.00000  1.0 1.0
    3     2     1     4   3.62500 -1.0 2.0
    3     2     1     4   0.00000  1.0 3.0
    3     2     1     4   0.00000 -1.0 4.0
   15     2     1     4   0.00000  1.0 1.0
   15     2     1     4   3.62500 -1.0 2.0
   15     2     1     4   0.00000  1.0 3.0
   15     2     1     4   0.00000 -1.0 4.0
    1     2     3     7   0.00000  1.0 1.0
    1     2     3     7   3.62500 -1.0 2.0
    1     2     3     7   0.00000  1.0 3.0
    1     2     3     7   0.00000 -1.0 4.0
    1     2     3    10   0.00000  1.0 1.0
    1     2     3    10   3.62500 -1.0 2.0
    1     2     3    10   0.00000  1.0 3.0
    1     2     3    10   0.00000 -1.0 4.0
   15     2     3     7   0.00000  1.0 1.0
   15     2     3     7   3.62500 -1.0 2.0
   15     2     3     7   0.00000  1.0 3.0
   15     2     3     7   0.00000 -1.0 4.0
   15     2     3    10   0.00000  1.0 1.0
   15     2     3    10   3.62500 -1.0 2.0
   15     2     3    10   0.00000  1.0 3.0
   15     2     3    10   0.00000 -1.0 4.0
    1     2    15    16   0.00000  1.0 1.0
    1     2    15    16   1.75000 -1.0 2.0
    1     2    15    16   0.00000  1.0 3.0
    1     2    15    16   0.00000 -1.0 4.0
    1     2    15    17   0.00000  1.0 1.0
    1     2    15    17   1.75000 -1.0 2.0
    1     2    15    17   0.00000  1.0 3.0
    1     2    15    17   0.00000 -1.0 4.0
    3     2    15    16   0.00000  1.0 1.0
    3     2    15    16   1.00000 -1.0 2.0
    3     2    15    16   0.00000  1.0 3.0
    3     2    15    16   0.00000 -1.0 4.0
    3     2    15    17   0.00000  1.0 1.0
    3     2    15    17   1.00000 -1.0 2.0
    3     2    15    17   0.00000  1.0 3.0
    3     2    15    17   0.00000 -1.0 4.0
    2     1     4     5   0.00000  1.0 1.0
    2     1     4     5   3.62500 -1.0 2.0
    2     1     4     5   0.00000  1.0 3.0
    2     1     4     5   0.00000 -1.0 4.0
    2     1     4     6   0.00000  1.0 1.0
    2     1     4     6   3.62500 -1.0 2.0
    2     1     4     6   0.00000  1.0 3.0
    2     1     4     6   0.00000 -1.0 4.0
    1     4    -5     7   0.00000  1.0 1.0
    1     4    -5     7   3.62500 -1.0 2.0
    1     4    -5     7   0.00000  1.0 3.0
    1     4    -5     7   0.00000 -1.0 4.0
    1     4     5     8   0.00000  1.0 1.0
    1     4     5     8   3.62500 -1.0 2.0
    1     4     5     8   0.00000  1.0 3.0
    1     4     5     8   0.00000 -1.0 4.0
    6     4     5     7   0.00000  1.0 1.0
    6     4     5     7   3.62500 -1.0 2.0
    6     4     5     7   0.00000  1.0 3.0
    6     4     5     7   0.00000 -1.0 4.0
    6     4     5     8   0.00000  1.0 1.0
    6     4     5     8   3.62500 -1.0 2.0
    6     4     5     8   0.00000  1.0 3.0
    6     4     5     8   0.00000 -1.0 4.0
    4     5    -7     3   0.00000  1.0 1.0
    4     5    -7     3   3.62500 -1.0 2.0
    4     5    -7     3   0.00000  1.0 3.0
    4     5    -7     3   0.00000 -1.0 4.0
    4     5     7     9   0.00000  1.0 1.0
    4     5     7     9   3.62500 -1.0 2.0
    4     5     7     9   0.00000  1.0 3.0
    4     5     7     9   0.00000 -1.0 4.0
    8     5     7     3   0.00000  1.0 1.0
    8     5     7     3   3.62500 -1.0 2.0
    8     5     7     3   0.00000  1.0 3.0
    8     5     7     3   0.00000 -1.0 4.0
    8     5     7     9   0.00000  1.0 1.0
    8     5     7     9   3.62500 -1.0 2.0
    8     5     7     9   0.00000  1.0 3.0
    8     5     7     9   0.00000 -1.0 4.0
    5     7    -3     2   0.00000  1.0 1.0
    5     7    -3     2   3.62500 -1.0 2.0
    5     7    -3     2   0.00000  1.0 3.0
    5     7    -3     2   0.00000 -1.0 4.0
    5     7     3    10   0.00000  1.0 1.0
    5     7     3    10   3.62500 -1.0 2.0
    5     7     3    10   0.00000  1.0 3.0
    5     7     3    10   0.00000 -1.0 4.0
    9     7     3     2   0.00000  1.0 1.0
    9     7     3     2   3.62500 -1.0 2.0
    9     7     3     2   0.00000  1.0 3.0
    9     7     3     2   0.00000 -1.0 4.0
    9     7     3    10   0.00000  1.0 1.0
    9     7     3    10   3.62500 -1.0 2.0
    9     7     3    10   0.00000  1.0 3.0
    9     7     3    10   0.00000 -1.0 4.0
    2     3    10    11   0.00000  1.0 1.0
    2     3    10    11   1.95800 -1.0 2.0
    2     3    10    11   0.00000  1.0 3.0
    2     3    10    11   0.00000 -1.0 4.0
    7     3    10    11   0.00000  1.0 1.0
    7     3    10    11   1.95800 -1.0 2.0
    7     3    10    11   0.00000  1.0 3.0
    7     3    10    11   0.00000 -1.0 4.0
    3    10    11    12   0.00000  1.0 1.0
    3    10    11    12   0.00000 -1.0 2.0
    3    10    11    12   0.08050  1.0 3.0
    3    10    11    12   0.00000 -1.0 4.0
    3    10    11    13   0.00000  1.0 1.0
    3    10    11    13   0.00000 -1.0 2.0
    3    10    11    13   0.08050  1.0 3.0
    3    10    11    13   0.00000 -1.0 4.0
    3    10    11    14   0.00000  1.0 1.0
    3    10    11    14   0.00000 -1.0 2.0
    3    10    11    14   0.08050  1.0 3.0
    3    10    11    14   0.00000 -1.0 4.0
IPHI
     3    15     2     1   4.00000 -1.0 2.0
     5     6     4     1   1.10000 -1.0 2.0
     7     8     5     4   1.10000 -1.0 2.0
     3     9     7     5   1.10000 -1.0 2.0
     7    10     3     2   4.00000 -1.0 2.0
    17     2    15    16   1.00000 -1.0 2.0
END