* LIGAND DATABASE FILE (OPLS2005)
*
 DAB     30    32     56     90     158
    1     0 M   OH   _O5'     1     6.83329   139.50851   179.31729
    2     1 S   HO   HO5'    30     0.96000   124.63967   -86.55614
    3     1 M   CT   _C5'     2     1.44008    67.31834    12.12834
    4     3 S   HC   _H5'    19     1.09000   109.49998   179.63203
    5     3 S   HC   H5''    20     1.09000   109.50003   -60.36766
    6     3 M   CT   _C4'     3     1.51591   110.03987    59.63236
    7     6 S   HC   _H4'    21     1.09000   109.50002   156.58994
    8     6 S   OS   _O4'     4     1.45718   108.86294   -86.25984
    9     6 M   CT   _C3'     5     1.52844   115.78355    30.89042
   10     9 M   OS   _O3'     6     1.42405   111.13321   158.26572
   11     9 S   HC   _H3'    22     1.09000   109.50001    42.83406
   12     9 S   CT   _C2'     7     1.52843   102.77607   -86.30260
   13    12 S   HC   _H2'    23     1.09000   109.49998    85.20481
   14    12 S   HC   H2''    24     1.09000   109.50005  -154.79517
   15     8 S   CO   _C1'     8     1.41965   110.07493   105.57160
   16    15 S   HC   _H1'    25     1.09000   109.50002   119.32193
   17    15 S   N*   _N9_     9     1.48969   108.06219  -127.21103
   18    17 S   CRAB _C8_    10     1.37682   129.02737    84.49971
   19    18 S   HA   _H8_    26     1.08000   119.99999    -0.01978
   20    18 S   NNA  _N7_    11     1.29710   113.92663   179.98022
   21    20 S   C56B _C5_    12     1.38815   104.00039     0.05595
   22    21 S   CA   _C6_    13     1.40327   132.41603   179.98022
   23    22 S   NND  _N6_    14     1.34109   123.51826    -0.02798
   24    23 S   H    _H61    27     1.01000   120.00002   180.00000
   25    23 S   H    _H62    28     1.01000   120.00000    -0.00000
   26    22 S   NB   _N1_    15     1.34567   117.42845  -179.98022
   27    26 S   CQ   _C2_    16     1.33170   118.79970    -0.04423
   28    27 S   HA   _H2_    29     1.08000   119.99996  -179.94766
   29    27 S   NB   _N3_    17     1.31561   129.16740     0.04846
   30    17 S   C56A _C4_    18     1.37022   125.97447   -95.41644
   8   4  10   5   4  11   6  11   8   5   4   7   4   3   8   3
   8   6   3   6   8   8   5   2   1   4   3   2   1   1
    3     6     8     9     4     5     7     2  
    3     4     5     6  
    6     8     9    10    12    15     4     5     7    11  
    5     7     6     8     9  
    7     6     8     9  
    8     9    10    12    15    17     7    11    13    14    16  
   11     8     9    10    12    15  
    9    10    12    15    17    18    30    11    13    14    16  
   10    12    15    17    11    13    14    16  
   12    15    11    13    14  
   13    14    12    15  
   15    17    18    30    13    14    16  
   14    16    15    17  
   16    15    17  
   17    18    20    21    29    30    16    19  
   17    18    30  
   18    20    21    22    27    29    30    19  
   20    21    22    29    30    19  
   20    21    30  
   21    22    23    26    29    30  
   22    23    26    27    29    30    24    25  
   23    26    27    29    30    24    25    28  
   26    27    30    24    25  
   25    26  
   26  
   27    29    30    28  
   29    30    28  
   29    30  
   30  
    0  
NBON
    1   3.1200   0.1700  -0.683000   1.7660   1.5600   0.021068034  -0.322181743
    2   0.5000   0.0300   0.418000   0.9960   0.8600   0.030040813  -0.651083722
    3   3.5000   0.0660   0.145000   1.9750   1.7500   0.005000000  -0.741685710
    4   2.5000   0.0300   0.060000   1.4250   1.2500   0.008598240   0.268726247
    5   2.5000   0.0300   0.060000   1.4250   1.2500   0.008598240   0.268726247
    6   3.5000   0.0660   0.170000   1.9750   1.7500   0.005000000  -0.741685710
    7   2.5000   0.0300   0.030000   1.4250   1.2500   0.008598240   0.268726247
    8   2.9000   0.1400  -0.400000   1.7660   1.5600   0.020110767  -0.896042159
    9   3.5000   0.0660   0.140000   1.9750   1.7500   0.005000000  -0.741685710
   10   2.8500   0.1400  -0.610000   1.7660   1.5600   0.020110767  -0.896042159
   11   2.5000   0.0300   0.060000   1.4250   1.2500   0.008598240   0.268726247
   12   3.5000   0.0660  -0.120000   1.9750   1.7500   0.005000000  -0.741685710
   13   2.5000   0.0300   0.060000   1.4250   1.2500   0.008598240   0.268726247
   14   2.5000   0.0300   0.060000   1.4250   1.2500   0.008598240   0.268726247
   15   3.5000   0.0660   0.450000   1.9750   1.7500   0.005000000  -0.741685710
   16   2.5000   0.0500   0.100000   1.4250   1.2500   0.008598240   0.268726247
   17   3.2500   0.1700  -0.500000   1.8000   1.6000   0.001000000  -0.511443539
   18   3.5000   0.0800   0.200000   2.0020   1.7750   0.001000000  -0.843144165
   19   2.5000   0.0500   0.200000   1.3810   1.2100   0.030040813   0.268726247
   20   3.2500   0.1700  -0.490000   1.8000   1.6000   0.001000000  -0.511443539
   21   3.5000   0.0800   0.150000   2.5000   1.7750   0.001000000  -0.843144165
   22   3.5000   0.0800   0.440000   2.0020   1.7750   0.001000000  -0.843144165
   23   3.2500   0.1700  -0.810000   1.8650   1.6500   0.051222218  -2.220205820
   24   0.5000   0.0300   0.370000   0.9960   0.8600   0.030040813  -0.651083722
   25   0.5000   0.0300   0.370000   0.9960   0.8600   0.030040813  -0.651083722
   26   3.2500   0.1700  -0.530000   1.8000   1.6000   0.001000000  -0.511443539
   27   3.5000   0.0800   0.220000   2.0020   1.7750   0.001000000  -0.843144165
   28   2.5000   0.0500   0.200000   1.3810   1.2100   0.030040813   0.268726247
   29   3.2500   0.1700  -0.550000   1.8000   1.6000   0.001000000  -0.511443539
   30   3.5000   0.0800   0.380000   2.5000   1.7750   0.001000000  -0.843144165
BOND
    1     3   320.000  1.410
    1     2   553.000  0.945
    3     6   268.000  1.529
    3     4   340.000  1.090
    3     5   340.000  1.090
    6     8   320.000  1.410
    6     9   268.000  1.529
    6     7   340.000  1.090
    8    15   320.000  1.380
    9    10   320.000  1.410
    9    12   268.000  1.529
    9    11   340.000  1.090
   12    15   250.000  1.527
   12    13   340.000  1.090
   12    14   340.000  1.090
   15    17   275.000  1.479
   15    16   340.000  1.090
   17    18   440.000  1.371
   17    30   436.000  1.374
   18    20   529.000  1.304
   18    19   367.000  1.080
   20    21   414.000  1.391
   21    22   469.000  1.404
   21    30   447.000  1.419
   22    23   481.000  1.340
   22    26   483.000  1.339
   23    24   434.000  1.010
   23    25   434.000  1.010
   26    27   502.000  1.324
   27    29   502.000  1.324
   27    28   367.000  1.080
   29    30   461.000  1.354
THET
    1     3     6    50.00000  109.50000
    1     3     4    35.00000  109.50000
    1     3     5    35.00000  109.50000
    3     6     8    50.00000  109.50000
    3     6     9    58.35000  112.70000
    3     6     7    37.50000  110.70000
    6     8    15    60.00000  109.50000
    6     9    10    50.00000  109.50000
    6     9    12    58.35000  112.70000
    6     9    11    37.50000  110.70000
    8    15    12    90.00000  108.56700
    8    15    17   105.00000  106.22000
    8    15    16    35.00000  109.50000
    9     6     8    50.00000  109.50000
    9    12    15    75.00000  109.43000
    9    12    13    37.50000  110.70000
    9    12    14    37.50000  110.70000
   12     9    10    50.00000  109.50000
   12    15    17    75.00000  107.44000
   12    15    16    45.00000  112.01100
   15    17    18    70.00000  128.80000
   15    17    30    70.00000  125.80000
   17    18    20    70.00000  113.90000
   17    18    19    35.00000  123.05000
   17    30    21    70.00000  106.20000
   17    30    29    70.00000  126.20000
   18    20    21    70.00000  103.80000
   20    21    22    70.00000  132.40000
   20    21    30    70.00000  110.40000
   21    22    23    70.00000  123.50000
   21    22    26    70.00000  117.30000
   21    30    29    70.00000  127.70000
   22    23    24    35.00000  120.00000
   22    23    25    35.00000  120.00000
   22    26    27    70.00000  118.60000
   26    22    23    70.00000  119.30000
   26    27    29    70.00000  129.10000
   26    27    28    35.00000  115.45000
   27    29    30    70.00000  111.00000
   30    17    18    70.00000  105.40000
   30    21    22    85.00000  116.20000
    4     3     6    37.50000  110.70000
    5     3     6    37.50000  110.70000
    5     3     4    33.00000  107.80000
    7     6     8    35.00000  109.50000
    7     6     9    37.50000  110.70000
   11     9    10    35.00000  109.50000
   11     9    12    37.50000  110.70000
   13    12    15    45.00000  108.72000
   14    12    15    45.00000  108.72000
   14    12    13    33.00000  107.80000
   16    15    17    55.00000  103.44000
   19    18    20    35.00000  123.05000
   25    23    24    35.00000  120.00000
   28    27    29    35.00000  115.45000
    2     1     3    55.00000  108.50000
PHI
    1     3     6     8   3.69350  1.0 1.0
    1     3     6     8  -1.82950 -1.0 2.0
    1     3     6     9   0.86500  1.0 1.0
    1     3     6     9  -0.17500 -1.0 2.0
    1     3     6     9   0.20800  1.0 3.0
    1     3     6     7   0.23400  1.0 3.0
    3     6     8    15   0.06250  1.0 1.0
    3     6     8    15  -0.01100 -1.0 2.0
    3     6     8    15   0.28050  1.0 3.0
    3     6     9    10   0.62750  1.0 1.0
    3     6     9    10  -0.30950 -1.0 2.0
    3     6     9    10   0.27300  1.0 3.0
    3     6     9    12   0.56750  1.0 1.0
    3     6     9    12  -0.07550 -1.0 2.0
    3     6     9    12   0.20000  1.0 3.0
    3     6     9    11   0.15000  1.0 3.0
    6     8   -15    12   0.06250  1.0 1.0
    6     8   -15    12  -0.01100 -1.0 2.0
    6     8   -15    12   0.28050  1.0 3.0
    6     8    15    17  -2.37750  1.0 1.0
    6     8    15    17  -0.08150 -1.0 2.0
    6     8    15    17   0.59000  1.0 3.0
    6     8    15    16   0.37050  1.0 3.0
    6     9   -12    15   3.97050  1.0 1.0
    6     9    12    13   0.15000  1.0 3.0
    6     9    12    14   0.15000  1.0 3.0
    8     6     9    10   1.11900  1.0 1.0
    8     6     9    10  -1.16350 -1.0 2.0
    8     6     9    10  -0.34150  1.0 3.0
    8     6    -9    12   0.62750  1.0 1.0
    8     6    -9    12  -0.30950 -1.0 2.0
    8     6    -9    12   0.27300  1.0 3.0
    8     6     9    11   0.23400  1.0 3.0
    8    15    17    18   0.10350  1.0 1.0
    8    15    17    18  -0.15350 -1.0 2.0
    8    15    17    30   0.10350  1.0 1.0
    8    15    17    30  -0.15350 -1.0 2.0
    9     6    -8    15   0.06250  1.0 1.0
    9     6    -8    15  -0.01100 -1.0 2.0
    9     6    -8    15   0.28050  1.0 3.0
    9    12   -15     8   0.62750  1.0 1.0
    9    12   -15     8  -0.30950 -1.0 2.0
    9    12   -15     8   0.27300  1.0 3.0
    9    12    15    17  -0.64600  1.0 1.0
    9    12    15    17   0.58400 -1.0 2.0
    9    12    15    16   0.15000  1.0 3.0
   10     9    12    15   0.62750  1.0 1.0
   10     9    12    15  -0.30950 -1.0 2.0
   10     9    12    15   0.27300  1.0 3.0
   10     9    12    13   0.23400  1.0 3.0
   10     9    12    14   0.23400  1.0 3.0
   12    15    17    18   1.10250  1.0 1.0
   12    15    17    18   0.01650 -1.0 2.0
   12    15    17    18   0.39100  1.0 3.0
   12    15    17    30   1.10250  1.0 1.0
   12    15    17    30   0.01650 -1.0 2.0
   12    15    17    30   0.39100  1.0 3.0
   15    17    18    20   3.62500 -1.0 2.0
   15    17    18    19   3.62500 -1.0 2.0
   15    17    30    21   0.81400  1.0 1.0
   15    17    30    21   1.55550 -1.0 2.0
   15    17    30    29   3.62500 -1.0 2.0
   17    18   -20    21   3.62500 -1.0 2.0
   18    17   -30    21   0.70250  1.0 1.0
   18    17   -30    21   1.56150 -1.0 2.0
   18    17    30    29   3.62500 -1.0 2.0
   18    20    21    22   3.62500 -1.0 2.0
   18    20   -21    30   3.62500 -1.0 2.0
   20    21    22    23   3.62500 -1.0 2.0
   20    21    22    26   3.62500 -1.0 2.0
   20    21   -30    17   3.62500 -1.0 2.0
   20    21    30    29   3.62500 -1.0 2.0
   21    22    23    24   0.70000 -1.0 2.0
   21    22    23    25   0.70000 -1.0 2.0
   21    22   -26    27   3.62500 -1.0 2.0
   22    21    30    17   3.00000 -1.0 2.0
   22    21   -30    29   3.62500 -1.0 2.0
   22    26    27    29   3.62500 -1.0 2.0
   22    26    27    28   3.62500 -1.0 2.0
   23    22    26    27   3.62500 -1.0 2.0
   26    22    23    24   0.70000 -1.0 2.0
   26    22    23    25   0.70000 -1.0 2.0
   26    27    29    30   3.62500 -1.0 2.0
   27    29    30    17   3.62500 -1.0 2.0
   27    29    30    21   3.62500 -1.0 2.0
   30    17   -18    20   3.62500 -1.0 2.0
   30    17    18    19   3.62500 -1.0 2.0
   30    21    22    23   3.62500 -1.0 2.0
   30    21   -22    26   3.62500 -1.0 2.0
    4     3     6     8   0.23400  1.0 3.0
    4     3     6     9   0.15000  1.0 3.0
    4     3     6     7   0.15000  1.0 3.0
    5     3     6     8   0.23400  1.0 3.0
    5     3     6     9   0.15000  1.0 3.0
    5     3     6     7   0.15000  1.0 3.0
    7     6     8    15   0.37050  1.0 3.0
    7     6     9    10   0.23400  1.0 3.0
    7     6     9    12   0.15000  1.0 3.0
    7     6     9    11   0.15000  1.0 3.0
   11     9    12    15   0.15000  1.0 3.0
   11     9    12    13   0.15000  1.0 3.0
   11     9    12    14   0.15000  1.0 3.0
   13    12    15     8   0.23400  1.0 3.0
   13    12    15    17   0.15000  1.0 3.0
   13    12    15    16   0.15000  1.0 3.0
   14    12    15     8   0.23400  1.0 3.0
   14    12    15    17   0.15000  1.0 3.0
   14    12    15    16   0.15000  1.0 3.0
   16    15    17    18   0.00000  1.0 1.0
   16    15    17    30   0.00000  1.0 1.0
   19    18    20    21   3.62500 -1.0 2.0
   28    27    29    30   3.62500 -1.0 2.0
    2     1     3     6  -0.11600  1.0 1.0
    2     1     3     6  -0.09450 -1.0 2.0
    2     1     3     6   0.21250  1.0 3.0
    2     1     3     4   0.19450  1.0 3.0
    2     1     3     5   0.19450  1.0 3.0
IPHI
   18    30    17    15   4.00000 -1.0 2.0
   20    19    18    17   1.10000 -1.0 2.0
   22    30    21    20   4.00000 -1.0 2.0
   23    26    22    21   4.00000 -1.0 2.0
   25    22    23    24   1.00000 -1.0 2.0
   29    28    27    26   1.10000 -1.0 2.0
   21    29    30    17   4.00000 -1.0 2.0
END
