* LIGAND DATABASE FILE (OPLS2005)
*
 DCB     28    29     51     81     147
    1     0 M   OH   _O5'     1    20.82880   122.79786  -134.16495
    2     1 S   HO   HO5'    28     0.96000   103.71701  -115.19795
    3     1 M   CT   _C5'     2     1.44011    70.56709    -9.04218
    4     3 S   HC   _H5'    17     1.09000   109.50004  -158.15304
    5     3 S   HC   H5''    18     1.09000   109.49997   -38.15303
    6     3 M   CT   _C4'     3     1.51604   110.03761    81.84693
    7     6 S   HC   _H4'    19     1.09000   109.50000   156.58649
    8     6 S   OS   _O4'     4     1.45716   108.85567   -86.26590
    9     6 M   CT   _C3'     5     1.52843   115.77736    30.88171
   10     9 M   OS   _O3'     6     1.42421   111.12628   158.27133
   11     9 S   HC   _H3'    20     1.09000   109.50004    42.84802
   12     9 S   CT   _C2'     7     1.52848   102.77564   -86.30540
   13    12 S   HC   _H2'    21     1.09000   109.50003    85.21272
   14    12 S   HC   H2''    22     1.09000   109.50010  -154.78722
   15     8 S   CO   _C1'     8     1.41971   110.07364   105.57358
   16    15 S   HC   _H1'    23     1.09000   109.50000   119.31031
   17    15 S   N*   _N1_     9     1.48964   108.06020  -127.21198
   18    17 S   C    _C2_    10     1.39236   117.78951   -95.44463
   19    18 S   O    _O2_    11     1.23776   118.82323     0.00000
   20    18 S   NNC  _N3_    12     1.35768   118.71114   179.98022
   21    20 S   CDX  _C4_    13     1.33865   120.61030    -0.03956
   22    21 S   NND  _N4_    14     1.32460   118.32241  -180.00000
   23    22 S   H    _H41    24     1.01000   119.99996  -179.97202
   24    22 S   H    _H42    25     1.01000   119.99998    -0.00000
   25    21 S   CM   _C5_    15     1.43309   121.58263     0.01978
   26    25 S   HC   _H5_    26     1.08000   120.00001  -179.98022
   27    17 S   CNA  _C6_    16     1.35943   121.07521    84.53902
   28    27 S   HC   _H6_    27     1.08000   119.99998     0.03426
   8   4  10   5   4  11   6  11   8   5   4   7   4   3   8   3
   8   7   3   7   7   5   2   1   3   2   1   1
    3     6     8     9     4     5     7     2  
    3     4     5     6  
    6     8     9    10    12    15     4     5     7    11  
    5     7     6     8     9  
    7     6     8     9  
    8     9    10    12    15    17     7    11    13    14    16  
   11     8     9    10    12    15  
    9    10    12    15    17    18    27    11    13    14    16  
   10    12    15    17    11    13    14    16  
   12    15    11    13    14  
   13    14    12    15  
   15    17    18    27    13    14    16  
   14    16    15    17  
   16    15    17  
   17    18    19    20    25    27    16    28  
   17    18    27  
   18    19    20    21    25    27    26    28  
   19    20    21    22    25    27    28  
   20    21    27  
   21    22    25    27    23    24    26  
   22    25    27    23    24    26    28  
   25    27    23    24    26  
   24    25  
   25  
   27    26    28  
   28    27  
   28  
    0  
NBON
    1   3.1200   0.1700  -0.683000   1.7660   1.5600   0.021068034  -0.322181743
    2   0.5000   0.0300   0.418000   0.9960   0.8600   0.030040813  -0.651083722
    3   3.5000   0.0660   0.145000   1.9750   1.7500   0.005000000  -0.741685710
    4   2.5000   0.0300   0.060000   1.4250   1.2500   0.008598240   0.268726247
    5   2.5000   0.0300   0.060000   1.4250   1.2500   0.008598240   0.268726247
    6   3.5000   0.0660   0.170000   1.9750   1.7500   0.005000000  -0.741685710
    7   2.5000   0.0300   0.030000   1.4250   1.2500   0.008598240   0.268726247
    8   2.9000   0.1400  -0.400000   1.7660   1.5600   0.020110767  -0.896042159
    9   3.5000   0.0660   0.140000   1.9750   1.7500   0.005000000  -0.741685710
   10   2.8500   0.1400  -0.610000   1.7660   1.5600   0.020110767  -0.896042159
   11   2.5000   0.0300   0.060000   1.4250   1.2500   0.008598240   0.268726247
   12   3.5000   0.0660  -0.120000   1.9750   1.7500   0.005000000  -0.741685710
   13   2.5000   0.0300   0.060000   1.4250   1.2500   0.008598240   0.268726247
   14   2.5000   0.0300   0.060000   1.4250   1.2500   0.008598240   0.268726247
   15   3.5000   0.0660   0.480000   1.9750   1.7500   0.005000000  -0.741685710
   16   2.5000   0.0500   0.100000   1.3810   1.2100   0.008598240   0.268726247
   17   3.2500   0.1700  -0.560000   1.8100   1.6000   0.054801302  -1.445846770
   18   3.7500   0.1050   0.550000   1.9250   1.7000   0.001000000  -0.126889456
   19   2.9600   0.2100  -0.480000   1.5250   1.4250   0.001000000  -1.480495490
   20   3.2500   0.1700  -0.540000   1.8375   1.6250   0.005000000   0.000000000
   21   3.5000   0.0800   0.460000   2.0020   1.7750   0.023028004  -0.852763146
   22   3.2500   0.1700  -0.790000   1.8650   1.6500   0.051222218  -2.220205820
   23   0.5000   0.0300   0.370000   0.9960   0.8600   0.030040813  -0.651083722
   24   0.5000   0.0300   0.370000   0.9960   0.8600   0.030040813  -0.651083722
   25   3.5000   0.0800  -0.060000   2.0020   1.7750   0.023028004  -0.852763146
   26   2.5000   0.0500   0.100000   1.4250   1.2500   0.008598240   0.268726247
   27   3.5000   0.0800   0.100000   2.0020   1.7750   0.023028004  -0.852763146
   28   2.5000   0.0500   0.100000   1.4250   1.2500   0.008598240   0.268726247
BOND
    1     3   320.000  1.410
    1     2   553.000  0.945
    3     6   268.000  1.529
    3     4   340.000  1.090
    3     5   340.000  1.090
    6     8   320.000  1.410
    6     9   268.000  1.529
    6     7   340.000  1.090
    8    15   320.000  1.380
    9    10   320.000  1.410
    9    12   268.000  1.529
    9    11   340.000  1.090
   12    15   250.000  1.527
   12    13   340.000  1.090
   12    14   340.000  1.090
   15    17   275.000  1.479
   15    16   340.000  1.090
   17    18   418.000  1.388
   17    27   448.000  1.365
   18    19   570.000  1.229
   18    20   457.000  1.358
   20    21   585.000  1.311
   21    22   481.000  1.340
   21    25   427.000  1.433
   22    23   434.000  1.010
   22    24   434.000  1.010
   25    27   549.000  1.340
   25    26   340.000  1.080
   27    28   367.000  1.080
THET
    1     3     6    50.00000  109.50000
    1     3     4    35.00000  109.50000
    1     3     5    35.00000  109.50000
    3     6     8    50.00000  109.50000
    3     6     9    58.35000  112.70000
    3     6     7    37.50000  110.70000
    6     8    15    60.00000  109.50000
    6     9    10    50.00000  109.50000
    6     9    12    58.35000  112.70000
    6     9    11    37.50000  110.70000
    8    15    12    90.00000  108.56700
    8    15    17   105.00000  106.22000
    8    15    16    35.00000  109.50000
    9     6     8    50.00000  109.50000
    9    12    15    75.00000  109.43000
    9    12    13    37.50000  110.70000
    9    12    14    37.50000  110.70000
   12     9    10    50.00000  109.50000
   12    15    17    75.00000  107.44000
   12    15    16    45.00000  112.01100
   15    17    18    70.00000  117.60000
   15    17    27    70.00000  121.20000
   17    18    19    80.00000  120.60000
   17    18    20    70.00000  118.60000
   17    27    25    70.00000  121.20000
   17    27    28    35.00000  119.10000
   18    20    21    70.00000  123.15400
   20    18    19    80.00000  122.50000
   20    21    22    70.00000  119.30000
   20    21    25    70.00000  121.02800
   21    22    23    35.00000  120.00000
   21    22    24    35.00000  120.00000
   21    25    27    85.00000  117.00000
   21    25    26    35.00000  123.30000
   25    21    22    70.00000  120.10000
   25    27    28    35.00000  119.70000
   27    17    18    70.00000  121.60000
    4     3     6    37.50000  110.70000
    5     3     6    37.50000  110.70000
    5     3     4    33.00000  107.80000
    7     6     8    35.00000  109.50000
    7     6     9    37.50000  110.70000
   11     9    10    35.00000  109.50000
   11     9    12    37.50000  110.70000
   13    12    15    45.00000  108.72000
   14    12    15    45.00000  108.72000
   14    12    13    33.00000  107.80000
   16    15    17    55.00000  103.44000
   24    22    23    35.00000  120.00000
   26    25    27    35.00000  120.00000
    2     1     3    55.00000  108.50000
PHI
    1     3     6     8   3.69350  1.0 1.0
    1     3     6     8  -1.82950 -1.0 2.0
    1     3     6     9   0.86500  1.0 1.0
    1     3     6     9  -0.17500 -1.0 2.0
    1     3     6     9   0.20800  1.0 3.0
    1     3     6     7   0.23400  1.0 3.0
    3     6     8    15   0.06250  1.0 1.0
    3     6     8    15  -0.01100 -1.0 2.0
    3     6     8    15   0.28050  1.0 3.0
    3     6     9    10   0.62750  1.0 1.0
    3     6     9    10  -0.30950 -1.0 2.0
    3     6     9    10   0.27300  1.0 3.0
    3     6     9    12   0.56750  1.0 1.0
    3     6     9    12  -0.07550 -1.0 2.0
    3     6     9    12   0.20000  1.0 3.0
    3     6     9    11   0.15000  1.0 3.0
    6     8   -15    12   0.06250  1.0 1.0
    6     8   -15    12  -0.01100 -1.0 2.0
    6     8   -15    12   0.28050  1.0 3.0
    6     8    15    17  -2.37750  1.0 1.0
    6     8    15    17  -0.08150 -1.0 2.0
    6     8    15    17   0.59000  1.0 3.0
    6     8    15    16   0.37050  1.0 3.0
    6     9   -12    15   3.97050  1.0 1.0
    6     9    12    13   0.15000  1.0 3.0
    6     9    12    14   0.15000  1.0 3.0
    8     6     9    10   1.11900  1.0 1.0
    8     6     9    10  -1.16350 -1.0 2.0
    8     6     9    10  -0.34150  1.0 3.0
    8     6    -9    12   0.62750  1.0 1.0
    8     6    -9    12  -0.30950 -1.0 2.0
    8     6    -9    12   0.27300  1.0 3.0
    8     6     9    11   0.23400  1.0 3.0
    8    15    17    18  -2.75650  1.0 1.0
    8    15    17    18  -1.18150 -1.0 2.0
    8    15    17    18   0.81900  1.0 3.0
    8    15    17    27  -0.28000  1.0 1.0
    8    15    17    27  -1.16550 -1.0 2.0
    9     6    -8    15   0.06250  1.0 1.0
    9     6    -8    15  -0.01100 -1.0 2.0
    9     6    -8    15   0.28050  1.0 3.0
    9    12   -15     8   0.62750  1.0 1.0
    9    12   -15     8  -0.30950 -1.0 2.0
    9    12   -15     8   0.27300  1.0 3.0
    9    12    15    17  -0.27100  1.0 1.0
    9    12    15    17  -0.01700 -1.0 2.0
    9    12    15    17  -0.48600  1.0 3.0
    9    12    15    16   0.15000  1.0 3.0
   10     9    12    15   0.62750  1.0 1.0
   10     9    12    15  -0.30950 -1.0 2.0
   10     9    12    15   0.27300  1.0 3.0
   10     9    12    13   0.23400  1.0 3.0
   10     9    12    14   0.23400  1.0 3.0
   12    15    17    18  -0.43950  1.0 1.0
   12    15    17    18  -0.08100 -1.0 2.0
   12    15    17    18   0.03350  1.0 3.0
   12    15    17    27   2.08450  1.0 1.0
   12    15    17    27  -0.39300 -1.0 2.0
   12    15    17    27   0.23400  1.0 3.0
   15    17    18    19   3.04450 -1.0 2.0
   15    17    18    20   3.62500 -1.0 2.0
   15    17    27    25  -0.88150  1.0 1.0
   15    17    27    25   2.95600 -1.0 2.0
   15    17    27    28   1.88100 -1.0 2.0
   17    18   -20    21   3.62500 -1.0 2.0
   18    17   -27    25  -0.18900  1.0 1.0
   18    17   -27    25   1.70900 -1.0 2.0
   18    17    27    28   1.44600  1.0 1.0
   18    20    21    22   3.62500 -1.0 2.0
   18    20    21    25   3.62500 -1.0 2.0
   19    18    20    21   3.04450 -1.0 2.0
   20    21    22    23   0.70000 -1.0 2.0
   20    21    22    24   0.70000 -1.0 2.0
   20    21    25    27   7.00000 -1.0 2.0
   20    21    25    26   7.00000 -1.0 2.0
   21    25    27    17   7.00000 -1.0 2.0
   21    25    27    28   7.00000 -1.0 2.0
   22    21    25    27   7.00000 -1.0 2.0
   22    21    25    26   7.00000 -1.0 2.0
   25    21    22    23   0.70000 -1.0 2.0
   25    21    22    24   0.70000 -1.0 2.0
   27    17    18    19   2.67200 -1.0 2.0
   27    17   -18    20   3.62500 -1.0 2.0
    4     3     6     8   0.23400  1.0 3.0
    4     3     6     9   0.15000  1.0 3.0
    4     3     6     7   0.15000  1.0 3.0
    5     3     6     8   0.23400  1.0 3.0
    5     3     6     9   0.15000  1.0 3.0
    5     3     6     7   0.15000  1.0 3.0
    7     6     8    15   0.37050  1.0 3.0
    7     6     9    10   0.23400  1.0 3.0
    7     6     9    12   0.15000  1.0 3.0
    7     6     9    11   0.15000  1.0 3.0
   11     9    12    15   0.15000  1.0 3.0
   11     9    12    13   0.15000  1.0 3.0
   11     9    12    14   0.15000  1.0 3.0
   13    12    15     8   0.23400  1.0 3.0
   13    12    15    17   0.15000  1.0 3.0
   13    12    15    16   0.15000  1.0 3.0
   14    12    15     8   0.23400  1.0 3.0
   14    12    15    17   0.15000  1.0 3.0
   14    12    15    16   0.15000  1.0 3.0
   16    15    17    18   0.00000  1.0 1.0
   16    15    17    27   0.00000  1.0 1.0
   26    25    27    17   0.97550 -1.0 2.0
   26    25    27    28   7.00000 -1.0 2.0
    2     1     3     6  -0.11600  1.0 1.0
    2     1     3     6  -0.09450 -1.0 2.0
    2     1     3     6   0.21250  1.0 3.0
    2     1     3     4   0.19450  1.0 3.0
    2     1     3     5   0.19450  1.0 3.0
IPHI
   27    18    17    15   1.00000 -1.0 2.0
   17    20    18    19  10.50000 -1.0 2.0
   22    25    21    20  10.50000 -1.0 2.0
   24    21    22    23   1.00000 -1.0 2.0
   21    26    25    27   1.10000 -1.0 2.0
   17    28    27    25   1.10000 -1.0 2.0
END
